err_l2 = 0.00024480012715659595
steps = 1111
runtime_s = 0.5848908424377441
err_max = 0.0005604999502799579
mg_levels_used = 4
history_file = "history_nx32_ny32_nz32_M2_steps1111.txt"
res_l2 = 9.958861e-9
exact_plot = "exact_nx32_ny32_nz32.png"
error_plot = "error_nx32_ny32_nz32_M2_steps1111.png"

[mg_coarsest_grid]
nz = 4
nx = 4
ny = 4
