err_l2 = 0.00011115101352224304
steps = 53
runtime_s = 0.12291908264160156
err_max = 0.000570437122366596
history_file = "history_cg_nx64_ny64_nz64_steps53.txt"
exact_plot = "exact_nx64_ny64_nz64.png"
error_plot = "error_nx64_ny64_nz64_M10_steps53.png"
res_l2 = 8.532216e-09
