err_l2 = 0.0001111870894284351
steps = 5673
runtime_s = 6.5135178565979
err_max = 0.0005704447006159574
history_file = "history_sor_nx64_ny64_nz64_steps5673.txt"
exact_plot = "exact_nx64_ny64_nz64.png"
error_plot = "error_nx64_ny64_nz64_M10_steps5673.png"
res_l2 = 9.983442e-09
