# step err_l2 res_l2
0 2.462974e-01 1.000000e+00
1 2.227097e-01 4.062466e-01
2 2.151318e-01 1.473298e-01
3 2.087814e-01 9.861024e-02
4 2.036847e-01 7.255046e-02
5 1.992121e-01 6.035556e-02
6 1.952200e-01 5.170227e-02
7 1.915887e-01 4.550770e-02
8 1.882462e-01 4.075177e-02
9 1.851407e-01 3.698629e-02
10 1.822344e-01 3.391703e-02
11 1.794986e-01 3.136084e-02
12 1.769108e-01 2.919382e-02
13 1.744532e-01 2.733000e-02
14 1.721110e-01 2.570737e-02
15 1.698723e-01 2.428011e-02
16 1.677270e-01 2.301351e-02
17 1.656664e-01 2.188077e-02
18 1.636833e-01 2.086085e-02
19 1.617712e-01 1.993698e-02
20 1.599247e-01 1.909562e-02
21 1.581388e-01 1.832570e-02
22 1.564092e-01 1.761811e-02
23 1.547322e-01 1.696522e-02
24 1.531043e-01 1.636065e-02
25 1.515224e-01 1.579899e-02
26 1.499838e-01 1.527562e-02
27 1.484860e-01 1.478657e-02
28 1.470266e-01 1.432843e-02
29 1.456037e-01 1.389821e-02
30 1.442152e-01 1.349333e-02
31 1.428595e-01 1.311151e-02
32 1.415349e-01 1.275075e-02
33 1.402400e-01 1.240926e-02
34 1.389734e-01 1.208548e-02
35 1.377337e-01 1.177799e-02
36 1.365198e-01 1.148556e-02
37 1.353306e-01 1.120704e-02
38 1.341651e-01 1.094142e-02
39 1.330223e-01 1.068778e-02
40 1.319012e-01 1.044531e-02
41 1.308011e-01 1.021324e-02
42 1.297211e-01 9.990896e-03
43 1.286605e-01 9.777648e-03
44 1.276185e-01 9.572930e-03
45 1.265945e-01 9.376218e-03
46 1.255879e-01 9.187035e-03
47 1.245980e-01 9.004942e-03
48 1.236244e-01 8.829532e-03
49 1.226664e-01 8.660433e-03
50 1.217235e-01 8.497300e-03
51 1.207952e-01 8.339813e-03
52 1.198811e-01 8.187676e-03
53 1.189808e-01 8.040616e-03
54 1.180938e-01 7.898376e-03
55 1.172197e-01 7.760720e-03
56 1.163581e-01 7.627425e-03
57 1.155087e-01 7.498287e-03
58 1.146711e-01 7.373111e-03
59 1.138450e-01 7.251717e-03
60 1.130300e-01 7.133937e-03
61 1.122259e-01 7.019611e-03
62 1.114323e-01 6.908592e-03
63 1.106489e-01 6.800740e-03
64 1.098756e-01 6.695922e-03
65 1.091119e-01 6.594017e-03
66 1.083578e-01 6.494906e-03
67 1.076128e-01 6.398479e-03
68 1.068769e-01 6.304634e-03
69 1.061497e-01 6.213271e-03
70 1.054311e-01 6.124297e-03
71 1.047208e-01 6.037624e-03
72 1.040187e-01 5.953169e-03
73 1.033245e-01 5.870852e-03
74 1.026381e-01 5.790598e-03
75 1.019592e-01 5.712334e-03
76 1.012878e-01 5.635993e-03
77 1.006236e-01 5.561509e-03
78 9.996642e-02 5.488821e-03
79 9.931619e-02 5.417869e-03
80 9.867274e-02 5.348596e-03
81 9.803590e-02 5.280948e-03
82 9.740553e-02 5.214874e-03
83 9.678150e-02 5.150324e-03
84 9.616368e-02 5.087250e-03
85 9.555193e-02 5.025606e-03
86 9.494613e-02 4.965350e-03
87 9.434616e-02 4.906438e-03
88 9.375191e-02 4.848830e-03
89 9.316325e-02 4.792488e-03
90 9.258009e-02 4.737373e-03
91 9.200230e-02 4.683450e-03
92 9.142980e-02 4.630685e-03
93 9.086248e-02 4.579043e-03
94 9.030024e-02 4.528492e-03
95 8.974300e-02 4.479001e-03
96 8.919065e-02 4.430540e-03
97 8.864311e-02 4.383080e-03
98 8.810029e-02 4.336592e-03
99 8.756212e-02 4.291050e-03
100 8.702850e-02 4.246426e-03
101 8.649937e-02 4.202696e-03
102 8.597464e-02 4.159835e-03
103 8.545424e-02 4.117819e-03
104 8.493810e-02 4.076624e-03
105 8.442615e-02 4.036229e-03
106 8.391832e-02 3.996611e-03
107 8.341455e-02 3.957750e-03
108 8.291476e-02 3.919625e-03
109 8.241891e-02 3.882215e-03
110 8.192692e-02 3.845503e-03
111 8.143874e-02 3.809469e-03
112 8.095431e-02 3.774095e-03
113 8.047358e-02 3.739363e-03
114 7.999648e-02 3.705257e-03
115 7.952298e-02 3.671760e-03
116 7.905301e-02 3.638855e-03
117 7.858653e-02 3.606528e-03
118 7.812348e-02 3.574762e-03
119 7.766383e-02 3.543543e-03
120 7.720752e-02 3.512858e-03
121 7.675450e-02 3.482691e-03
122 7.630475e-02 3.453029e-03
123 7.585820e-02 3.423860e-03
124 7.541482e-02 3.395170e-03
125 7.497457e-02 3.366948e-03
126 7.453741e-02 3.339180e-03
127 7.410331e-02 3.311855e-03
128 7.367221e-02 3.284963e-03
129 7.324409e-02 3.258491e-03
130 7.281891e-02 3.232430e-03
131 7.239663e-02 3.206768e-03
132 7.197723e-02 3.181496e-03
133 7.156066e-02 3.156604e-03
134 7.114690e-02 3.132082e-03
135 7.073591e-02 3.107920e-03
136 7.032765e-02 3.084111e-03
137 6.992211e-02 3.060645e-03
138 6.951926e-02 3.037513e-03
139 6.911905e-02 3.014708e-03
140 6.872146e-02 2.992220e-03
141 6.832647e-02 2.970044e-03
142 6.793405e-02 2.948170e-03
143 6.754417e-02 2.926591e-03
144 6.715681e-02 2.905301e-03
145 6.677193e-02 2.884293e-03
146 6.638952e-02 2.863559e-03
147 6.600955e-02 2.843093e-03
148 6.563199e-02 2.822889e-03
149 6.525683e-02 2.802940e-03
150 6.488403e-02 2.783241e-03
151 6.451359e-02 2.763785e-03
152 6.414546e-02 2.744568e-03
153 6.377965e-02 2.725583e-03
154 6.341611e-02 2.706825e-03
155 6.305483e-02 2.688289e-03
156 6.269579e-02 2.669970e-03
157 6.233898e-02 2.651863e-03
158 6.198436e-02 2.633963e-03
159 6.163193e-02 2.616266e-03
160 6.128166e-02 2.598767e-03
161 6.093353e-02 2.581463e-03
162 6.058752e-02 2.564347e-03
163 6.024363e-02 2.547417e-03
164 5.990182e-02 2.530669e-03
165 5.956208e-02 2.514098e-03
166 5.922440e-02 2.497702e-03
167 5.888876e-02 2.481475e-03
168 5.855514e-02 2.465415e-03
169 5.822352e-02 2.449519e-03
170 5.789390e-02 2.433782e-03
171 5.756624e-02 2.418202e-03
172 5.724055e-02 2.402776e-03
173 5.691679e-02 2.387500e-03
174 5.659497e-02 2.372371e-03
175 5.627505e-02 2.357388e-03
176 5.595704e-02 2.342545e-03
177 5.564091e-02 2.327842e-03
178 5.532665e-02 2.313276e-03
179 5.501424e-02 2.298843e-03
180 5.470368e-02 2.284542e-03
181 5.439494e-02 2.270369e-03
182 5.408802e-02 2.256323e-03
183 5.378290e-02 2.242401e-03
184 5.347957e-02 2.228602e-03
185 5.317802e-02 2.214922e-03
186 5.287822e-02 2.201360e-03
187 5.258018e-02 2.187913e-03
188 5.228388e-02 2.174581e-03
189 5.198930e-02 2.161360e-03
190 5.169644e-02 2.148249e-03
191 5.140528e-02 2.135246e-03
192 5.111581e-02 2.122349e-03
193 5.082802e-02 2.109557e-03
194 5.054189e-02 2.096868e-03
195 5.025743e-02 2.084280e-03
196 4.997460e-02 2.071792e-03
197 4.969341e-02 2.059402e-03
198 4.941385e-02 2.047108e-03
199 4.913589e-02 2.034910e-03
200 4.885954e-02 2.022805e-03
201 4.858478e-02 2.010793e-03
202 4.831159e-02 1.998871e-03
203 4.803998e-02 1.987040e-03
204 4.776993e-02 1.975296e-03
205 4.750143e-02 1.963640e-03
206 4.723446e-02 1.952070e-03
207 4.696903e-02 1.940584e-03
208 4.670512e-02 1.929182e-03
209 4.644271e-02 1.917862e-03
210 4.618181e-02 1.906624e-03
211 4.592240e-02 1.895465e-03
212 4.566447e-02 1.884386e-03
213 4.540801e-02 1.873386e-03
214 4.515301e-02 1.862462e-03
215 4.489947e-02 1.851615e-03
216 4.464737e-02 1.840843e-03
217 4.439671e-02 1.830145e-03
218 4.414748e-02 1.819521e-03
219 4.389966e-02 1.808969e-03
220 4.365325e-02 1.798489e-03
221 4.340825e-02 1.788080e-03
222 4.316463e-02 1.777741e-03
223 4.292240e-02 1.767472e-03
224 4.268154e-02 1.757270e-03
225 4.244205e-02 1.747137e-03
226 4.220392e-02 1.737070e-03
227 4.196714e-02 1.727070e-03
228 4.173169e-02 1.717135e-03
229 4.149759e-02 1.707266e-03
230 4.126481e-02 1.697460e-03
231 4.103334e-02 1.687718e-03
232 4.080319e-02 1.678038e-03
233 4.057434e-02 1.668421e-03
234 4.034678e-02 1.658866e-03
235 4.012051e-02 1.649371e-03
236 3.989552e-02 1.639937e-03
237 3.967179e-02 1.630562e-03
238 3.944934e-02 1.621247e-03
239 3.922813e-02 1.611990e-03
240 3.900818e-02 1.602792e-03
241 3.878947e-02 1.593651e-03
242 3.857199e-02 1.584567e-03
243 3.835574e-02 1.575539e-03
244 3.814071e-02 1.566568e-03
245 3.792689e-02 1.557652e-03
246 3.771428e-02 1.548790e-03
247 3.750286e-02 1.539984e-03
248 3.729264e-02 1.531231e-03
249 3.708360e-02 1.522532e-03
250 3.687573e-02 1.513886e-03
251 3.666904e-02 1.505293e-03
252 3.646351e-02 1.496752e-03
253 3.625914e-02 1.488262e-03
254 3.605592e-02 1.479824e-03
255 3.585384e-02 1.471437e-03
256 3.565290e-02 1.463100e-03
257 3.545309e-02 1.454814e-03
258 3.525440e-02 1.446577e-03
259 3.505683e-02 1.438389e-03
260 3.486037e-02 1.430251e-03
261 3.466502e-02 1.422161e-03
262 3.447076e-02 1.414119e-03
263 3.427760e-02 1.406124e-03
264 3.408552e-02 1.398178e-03
265 3.389452e-02 1.390278e-03
266 3.370459e-02 1.382425e-03
267 3.351573e-02 1.374618e-03
268 3.332794e-02 1.366857e-03
269 3.314119e-02 1.359142e-03
270 3.295550e-02 1.351473e-03
271 3.277084e-02 1.343848e-03
272 3.258723e-02 1.336268e-03
273 3.240464e-02 1.328733e-03
274 3.222308e-02 1.321241e-03
275 3.204254e-02 1.313793e-03
276 3.186301e-02 1.306389e-03
277 3.168449e-02 1.299027e-03
278 3.150698e-02 1.291709e-03
279 3.133045e-02 1.284433e-03
280 3.115492e-02 1.277199e-03
281 3.098037e-02 1.270008e-03
282 3.080681e-02 1.262857e-03
283 3.063421e-02 1.255749e-03
284 3.046259e-02 1.248681e-03
285 3.029192e-02 1.241654e-03
286 3.012222e-02 1.234668e-03
287 2.995346e-02 1.227722e-03
288 2.978565e-02 1.220816e-03
289 2.961879e-02 1.213949e-03
290 2.945286e-02 1.207123e-03
291 2.928785e-02 1.200335e-03
292 2.912378e-02 1.193586e-03
293 2.896062e-02 1.186876e-03
294 2.879838e-02 1.180205e-03
295 2.863705e-02 1.173572e-03
296 2.847662e-02 1.166976e-03
297 2.831709e-02 1.160419e-03
298 2.815846e-02 1.153899e-03
299 2.800071e-02 1.147416e-03
300 2.784385e-02 1.140970e-03
301 2.768787e-02 1.134561e-03
302 2.753276e-02 1.128189e-03
303 2.737853e-02 1.121852e-03
304 2.722515e-02 1.115552e-03
305 2.707264e-02 1.109288e-03
306 2.692098e-02 1.103060e-03
307 2.677017e-02 1.096866e-03
308 2.662020e-02 1.090708e-03
309 2.647108e-02 1.084585e-03
310 2.632279e-02 1.078497e-03
311 2.617533e-02 1.072444e-03
312 2.602870e-02 1.066424e-03
313 2.588289e-02 1.060439e-03
314 2.573790e-02 1.054488e-03
315 2.559372e-02 1.048570e-03
316 2.545034e-02 1.042686e-03
317 2.530777e-02 1.036836e-03
318 2.516600e-02 1.031018e-03
319 2.502502e-02 1.025234e-03
320 2.488484e-02 1.019482e-03
321 2.474544e-02 1.013762e-03
322 2.460682e-02 1.008075e-03
323 2.446897e-02 1.002420e-03
324 2.433190e-02 9.967972e-04
325 2.419559e-02 9.912060e-04
326 2.406005e-02 9.856464e-04
327 2.392527e-02 9.801181e-04
328 2.379125e-02 9.746210e-04
329 2.365797e-02 9.691549e-04
330 2.352544e-02 9.637197e-04
331 2.339365e-02 9.583150e-04
332 2.326261e-02 9.529409e-04
333 2.313229e-02 9.475971e-04
334 2.300271e-02 9.422833e-04
335 2.287385e-02 9.369995e-04
336 2.274571e-02 9.317454e-04
337 2.261829e-02 9.265210e-04
338 2.249159e-02 9.213259e-04
339 2.236559e-02 9.161601e-04
340 2.224030e-02 9.110234e-04
341 2.211571e-02 9.059155e-04
342 2.199182e-02 9.008364e-04
343 2.186863e-02 8.957858e-04
344 2.174612e-02 8.907637e-04
345 2.162430e-02 8.857698e-04
346 2.150317e-02 8.808040e-04
347 2.138271e-02 8.758660e-04
348 2.126292e-02 8.709559e-04
349 2.114381e-02 8.660733e-04
350 2.102536e-02 8.612181e-04
351 2.090758e-02 8.563902e-04
352 2.079046e-02 8.515895e-04
353 2.067399e-02 8.468157e-04
354 2.055818e-02 8.420687e-04
355 2.044301e-02 8.373484e-04
356 2.032849e-02 8.326545e-04
357 2.021461e-02 8.279870e-04
358 2.010137e-02 8.233457e-04
359 1.998877e-02 8.187305e-04
360 1.987679e-02 8.141412e-04
361 1.976544e-02 8.095776e-04
362 1.965472e-02 8.050396e-04
363 1.954461e-02 8.005270e-04
364 1.943512e-02 7.960398e-04
365 1.932625e-02 7.915778e-04
366 1.921799e-02 7.871408e-04
367 1.911033e-02 7.827286e-04
368 1.900327e-02 7.783412e-04
369 1.889682e-02 7.739784e-04
370 1.879096e-02 7.696401e-04
371 1.868569e-02 7.653261e-04
372 1.858102e-02 7.610363e-04
373 1.847693e-02 7.567705e-04
374 1.837342e-02 7.525286e-04
375 1.827050e-02 7.483105e-04
376 1.816815e-02 7.441161e-04
377 1.806637e-02 7.399451e-04
378 1.796516e-02 7.357976e-04
379 1.786452e-02 7.316732e-04
380 1.776445e-02 7.275720e-04
381 1.766493e-02 7.234938e-04
382 1.756598e-02 7.194384e-04
383 1.746758e-02 7.154057e-04
384 1.736972e-02 7.113957e-04
385 1.727242e-02 7.074081e-04
386 1.717566e-02 7.034428e-04
387 1.707945e-02 6.994997e-04
388 1.698377e-02 6.955788e-04
389 1.688863e-02 6.916798e-04
390 1.679402e-02 6.878026e-04
391 1.669995e-02 6.839471e-04
392 1.660640e-02 6.801133e-04
393 1.651337e-02 6.763009e-04
394 1.642087e-02 6.725099e-04
395 1.632888e-02 6.687401e-04
396 1.623741e-02 6.649914e-04
397 1.614645e-02 6.612637e-04
398 1.605600e-02 6.575568e-04
399 1.596606e-02 6.538708e-04
400 1.587662e-02 6.502053e-04
401 1.578769e-02 6.465604e-04
402 1.569925e-02 6.429359e-04
403 1.561131e-02 6.393317e-04
404 1.552386e-02 6.357477e-04
405 1.543690e-02 6.321837e-04
406 1.535043e-02 6.286397e-04
407 1.526444e-02 6.251156e-04
408 1.517893e-02 6.216111e-04
409 1.509391e-02 6.181263e-04
410 1.500936e-02 6.146610e-04
411 1.492528e-02 6.112151e-04
412 1.484168e-02 6.077885e-04
413 1.475854e-02 6.043811e-04
414 1.467587e-02 6.009927e-04
415 1.459366e-02 5.976233e-04
416 1.451192e-02 5.942728e-04
417 1.443063e-02 5.909411e-04
418 1.434980e-02 5.876280e-04
419 1.426942e-02 5.843334e-04
420 1.418949e-02 5.810573e-04
421 1.411001e-02 5.777995e-04
422 1.403097e-02 5.745599e-04
423 1.395238e-02 5.713385e-04
424 1.387423e-02 5.681351e-04
425 1.379652e-02 5.649497e-04
426 1.371924e-02 5.617821e-04
427 1.364240e-02 5.586322e-04
428 1.356598e-02 5.554999e-04
429 1.349000e-02 5.523852e-04
430 1.341444e-02 5.492879e-04
431 1.333930e-02 5.462080e-04
432 1.326459e-02 5.431453e-04
433 1.319029e-02 5.400997e-04
434 1.311641e-02 5.370712e-04
435 1.304295e-02 5.340597e-04
436 1.296990e-02 5.310650e-04
437 1.289725e-02 5.280870e-04
438 1.282502e-02 5.251257e-04
439 1.275319e-02 5.221811e-04
440 1.268176e-02 5.192528e-04
441 1.261073e-02 5.163410e-04
442 1.254010e-02 5.134455e-04
443 1.246987e-02 5.105662e-04
444 1.240003e-02 5.077030e-04
445 1.233058e-02 5.048559e-04
446 1.226152e-02 5.020246e-04
447 1.219285e-02 4.992093e-04
448 1.212456e-02 4.964097e-04
449 1.205666e-02 4.936257e-04
450 1.198914e-02 4.908574e-04
451 1.192199e-02 4.881045e-04
452 1.185522e-02 4.853671e-04
453 1.178883e-02 4.826449e-04
454 1.172281e-02 4.799381e-04
455 1.165716e-02 4.772463e-04
456 1.159188e-02 4.745697e-04
457 1.152696e-02 4.719080e-04
458 1.146241e-02 4.692612e-04
459 1.139822e-02 4.666293e-04
460 1.133439e-02 4.640120e-04
461 1.127092e-02 4.614095e-04
462 1.120780e-02 4.588215e-04
463 1.114504e-02 4.562480e-04
464 1.108263e-02 4.536889e-04
465 1.102057e-02 4.511441e-04
466 1.095885e-02 4.486136e-04
467 1.089749e-02 4.460972e-04
468 1.083647e-02 4.435949e-04
469 1.077579e-02 4.411067e-04
470 1.071545e-02 4.386324e-04
471 1.065545e-02 4.361719e-04
472 1.059578e-02 4.337252e-04
473 1.053645e-02 4.312922e-04
474 1.047746e-02 4.288728e-04
475 1.041879e-02 4.264670e-04
476 1.036045e-02 4.240747e-04
477 1.030245e-02 4.216957e-04
478 1.024476e-02 4.193301e-04
479 1.018740e-02 4.169777e-04
480 1.013036e-02 4.146384e-04
481 1.007364e-02 4.123123e-04
482 1.001724e-02 4.099992e-04
483 9.961159e-03 4.076991e-04
484 9.905390e-03 4.054118e-04
485 9.849933e-03 4.031374e-04
486 9.794788e-03 4.008757e-04
487 9.739952e-03 3.986266e-04
488 9.685423e-03 3.963902e-04
489 9.631201e-03 3.941662e-04
490 9.577282e-03 3.919548e-04
491 9.523667e-03 3.897557e-04
492 9.470352e-03 3.875689e-04
493 9.417336e-03 3.853944e-04
494 9.364617e-03 3.832320e-04
495 9.312195e-03 3.810818e-04
496 9.260067e-03 3.789436e-04
497 9.208231e-03 3.768174e-04
498 9.156686e-03 3.747031e-04
499 9.105430e-03 3.726006e-04
500 9.054462e-03 3.705099e-04
501 9.003779e-03 3.684310e-04
502 8.953381e-03 3.663636e-04
503 8.903266e-03 3.643079e-04
504 8.853433e-03 3.622636e-04
505 8.803878e-03 3.602308e-04
506 8.754602e-03 3.582094e-04
507 8.705603e-03 3.561994e-04
508 8.656878e-03 3.542005e-04
509 8.608427e-03 3.522129e-04
510 8.560248e-03 3.502364e-04
511 8.512339e-03 3.482710e-04
512 8.464699e-03 3.463166e-04
513 8.417326e-03 3.443731e-04
514 8.370220e-03 3.424406e-04
515 8.323377e-03 3.405188e-04
516 8.276798e-03 3.386079e-04
517 8.230480e-03 3.367076e-04
518 8.184422e-03 3.348180e-04
519 8.138622e-03 3.329389e-04
520 8.093080e-03 3.310704e-04
521 8.047793e-03 3.292124e-04
522 8.002760e-03 3.273647e-04
523 7.957980e-03 3.255275e-04
524 7.913451e-03 3.237005e-04
525 7.869173e-03 3.218837e-04
526 7.825142e-03 3.200772e-04
527 7.781359e-03 3.182807e-04
528 7.737822e-03 3.164943e-04
529 7.694529e-03 3.147180e-04
530 7.651480e-03 3.129515e-04
531 7.608671e-03 3.111950e-04
532 7.566103e-03 3.094483e-04
533 7.523775e-03 3.077115e-04
534 7.481683e-03 3.059843e-04
535 7.439828e-03 3.042668e-04
536 7.398208e-03 3.025590e-04
537 7.356822e-03 3.008607e-04
538 7.315668e-03 2.991719e-04
539 7.274745e-03 2.974926e-04
540 7.234051e-03 2.958227e-04
541 7.193587e-03 2.941622e-04
542 7.153349e-03 2.925110e-04
543 7.113337e-03 2.908690e-04
544 7.073550e-03 2.892362e-04
545 7.033986e-03 2.876126e-04
546 6.994645e-03 2.859981e-04
547 6.955524e-03 2.843926e-04
548 6.916623e-03 2.827962e-04
549 6.877940e-03 2.812086e-04
550 6.839475e-03 2.796300e-04
551 6.801225e-03 2.780602e-04
552 6.763191e-03 2.764993e-04
553 6.725370e-03 2.749470e-04
554 6.687761e-03 2.734035e-04
555 6.650363e-03 2.718686e-04
556 6.613175e-03 2.703423e-04
557 6.576197e-03 2.688246e-04
558 6.539425e-03 2.673154e-04
559 6.502861e-03 2.658147e-04
560 6.466501e-03 2.643223e-04
561 6.430346e-03 2.628384e-04
562 6.394394e-03 2.613627e-04
563 6.358644e-03 2.598953e-04
564 6.323094e-03 2.584362e-04
565 6.287744e-03 2.569852e-04
566 6.252593e-03 2.555424e-04
567 6.217639e-03 2.541076e-04
568 6.182882e-03 2.526809e-04
569 6.148319e-03 2.512622e-04
570 6.113951e-03 2.498515e-04
571 6.079775e-03 2.484486e-04
572 6.045792e-03 2.470536e-04
573 6.011999e-03 2.456665e-04
574 5.978397e-03 2.442871e-04
575 5.944983e-03 2.429155e-04
576 5.911756e-03 2.415515e-04
577 5.878717e-03 2.401952e-04
578 5.845863e-03 2.388465e-04
579 5.813193e-03 2.375054e-04
580 5.780707e-03 2.361717e-04
581 5.748403e-03 2.348456e-04
582 5.716281e-03 2.335269e-04
583 5.684339e-03 2.322156e-04
584 5.652577e-03 2.309116e-04
585 5.620993e-03 2.296150e-04
586 5.589586e-03 2.283256e-04
587 5.558356e-03 2.270435e-04
588 5.527301e-03 2.257685e-04
589 5.496421e-03 2.245007e-04
590 5.465714e-03 2.232400e-04
591 5.435180e-03 2.219864e-04
592 5.404817e-03 2.207398e-04
593 5.374625e-03 2.195002e-04
594 5.344603e-03 2.182675e-04
595 5.314749e-03 2.170418e-04
596 5.285062e-03 2.158229e-04
597 5.255543e-03 2.146109e-04
598 5.226189e-03 2.134057e-04
599 5.197001e-03 2.122072e-04
600 5.167976e-03 2.110155e-04
601 5.139114e-03 2.098304e-04
602 5.110415e-03 2.086520e-04
603 5.081877e-03 2.074802e-04
604 5.053499e-03 2.063149e-04
605 5.025280e-03 2.051562e-04
606 4.997220e-03 2.040040e-04
607 4.969318e-03 2.028583e-04
608 4.941573e-03 2.017190e-04
609 4.913983e-03 2.005861e-04
610 4.886549e-03 1.994595e-04
611 4.859268e-03 1.983393e-04
612 4.832141e-03 1.972253e-04
613 4.805166e-03 1.961176e-04
614 4.778343e-03 1.950161e-04
615 4.751671e-03 1.939208e-04
616 4.725148e-03 1.928316e-04
617 4.698775e-03 1.917486e-04
618 4.672549e-03 1.906716e-04
619 4.646472e-03 1.896006e-04
620 4.620540e-03 1.885357e-04
621 4.594755e-03 1.874767e-04
622 4.569114e-03 1.864237e-04
623 4.543617e-03 1.853766e-04
624 4.518264e-03 1.843353e-04
625 4.493053e-03 1.832999e-04
626 4.467984e-03 1.822704e-04
627 4.443055e-03 1.812465e-04
628 4.418267e-03 1.802285e-04
629 4.393618e-03 1.792161e-04
630 4.369108e-03 1.782094e-04
631 4.344735e-03 1.772084e-04
632 4.320500e-03 1.762130e-04
633 4.296400e-03 1.752232e-04
634 4.272437e-03 1.742389e-04
635 4.248607e-03 1.732602e-04
636 4.224912e-03 1.722869e-04
637 4.201350e-03 1.713191e-04
638 4.177920e-03 1.703567e-04
639 4.154622e-03 1.693998e-04
640 4.131455e-03 1.684482e-04
641 4.108418e-03 1.675019e-04
642 4.085511e-03 1.665610e-04
643 4.062732e-03 1.656253e-04
644 4.040082e-03 1.646949e-04
645 4.017559e-03 1.637697e-04
646 3.995162e-03 1.628497e-04
647 3.972892e-03 1.619348e-04
648 3.950746e-03 1.610251e-04
649 3.928725e-03 1.601205e-04
650 3.906828e-03 1.592210e-04
651 3.885054e-03 1.583265e-04
652 3.863402e-03 1.574371e-04
653 3.841872e-03 1.565526e-04
654 3.820464e-03 1.556731e-04
655 3.799175e-03 1.547986e-04
656 3.778006e-03 1.539289e-04
657 3.756956e-03 1.530641e-04
658 3.736025e-03 1.522042e-04
659 3.715211e-03 1.513491e-04
660 3.694514e-03 1.504988e-04
661 3.673934e-03 1.496533e-04
662 3.653469e-03 1.488125e-04
663 3.633120e-03 1.479764e-04
664 3.612885e-03 1.471451e-04
665 3.592763e-03 1.463184e-04
666 3.572755e-03 1.454963e-04
667 3.552859e-03 1.446789e-04
668 3.533076e-03 1.438660e-04
669 3.513403e-03 1.430577e-04
670 3.493841e-03 1.422540e-04
671 3.474389e-03 1.414547e-04
672 3.455047e-03 1.406600e-04
673 3.435813e-03 1.398697e-04
674 3.416687e-03 1.390838e-04
675 3.397669e-03 1.383023e-04
676 3.378758e-03 1.375253e-04
677 3.359953e-03 1.367526e-04
678 3.341254e-03 1.359842e-04
679 3.322661e-03 1.352202e-04
680 3.304171e-03 1.344604e-04
681 3.285786e-03 1.337049e-04
682 3.267504e-03 1.329536e-04
683 3.249325e-03 1.322066e-04
684 3.231248e-03 1.314637e-04
685 3.213273e-03 1.307251e-04
686 3.195399e-03 1.299905e-04
687 3.177626e-03 1.292601e-04
688 3.159953e-03 1.285338e-04
689 3.142379e-03 1.278116e-04
690 3.124903e-03 1.270934e-04
691 3.107527e-03 1.263793e-04
692 3.090248e-03 1.256692e-04
693 3.073066e-03 1.249630e-04
694 3.055980e-03 1.242608e-04
695 3.038991e-03 1.235626e-04
696 3.022098e-03 1.228683e-04
697 3.005299e-03 1.221779e-04
698 2.988595e-03 1.214913e-04
699 2.971985e-03 1.208086e-04
700 2.955469e-03 1.201298e-04
701 2.939045e-03 1.194547e-04
702 2.922714e-03 1.187835e-04
703 2.906475e-03 1.181160e-04
704 2.890327e-03 1.174523e-04
705 2.874270e-03 1.167923e-04
706 2.858303e-03 1.161360e-04
707 2.842426e-03 1.154833e-04
708 2.826639e-03 1.148344e-04
709 2.810940e-03 1.141891e-04
710 2.795330e-03 1.135474e-04
711 2.779807e-03 1.129093e-04
712 2.764372e-03 1.122748e-04
713 2.749024e-03 1.116439e-04
714 2.733762e-03 1.110165e-04
715 2.718586e-03 1.103926e-04
716 2.703495e-03 1.097722e-04
717 2.688490e-03 1.091553e-04
718 2.673568e-03 1.085419e-04
719 2.658731e-03 1.079320e-04
720 2.643977e-03 1.073254e-04
721 2.629307e-03 1.067223e-04
722 2.614719e-03 1.061225e-04
723 2.600213e-03 1.055261e-04
724 2.585788e-03 1.049331e-04
725 2.571445e-03 1.043434e-04
726 2.557183e-03 1.037570e-04
727 2.543001e-03 1.031739e-04
728 2.528899e-03 1.025940e-04
729 2.514876e-03 1.020175e-04
730 2.500932e-03 1.014441e-04
731 2.487067e-03 1.008740e-04
732 2.473279e-03 1.003071e-04
733 2.459570e-03 9.974336e-05
734 2.445937e-03 9.918279e-05
735 2.432381e-03 9.862538e-05
736 2.418902e-03 9.807109e-05
737 2.405499e-03 9.751992e-05
738 2.392171e-03 9.697184e-05
739 2.378918e-03 9.642685e-05
740 2.365739e-03 9.588491e-05
741 2.352635e-03 9.534601e-05
742 2.339605e-03 9.481015e-05
743 2.326648e-03 9.427729e-05
744 2.313764e-03 9.374743e-05
745 2.300952e-03 9.322054e-05
746 2.288213e-03 9.269661e-05
747 2.275546e-03 9.217562e-05
748 2.262950e-03 9.165756e-05
749 2.250424e-03 9.114241e-05
750 2.237970e-03 9.063015e-05
751 2.225585e-03 9.012077e-05
752 2.213270e-03 8.961426e-05
753 2.201025e-03 8.911058e-05
754 2.188849e-03 8.860974e-05
755 2.176741e-03 8.811171e-05
756 2.164701e-03 8.761647e-05
757 2.152730e-03 8.712402e-05
758 2.140825e-03 8.663434e-05
759 2.128988e-03 8.614740e-05
760 2.117218e-03 8.566320e-05
761 2.105514e-03 8.518172e-05
762 2.093875e-03 8.470295e-05
763 2.082303e-03 8.422686e-05
764 2.070795e-03 8.375345e-05
765 2.059353e-03 8.328270e-05
766 2.047975e-03 8.281459e-05
767 2.036661e-03 8.234911e-05
768 2.025410e-03 8.188625e-05
769 2.014224e-03 8.142598e-05
770 2.003100e-03 8.096831e-05
771 1.992039e-03 8.051320e-05
772 1.981040e-03 8.006065e-05
773 1.970103e-03 7.961064e-05
774 1.959228e-03 7.916316e-05
775 1.948415e-03 7.871820e-05
776 1.937662e-03 7.827573e-05
777 1.926970e-03 7.783575e-05
778 1.916338e-03 7.739824e-05
779 1.905766e-03 7.696319e-05
780 1.895253e-03 7.653058e-05
781 1.884800e-03 7.610040e-05
782 1.874406e-03 7.567264e-05
783 1.864071e-03 7.524729e-05
784 1.853794e-03 7.482432e-05
785 1.843574e-03 7.440373e-05
786 1.833413e-03 7.398550e-05
787 1.823308e-03 7.356962e-05
788 1.813261e-03 7.315608e-05
789 1.803270e-03 7.274486e-05
790 1.793336e-03 7.233595e-05
791 1.783458e-03 7.192934e-05
792 1.773635e-03 7.152502e-05
793 1.763868e-03 7.112296e-05
794 1.754156e-03 7.072317e-05
795 1.744499e-03 7.032562e-05
796 1.734896e-03 6.993030e-05
797 1.725348e-03 6.953721e-05
798 1.715853e-03 6.914632e-05
799 1.706412e-03 6.875763e-05
800 1.697024e-03 6.837112e-05
801 1.687689e-03 6.798679e-05
802 1.678407e-03 6.760461e-05
803 1.669177e-03 6.722458e-05
804 1.659999e-03 6.684669e-05
805 1.650873e-03 6.647092e-05
806 1.641799e-03 6.609726e-05
807 1.632776e-03 6.572570e-05
808 1.623804e-03 6.535623e-05
809 1.614882e-03 6.498884e-05
810 1.606011e-03 6.462351e-05
811 1.597190e-03 6.426023e-05
812 1.588418e-03 6.389899e-05
813 1.579696e-03 6.353979e-05
814 1.571024e-03 6.318260e-05
815 1.562400e-03 6.282742e-05
816 1.553825e-03 6.247423e-05
817 1.545299e-03 6.212303e-05
818 1.536821e-03 6.177380e-05
819 1.528390e-03 6.142653e-05
820 1.520007e-03 6.108122e-05
821 1.511672e-03 6.073785e-05
822 1.503384e-03 6.039640e-05
823 1.495142e-03 6.005688e-05
824 1.486947e-03 5.971926e-05
825 1.478798e-03 5.938354e-05
826 1.470696e-03 5.904970e-05
827 1.462639e-03 5.871774e-05
828 1.454628e-03 5.838765e-05
829 1.446662e-03 5.805941e-05
830 1.438741e-03 5.773302e-05
831 1.430864e-03 5.740846e-05
832 1.423033e-03 5.708572e-05
833 1.415245e-03 5.676480e-05
834 1.407502e-03 5.644568e-05
835 1.399802e-03 5.612836e-05
836 1.392146e-03 5.581281e-05
837 1.384533e-03 5.549905e-05
838 1.376963e-03 5.518704e-05
839 1.369436e-03 5.487679e-05
840 1.361952e-03 5.456828e-05
841 1.354510e-03 5.426150e-05
842 1.347110e-03 5.395645e-05
843 1.339752e-03 5.365311e-05
844 1.332435e-03 5.335148e-05
845 1.325160e-03 5.305155e-05
846 1.317926e-03 5.275329e-05
847 1.310733e-03 5.245672e-05
848 1.303581e-03 5.216181e-05
849 1.296469e-03 5.186856e-05
850 1.289398e-03 5.157695e-05
851 1.282366e-03 5.128699e-05
852 1.275374e-03 5.099865e-05
853 1.268422e-03 5.071194e-05
854 1.261509e-03 5.042684e-05
855 1.254635e-03 5.014333e-05
856 1.247801e-03 4.986143e-05
857 1.241005e-03 4.958110e-05
858 1.234247e-03 4.930236e-05
859 1.227528e-03 4.902517e-05
860 1.220846e-03 4.874955e-05
861 1.214203e-03 4.847548e-05
862 1.207597e-03 4.820294e-05
863 1.201029e-03 4.793194e-05
864 1.194498e-03 4.766246e-05
865 1.188003e-03 4.739449e-05
866 1.181546e-03 4.712803e-05
867 1.175125e-03 4.686307e-05
868 1.168741e-03 4.659960e-05
869 1.162393e-03 4.633761e-05
870 1.156080e-03 4.607709e-05
871 1.149804e-03 4.581803e-05
872 1.143563e-03 4.556044e-05
873 1.137358e-03 4.530428e-05
874 1.131187e-03 4.504957e-05
875 1.125052e-03 4.479629e-05
876 1.118952e-03 4.454444e-05
877 1.112886e-03 4.429400e-05
878 1.106854e-03 4.404496e-05
879 1.100857e-03 4.379733e-05
880 1.094894e-03 4.355109e-05
881 1.088964e-03 4.330623e-05
882 1.083069e-03 4.306275e-05
883 1.077206e-03 4.282064e-05
884 1.071377e-03 4.257988e-05
885 1.065582e-03 4.234048e-05
886 1.059819e-03 4.210243e-05
887 1.054088e-03 4.186572e-05
888 1.048391e-03 4.163033e-05
889 1.042725e-03 4.139627e-05
890 1.037092e-03 4.116352e-05
891 1.031491e-03 4.093208e-05
892 1.025921e-03 4.070195e-05
893 1.020384e-03 4.047310e-05
894 1.014877e-03 4.024555e-05
895 1.009402e-03 4.001927e-05
896 1.003958e-03 3.979426e-05
897 9.985455e-04 3.957052e-05
898 9.931633e-04 3.934803e-05
899 9.878118e-04 3.912680e-05
900 9.824906e-04 3.890681e-05
901 9.771998e-04 3.868806e-05
902 9.719390e-04 3.847053e-05
903 9.667082e-04 3.825423e-05
904 9.615071e-04 3.803915e-05
905 9.563356e-04 3.782527e-05
906 9.511935e-04 3.761260e-05
907 9.460807e-04 3.740112e-05
908 9.409970e-04 3.719083e-05
909 9.359422e-04 3.698172e-05
910 9.309162e-04 3.677379e-05
911 9.259189e-04 3.656702e-05
912 9.209500e-04 3.636142e-05
913 9.160094e-04 3.615697e-05
914 9.110969e-04 3.595368e-05
915 9.062124e-04 3.575152e-05
916 9.013558e-04 3.555051e-05
917 8.965269e-04 3.535062e-05
918 8.917254e-04 3.515185e-05
919 8.869514e-04 3.495421e-05
920 8.822045e-04 3.475767e-05
921 8.774847e-04 3.456224e-05
922 8.727919e-04 3.436791e-05
923 8.681258e-04 3.417467e-05
924 8.634863e-04 3.398251e-05
925 8.588733e-04 3.379144e-05
926 8.542866e-04 3.360144e-05
927 8.497261e-04 3.341251e-05
928 8.451917e-04 3.322464e-05
929 8.406831e-04 3.303783e-05
930 8.362003e-04 3.285206e-05
931 8.317430e-04 3.266734e-05
932 8.273113e-04 3.248366e-05
933 8.229048e-04 3.230102e-05
934 8.185236e-04 3.211939e-05
935 8.141673e-04 3.193879e-05
936 8.098360e-04 3.175921e-05
937 8.055294e-04 3.158063e-05
938 8.012475e-04 3.140306e-05
939 7.969900e-04 3.122649e-05
940 7.927569e-04 3.105091e-05
941 7.885480e-04 3.087631e-05
942 7.843632e-04 3.070270e-05
943 7.802024e-04 3.053006e-05
944 7.760654e-04 3.035840e-05
945 7.719520e-04 3.018770e-05
946 7.678622e-04 3.001796e-05
947 7.637958e-04 2.984917e-05
948 7.597528e-04 2.968133e-05
949 7.557329e-04 2.951444e-05
950 7.517360e-04 2.934848e-05
951 7.477620e-04 2.918346e-05
952 7.438108e-04 2.901936e-05
953 7.398823e-04 2.885619e-05
954 7.359763e-04 2.869393e-05
955 7.320927e-04 2.853259e-05
956 7.282314e-04 2.837215e-05
957 7.243923e-04 2.821262e-05
958 7.205752e-04 2.805398e-05
959 7.167800e-04 2.789623e-05
960 7.130066e-04 2.773937e-05
961 7.092549e-04 2.758340e-05
962 7.055247e-04 2.742829e-05
963 7.018160e-04 2.727407e-05
964 6.981285e-04 2.712070e-05
965 6.944623e-04 2.696820e-05
966 6.908172e-04 2.681656e-05
967 6.871930e-04 2.666577e-05
968 6.835897e-04 2.651583e-05
969 6.800071e-04 2.636673e-05
970 6.764451e-04 2.621847e-05
971 6.729037e-04 2.607104e-05
972 6.693826e-04 2.592445e-05
973 6.658818e-04 2.577867e-05
974 6.624012e-04 2.563372e-05
975 6.589406e-04 2.548958e-05
976 6.555000e-04 2.534625e-05
977 6.520792e-04 2.520372e-05
978 6.486782e-04 2.506200e-05
979 6.452967e-04 2.492108e-05
980 6.419348e-04 2.478094e-05
981 6.385923e-04 2.464160e-05
982 6.352691e-04 2.450304e-05
983 6.319650e-04 2.436525e-05
984 6.286801e-04 2.422825e-05
985 6.254141e-04 2.409201e-05
986 6.221670e-04 2.395653e-05
987 6.189387e-04 2.382182e-05
988 6.157290e-04 2.368787e-05
989 6.125379e-04 2.355467e-05
990 6.093653e-04 2.342222e-05
991 6.062110e-04 2.329051e-05
992 6.030750e-04 2.315955e-05
993 5.999572e-04 2.302932e-05
994 5.968574e-04 2.289982e-05
995 5.937756e-04 2.277105e-05
996 5.907116e-04 2.264301e-05
997 5.876654e-04 2.251568e-05
998 5.846369e-04 2.238907e-05
999 5.816259e-04 2.226317e-05
1000 5.786324e-04 2.213798e-05
1001 5.756563e-04 2.201350e-05
1002 5.726974e-04 2.188971e-05
1003 5.697558e-04 2.176662e-05
1004 5.668312e-04 2.164422e-05
1005 5.639236e-04 2.152251e-05
1006 5.610330e-04 2.140148e-05
1007 5.581591e-04 2.128114e-05
1008 5.553020e-04 2.116147e-05
1009 5.524615e-04 2.104247e-05
1010 5.496375e-04 2.092415e-05
1011 5.468300e-04 2.080649e-05
1012 5.440389e-04 2.068949e-05
1013 5.412640e-04 2.057314e-05
1014 5.385053e-04 2.045746e-05
1015 5.357626e-04 2.034242e-05
1016 5.330360e-04 2.022803e-05
1017 5.303253e-04 2.011428e-05
1018 5.276304e-04 2.000117e-05
1019 5.249512e-04 1.988870e-05
1020 5.222878e-04 1.977686e-05
1021 5.196398e-04 1.966565e-05
1022 5.170074e-04 1.955506e-05
1023 5.143903e-04 1.944510e-05
1024 5.117886e-04 1.933575e-05
1025 5.092021e-04 1.922702e-05
1026 5.066307e-04 1.911890e-05
1027 5.040744e-04 1.901139e-05
1028 5.015331e-04 1.890448e-05
1029 4.990067e-04 1.879818e-05
1030 4.964951e-04 1.869247e-05
1031 4.939982e-04 1.858735e-05
1032 4.915160e-04 1.848283e-05
1033 4.890484e-04 1.837889e-05
1034 4.865953e-04 1.827554e-05
1035 4.841566e-04 1.817277e-05
1036 4.817322e-04 1.807058e-05
1037 4.793221e-04 1.796896e-05
1038 4.769261e-04 1.786792e-05
1039 4.745443e-04 1.776744e-05
1040 4.721765e-04 1.766753e-05
1041 4.698227e-04 1.756818e-05
1042 4.674827e-04 1.746938e-05
1043 4.651565e-04 1.737115e-05
1044 4.628441e-04 1.727346e-05
1045 4.605453e-04 1.717633e-05
1046 4.582601e-04 1.707974e-05
1047 4.559883e-04 1.698369e-05
1048 4.537300e-04 1.688818e-05
1049 4.514851e-04 1.679321e-05
1050 4.492535e-04 1.669878e-05
1051 4.470350e-04 1.660487e-05
1052 4.448297e-04 1.651150e-05
1053 4.426375e-04 1.641865e-05
1054 4.404582e-04 1.632632e-05
1055 4.382919e-04 1.623451e-05
1056 4.361385e-04 1.614321e-05
1057 4.339978e-04 1.605243e-05
1058 4.318698e-04 1.596216e-05
1059 4.297545e-04 1.587240e-05
1060 4.276518e-04 1.578314e-05
1061 4.255615e-04 1.569439e-05
1062 4.234838e-04 1.560613e-05
1063 4.214183e-04 1.551837e-05
1064 4.193652e-04 1.543110e-05
1065 4.173244e-04 1.534433e-05
1066 4.152957e-04 1.525804e-05
1067 4.132791e-04 1.517223e-05
1068 4.112745e-04 1.508691e-05
1069 4.092820e-04 1.500207e-05
1070 4.073013e-04 1.491771e-05
1071 4.053325e-04 1.483382e-05
1072 4.033754e-04 1.475040e-05
1073 4.014301e-04 1.466745e-05
1074 3.994964e-04 1.458497e-05
1075 3.975744e-04 1.450295e-05
1076 3.956638e-04 1.442139e-05
1077 3.937647e-04 1.434029e-05
1078 3.918771e-04 1.425965e-05
1079 3.900007e-04 1.417946e-05
1080 3.881357e-04 1.409972e-05
1081 3.862818e-04 1.402043e-05
1082 3.844392e-04 1.394159e-05
1083 3.826076e-04 1.386319e-05
1084 3.807870e-04 1.378523e-05
1085 3.789775e-04 1.370770e-05
1086 3.771788e-04 1.363062e-05
1087 3.753910e-04 1.355397e-05
1088 3.736140e-04 1.347774e-05
1089 3.718478e-04 1.340195e-05
1090 3.700922e-04 1.332658e-05
1091 3.683473e-04 1.325164e-05
1092 3.666129e-04 1.317712e-05
1093 3.648890e-04 1.310302e-05
1094 3.631756e-04 1.302933e-05
1095 3.614726e-04 1.295606e-05
1096 3.597799e-04 1.288320e-05
1097 3.580975e-04 1.281075e-05
1098 3.564254e-04 1.273871e-05
1099 3.547634e-04 1.266707e-05
1100 3.531115e-04 1.259584e-05
1101 3.514697e-04 1.252500e-05
1102 3.498379e-04 1.245457e-05
1103 3.482161e-04 1.238453e-05
1104 3.466041e-04 1.231488e-05
1105 3.450020e-04 1.224563e-05
1106 3.434097e-04 1.217676e-05
1107 3.418272e-04 1.210829e-05
1108 3.402543e-04 1.204019e-05
1109 3.386911e-04 1.197248e-05
1110 3.371374e-04 1.190516e-05
1111 3.355933e-04 1.183821e-05
1112 3.340586e-04 1.177163e-05
1113 3.325334e-04 1.170543e-05
1114 3.310176e-04 1.163961e-05
1115 3.295111e-04 1.157415e-05
1116 3.280139e-04 1.150906e-05
1117 3.265259e-04 1.144434e-05
1118 3.250470e-04 1.137998e-05
1119 3.235773e-04 1.131598e-05
1120 3.221167e-04 1.125234e-05
1121 3.206651e-04 1.118906e-05
1122 3.192225e-04 1.112614e-05
1123 3.177888e-04 1.106357e-05
1124 3.163640e-04 1.100135e-05
1125 3.149480e-04 1.093949e-05
1126 3.135408e-04 1.087797e-05
1127 3.121424e-04 1.081679e-05
1128 3.107526e-04 1.075596e-05
1129 3.093715e-04 1.069547e-05
1130 3.079990e-04 1.063533e-05
1131 3.066350e-04 1.057552e-05
1132 3.052796e-04 1.051604e-05
1133 3.039326e-04 1.045690e-05
1134 3.025940e-04 1.039810e-05
1135 3.012638e-04 1.033962e-05
1136 2.999419e-04 1.028147e-05
1137 2.986282e-04 1.022366e-05
1138 2.973228e-04 1.016616e-05
1139 2.960256e-04 1.010899e-05
1140 2.947365e-04 1.005214e-05
1141 2.934556e-04 9.995609e-06
1142 2.921826e-04 9.939396e-06
1143 2.909177e-04 9.883500e-06
1144 2.896608e-04 9.827918e-06
1145 2.884118e-04 9.772649e-06
1146 2.871706e-04 9.717690e-06
1147 2.859373e-04 9.663041e-06
1148 2.847118e-04 9.608698e-06
1149 2.834940e-04 9.554662e-06
1150 2.822840e-04 9.500929e-06
1151 2.810816e-04 9.447498e-06
1152 2.798868e-04 9.394368e-06
1153 2.786997e-04 9.341537e-06
1154 2.775200e-04 9.289002e-06
1155 2.763479e-04 9.236764e-06
1156 2.751832e-04 9.184818e-06
1157 2.740260e-04 9.133165e-06
1158 2.728761e-04 9.081803e-06
1159 2.717335e-04 9.030729e-06
1160 2.705983e-04 8.979943e-06
1161 2.694703e-04 8.929442e-06
1162 2.683496e-04 8.879225e-06
1163 2.672360e-04 8.829290e-06
1164 2.661295e-04 8.779636e-06
1165 2.650302e-04 8.730262e-06
1166 2.639379e-04 8.681165e-06
1167 2.628527e-04 8.632344e-06
1168 2.617744e-04 8.583798e-06
1169 2.607031e-04 8.535525e-06
1170 2.596386e-04 8.487523e-06
1171 2.585811e-04 8.439791e-06
1172 2.575304e-04 8.392327e-06
1173 2.564865e-04 8.345131e-06
1174 2.554493e-04 8.298200e-06
1175 2.544189e-04 8.251533e-06
1176 2.533951e-04 8.205128e-06
1177 2.523780e-04 8.158984e-06
1178 2.513675e-04 8.113100e-06
1179 2.503636e-04 8.067473e-06
1180 2.493662e-04 8.022103e-06
1181 2.483753e-04 7.976989e-06
1182 2.473908e-04 7.932128e-06
1183 2.464128e-04 7.887519e-06
1184 2.454412e-04 7.843162e-06
1185 2.444760e-04 7.799053e-06
1186 2.435171e-04 7.755193e-06
1187 2.425644e-04 7.711579e-06
1188 2.416180e-04 7.668211e-06
1189 2.406779e-04 7.625086e-06
1190 2.397439e-04 7.582204e-06
1191 2.388161e-04 7.539563e-06
1192 2.378943e-04 7.497162e-06
1193 2.369787e-04 7.455000e-06
1194 2.360691e-04 7.413074e-06
1195 2.351655e-04 7.371385e-06
1196 2.342679e-04 7.329929e-06
1197 2.333763e-04 7.288707e-06
1198 2.324905e-04 7.247717e-06
1199 2.316107e-04 7.206957e-06
1200 2.307366e-04 7.166426e-06
1201 2.298684e-04 7.126123e-06
1202 2.290060e-04 7.086047e-06
1203 2.281493e-04 7.046197e-06
1204 2.272984e-04 7.006570e-06
1205 2.264531e-04 6.967166e-06
1206 2.256135e-04 6.927984e-06
1207 2.247795e-04 6.889022e-06
1208 2.239510e-04 6.850279e-06
1209 2.231282e-04 6.811755e-06
1210 2.223108e-04 6.773446e-06
1211 2.214990e-04 6.735354e-06
1212 2.206926e-04 6.697475e-06
1213 2.198917e-04 6.659809e-06
1214 2.190961e-04 6.622356e-06
1215 2.183060e-04 6.585113e-06
1216 2.175211e-04 6.548079e-06
1217 2.167416e-04 6.511254e-06
1218 2.159673e-04 6.474635e-06
1219 2.151983e-04 6.438223e-06
1220 2.144345e-04 6.402015e-06
1221 2.136759e-04 6.366011e-06
1222 2.129225e-04 6.330210e-06
1223 2.121742e-04 6.294609e-06
1224 2.114310e-04 6.259209e-06
1225 2.106929e-04 6.224008e-06
1226 2.099598e-04 6.189005e-06
1227 2.092317e-04 6.154199e-06
1228 2.085086e-04 6.119589e-06
1229 2.077904e-04 6.085173e-06
1230 2.070772e-04 6.050951e-06
1231 2.063689e-04 6.016921e-06
1232 2.056654e-04 5.983083e-06
1233 2.049668e-04 5.949435e-06
1234 2.042730e-04 5.915976e-06
1235 2.035840e-04 5.882705e-06
1236 2.028997e-04 5.849621e-06
1237 2.022201e-04 5.816724e-06
1238 2.015453e-04 5.784011e-06
1239 2.008751e-04 5.751483e-06
1240 2.002096e-04 5.719137e-06
1241 1.995487e-04 5.686973e-06
1242 1.988924e-04 5.654990e-06
1243 1.982407e-04 5.623187e-06
1244 1.975935e-04 5.591563e-06
1245 1.969508e-04 5.560117e-06
1246 1.963125e-04 5.528847e-06
1247 1.956788e-04 5.497754e-06
1248 1.950495e-04 5.466835e-06
1249 1.944245e-04 5.436090e-06
1250 1.938040e-04 5.405518e-06
1251 1.931878e-04 5.375118e-06
1252 1.925759e-04 5.344889e-06
1253 1.919684e-04 5.314830e-06
1254 1.913651e-04 5.284940e-06
1255 1.907660e-04 5.255218e-06
1256 1.901712e-04 5.225663e-06
1257 1.895806e-04 5.196274e-06
1258 1.889942e-04 5.167051e-06
1259 1.884119e-04 5.137992e-06
1260 1.878337e-04 5.109096e-06
1261 1.872596e-04 5.080363e-06
1262 1.866896e-04 5.051791e-06
1263 1.861236e-04 5.023381e-06
1264 1.855617e-04 4.995130e-06
1265 1.850038e-04 4.967037e-06
1266 1.844498e-04 4.939103e-06
1267 1.838998e-04 4.911326e-06
1268 1.833537e-04 4.883705e-06
1269 1.828115e-04 4.856240e-06
1270 1.822732e-04 4.828928e-06
1271 1.817388e-04 4.801771e-06
1272 1.812082e-04 4.774766e-06
1273 1.806814e-04 4.747913e-06
1274 1.801583e-04 4.721211e-06
1275 1.796391e-04 4.694660e-06
1276 1.791236e-04 4.668257e-06
1277 1.786117e-04 4.642003e-06
1278 1.781036e-04 4.615897e-06
1279 1.775992e-04 4.589937e-06
1280 1.770983e-04 4.564124e-06
1281 1.766012e-04 4.538456e-06
1282 1.761076e-04 4.512932e-06
1283 1.756176e-04 4.487551e-06
1284 1.751311e-04 4.462313e-06
1285 1.746482e-04 4.437218e-06
1286 1.741688e-04 4.412263e-06
1287 1.736928e-04 4.387449e-06
1288 1.732204e-04 4.362774e-06
1289 1.727513e-04 4.338238e-06
1290 1.722857e-04 4.313840e-06
1291 1.718236e-04 4.289579e-06
1292 1.713647e-04 4.265455e-06
1293 1.709093e-04 4.241466e-06
1294 1.704571e-04 4.217612e-06
1295 1.700083e-04 4.193893e-06
1296 1.695628e-04 4.170306e-06
1297 1.691206e-04 4.146853e-06
1298 1.686816e-04 4.123531e-06
1299 1.682458e-04 4.100341e-06
1300 1.678133e-04 4.077280e-06
1301 1.673839e-04 4.054350e-06
1302 1.669577e-04 4.031549e-06
1303 1.665346e-04 4.008875e-06
1304 1.661147e-04 3.986330e-06
1305 1.656979e-04 3.963911e-06
1306 1.652842e-04 3.941618e-06
1307 1.648735e-04 3.919450e-06
1308 1.644659e-04 3.897407e-06
1309 1.640613e-04 3.875489e-06
1310 1.636597e-04 3.853693e-06
1311 1.632611e-04 3.832020e-06
1312 1.628654e-04 3.810469e-06
1313 1.624728e-04 3.789039e-06
1314 1.620830e-04 3.767729e-06
1315 1.616961e-04 3.746540e-06
1316 1.613122e-04 3.725469e-06
1317 1.609311e-04 3.704517e-06
1318 1.605528e-04 3.683683e-06
1319 1.601774e-04 3.662966e-06
1320 1.598048e-04 3.642366e-06
1321 1.594350e-04 3.621881e-06
1322 1.590680e-04 3.601512e-06
1323 1.587037e-04 3.581257e-06
1324 1.583422e-04 3.561116e-06
1325 1.579833e-04 3.541089e-06
1326 1.576272e-04 3.521174e-06
1327 1.572738e-04 3.501371e-06
1328 1.569230e-04 3.481679e-06
1329 1.565749e-04 3.462098e-06
1330 1.562294e-04 3.442627e-06
1331 1.558865e-04 3.423266e-06
1332 1.555462e-04 3.404014e-06
1333 1.552085e-04 3.384870e-06
1334 1.548734e-04 3.365833e-06
1335 1.545408e-04 3.346904e-06
1336 1.542107e-04 3.328081e-06
1337 1.538831e-04 3.309364e-06
1338 1.535580e-04 3.290752e-06
1339 1.532353e-04 3.272245e-06
1340 1.529152e-04 3.253842e-06
1341 1.525974e-04 3.235542e-06
1342 1.522821e-04 3.217345e-06
1343 1.519692e-04 3.199251e-06
1344 1.516586e-04 3.181259e-06
1345 1.513505e-04 3.163367e-06
1346 1.510447e-04 3.145576e-06
1347 1.507412e-04 3.127886e-06
1348 1.504401e-04 3.110295e-06
1349 1.501412e-04 3.092802e-06
1350 1.498447e-04 3.075408e-06
1351 1.495504e-04 3.058112e-06
1352 1.492583e-04 3.040913e-06
1353 1.489685e-04 3.023811e-06
1354 1.486810e-04 3.006805e-06
1355 1.483956e-04 2.989895e-06
1356 1.481124e-04 2.973080e-06
1357 1.478315e-04 2.956359e-06
1358 1.475526e-04 2.939733e-06
1359 1.472759e-04 2.923200e-06
1360 1.470014e-04 2.906760e-06
1361 1.467290e-04 2.890412e-06
1362 1.464586e-04 2.874156e-06
1363 1.461904e-04 2.857992e-06
1364 1.459242e-04 2.841919e-06
1365 1.456601e-04 2.825936e-06
1366 1.453980e-04 2.810043e-06
1367 1.451379e-04 2.794239e-06
1368 1.448799e-04 2.778524e-06
1369 1.446238e-04 2.762898e-06
1370 1.443697e-04 2.747359e-06
1371 1.441176e-04 2.731908e-06
1372 1.438675e-04 2.716544e-06
1373 1.436193e-04 2.701266e-06
1374 1.433730e-04 2.686074e-06
1375 1.431286e-04 2.670967e-06
1376 1.428862e-04 2.655946e-06
1377 1.426456e-04 2.641009e-06
1378 1.424068e-04 2.626156e-06
1379 1.421700e-04 2.611386e-06
1380 1.419349e-04 2.596700e-06
1381 1.417017e-04 2.582096e-06
1382 1.414704e-04 2.567574e-06
1383 1.412408e-04 2.553134e-06
1384 1.410130e-04 2.538775e-06
1385 1.407870e-04 2.524497e-06
1386 1.405627e-04 2.510299e-06
1387 1.403402e-04 2.496181e-06
1388 1.401194e-04 2.482143e-06
1389 1.399004e-04 2.468183e-06
1390 1.396830e-04 2.454302e-06
1391 1.394674e-04 2.440499e-06
1392 1.392534e-04 2.426773e-06
1393 1.390412e-04 2.413125e-06
1394 1.388305e-04 2.399554e-06
1395 1.386216e-04 2.386058e-06
1396 1.384142e-04 2.372639e-06
1397 1.382085e-04 2.359295e-06
1398 1.380044e-04 2.346027e-06
1399 1.378019e-04 2.332833e-06
1400 1.376009e-04 2.319713e-06
1401 1.374016e-04 2.306667e-06
1402 1.372038e-04 2.293694e-06
1403 1.370075e-04 2.280794e-06
1404 1.368128e-04 2.267967e-06
1405 1.366196e-04 2.255212e-06
1406 1.364280e-04 2.242528e-06
1407 1.362378e-04 2.229916e-06
1408 1.360492e-04 2.217375e-06
1409 1.358620e-04 2.204904e-06
1410 1.356762e-04 2.192504e-06
1411 1.354920e-04 2.180173e-06
1412 1.353092e-04 2.167912e-06
1413 1.351278e-04 2.155720e-06
1414 1.349478e-04 2.143596e-06
1415 1.347693e-04 2.131540e-06
1416 1.345922e-04 2.119552e-06
1417 1.344164e-04 2.107632e-06
1418 1.342420e-04 2.095778e-06
1419 1.340690e-04 2.083992e-06
1420 1.338974e-04 2.072271e-06
1421 1.337271e-04 2.060617e-06
1422 1.335582e-04 2.049028e-06
1423 1.333906e-04 2.037504e-06
1424 1.332243e-04 2.026045e-06
1425 1.330593e-04 2.014650e-06
1426 1.328956e-04 2.003320e-06
1427 1.327332e-04 1.992053e-06
1428 1.325721e-04 1.980850e-06
1429 1.324122e-04 1.969709e-06
1430 1.322536e-04 1.958632e-06
1431 1.320962e-04 1.947616e-06
1432 1.319401e-04 1.936663e-06
1433 1.317852e-04 1.925771e-06
1434 1.316316e-04 1.914940e-06
1435 1.314791e-04 1.904170e-06
1436 1.313279e-04 1.893461e-06
1437 1.311778e-04 1.882812e-06
1438 1.310289e-04 1.872223e-06
1439 1.308812e-04 1.861694e-06
1440 1.307347e-04 1.851224e-06
1441 1.305893e-04 1.840812e-06
1442 1.304450e-04 1.830459e-06
1443 1.303019e-04 1.820165e-06
1444 1.301599e-04 1.809928e-06
1445 1.300190e-04 1.799749e-06
1446 1.298793e-04 1.789627e-06
1447 1.297406e-04 1.779562e-06
1448 1.296030e-04 1.769554e-06
1449 1.294666e-04 1.759602e-06
1450 1.293311e-04 1.749706e-06
1451 1.291968e-04 1.739865e-06
1452 1.290635e-04 1.730080e-06
1453 1.289313e-04 1.720350e-06
1454 1.288001e-04 1.710675e-06
1455 1.286699e-04 1.701054e-06
1456 1.285407e-04 1.691487e-06
1457 1.284126e-04 1.681974e-06
1458 1.282855e-04 1.672514e-06
1459 1.281594e-04 1.663108e-06
1460 1.280342e-04 1.653755e-06
1461 1.279101e-04 1.644454e-06
1462 1.277869e-04 1.635205e-06
1463 1.276647e-04 1.626009e-06
1464 1.275435e-04 1.616864e-06
1465 1.274232e-04 1.607771e-06
1466 1.273038e-04 1.598729e-06
1467 1.271854e-04 1.589737e-06
1468 1.270679e-04 1.580796e-06
1469 1.269514e-04 1.571906e-06
1470 1.268358e-04 1.563066e-06
1471 1.267210e-04 1.554275e-06
1472 1.266072e-04 1.545533e-06
1473 1.264942e-04 1.536841e-06
1474 1.263822e-04 1.528198e-06
1475 1.262710e-04 1.519603e-06
1476 1.261607e-04 1.511057e-06
1477 1.260513e-04 1.502559e-06
1478 1.259427e-04 1.494108e-06
1479 1.258350e-04 1.485705e-06
1480 1.257281e-04 1.477349e-06
1481 1.256220e-04 1.469041e-06
1482 1.255168e-04 1.460779e-06
1483 1.254124e-04 1.452563e-06
1484 1.253088e-04 1.444394e-06
1485 1.252060e-04 1.436271e-06
1486 1.251041e-04 1.428193e-06
1487 1.250029e-04 1.420161e-06
1488 1.249025e-04 1.412174e-06
1489 1.248029e-04 1.404231e-06
1490 1.247041e-04 1.396334e-06
1491 1.246061e-04 1.388481e-06
1492 1.245088e-04 1.380672e-06
1493 1.244123e-04 1.372907e-06
1494 1.243165e-04 1.365186e-06
1495 1.242215e-04 1.357508e-06
1496 1.241272e-04 1.349873e-06
1497 1.240337e-04 1.342281e-06
1498 1.239409e-04 1.334732e-06
1499 1.238488e-04 1.327226e-06
1500 1.237574e-04 1.319761e-06
1501 1.236667e-04 1.312339e-06
1502 1.235768e-04 1.304958e-06
1503 1.234875e-04 1.297619e-06
1504 1.233990e-04 1.290321e-06
1505 1.233111e-04 1.283064e-06
1506 1.232239e-04 1.275848e-06
1507 1.231374e-04 1.268673e-06
1508 1.230515e-04 1.261537e-06
1509 1.229664e-04 1.254443e-06
1510 1.228818e-04 1.247387e-06
1511 1.227980e-04 1.240372e-06
1512 1.227148e-04 1.233396e-06
1513 1.226322e-04 1.226459e-06
1514 1.225503e-04 1.219562e-06
1515 1.224690e-04 1.212703e-06
1516 1.223883e-04 1.205882e-06
1517 1.223083e-04 1.199100e-06
1518 1.222289e-04 1.192357e-06
1519 1.221501e-04 1.185651e-06
1520 1.220719e-04 1.178983e-06
1521 1.219943e-04 1.172352e-06
1522 1.219173e-04 1.165758e-06
1523 1.218409e-04 1.159202e-06
1524 1.217651e-04 1.152683e-06
1525 1.216899e-04 1.146200e-06
1526 1.216152e-04 1.139754e-06
1527 1.215411e-04 1.133344e-06
1528 1.214676e-04 1.126970e-06
1529 1.213947e-04 1.120631e-06
1530 1.213223e-04 1.114329e-06
1531 1.212505e-04 1.108062e-06
1532 1.211792e-04 1.101830e-06
1533 1.211085e-04 1.095633e-06
1534 1.210383e-04 1.089471e-06
1535 1.209687e-04 1.083344e-06
1536 1.208996e-04 1.077251e-06
1537 1.208310e-04 1.071193e-06
1538 1.207630e-04 1.065168e-06
1539 1.206955e-04 1.059178e-06
1540 1.206284e-04 1.053221e-06
1541 1.205619e-04 1.047297e-06
1542 1.204960e-04 1.041407e-06
1543 1.204305e-04 1.035550e-06
1544 1.203655e-04 1.029726e-06
1545 1.203010e-04 1.023935e-06
1546 1.202370e-04 1.018176e-06
1547 1.201735e-04 1.012450e-06
1548 1.201105e-04 1.006756e-06
1549 1.200479e-04 1.001094e-06
1550 1.199859e-04 9.954635e-07
1551 1.199243e-04 9.898649e-07
1552 1.198631e-04 9.842978e-07
1553 1.198025e-04 9.787621e-07
1554 1.197423e-04 9.732574e-07
1555 1.196825e-04 9.677837e-07
1556 1.196232e-04 9.623408e-07
1557 1.195644e-04 9.569286e-07
1558 1.195060e-04 9.515467e-07
1559 1.194480e-04 9.461951e-07
1560 1.193905e-04 9.408736e-07
1561 1.193335e-04 9.355821e-07
1562 1.192768e-04 9.303203e-07
1563 1.192206e-04 9.250881e-07
1564 1.191648e-04 9.198853e-07
1565 1.191094e-04 9.147118e-07
1566 1.190545e-04 9.095674e-07
1567 1.189999e-04 9.044519e-07
1568 1.189458e-04 8.993652e-07
1569 1.188921e-04 8.943071e-07
1570 1.188388e-04 8.892774e-07
1571 1.187858e-04 8.842760e-07
1572 1.187333e-04 8.793028e-07
1573 1.186812e-04 8.743575e-07
1574 1.186295e-04 8.694400e-07
1575 1.185781e-04 8.645502e-07
1576 1.185272e-04 8.596879e-07
1577 1.184766e-04 8.548530e-07
1578 1.184264e-04 8.500452e-07
1579 1.183766e-04 8.452645e-07
1580 1.183271e-04 8.405106e-07
1581 1.182780e-04 8.357835e-07
1582 1.182293e-04 8.310830e-07
1583 1.181810e-04 8.264089e-07
1584 1.181330e-04 8.217611e-07
1585 1.180853e-04 8.171395e-07
1586 1.180381e-04 8.125438e-07
1587 1.179911e-04 8.079740e-07
1588 1.179446e-04 8.034298e-07
1589 1.178983e-04 7.989113e-07
1590 1.178524e-04 7.944181e-07
1591 1.178069e-04 7.899502e-07
1592 1.177617e-04 7.855075e-07
1593 1.177168e-04 7.810897e-07
1594 1.176723e-04 7.766968e-07
1595 1.176281e-04 7.723286e-07
1596 1.175842e-04 7.679849e-07
1597 1.175406e-04 7.636657e-07
1598 1.174974e-04 7.593708e-07
1599 1.174545e-04 7.551000e-07
1600 1.174119e-04 7.508533e-07
1601 1.173696e-04 7.466304e-07
1602 1.173276e-04 7.424313e-07
1603 1.172860e-04 7.382558e-07
1604 1.172446e-04 7.341038e-07
1605 1.172036e-04 7.299751e-07
1606 1.171628e-04 7.258696e-07
1607 1.171224e-04 7.217873e-07
1608 1.170822e-04 7.177279e-07
1609 1.170424e-04 7.136913e-07
1610 1.170028e-04 7.096774e-07
1611 1.169635e-04 7.056861e-07
1612 1.169245e-04 7.017173e-07
1613 1.168858e-04 6.977708e-07
1614 1.168474e-04 6.938464e-07
1615 1.168093e-04 6.899442e-07
1616 1.167714e-04 6.860639e-07
1617 1.167338e-04 6.822054e-07
1618 1.166965e-04 6.783686e-07
1619 1.166595e-04 6.745534e-07
1620 1.166227e-04 6.707596e-07
1621 1.165862e-04 6.669872e-07
1622 1.165500e-04 6.632360e-07
1623 1.165140e-04 6.595059e-07
1624 1.164783e-04 6.557968e-07
1625 1.164429e-04 6.521085e-07
1626 1.164077e-04 6.484410e-07
1627 1.163727e-04 6.447941e-07
1628 1.163381e-04 6.411677e-07
1629 1.163036e-04 6.375617e-07
1630 1.162694e-04 6.339760e-07
1631 1.162355e-04 6.304105e-07
1632 1.162018e-04 6.268650e-07
1633 1.161684e-04 6.233394e-07
1634 1.161352e-04 6.198337e-07
1635 1.161022e-04 6.163477e-07
1636 1.160695e-04 6.128813e-07
1637 1.160370e-04 6.094344e-07
1638 1.160047e-04 6.060069e-07
1639 1.159727e-04 6.025986e-07
1640 1.159409e-04 5.992096e-07
1641 1.159093e-04 5.958395e-07
1642 1.158780e-04 5.924885e-07
1643 1.158469e-04 5.891563e-07
1644 1.158160e-04 5.858428e-07
1645 1.157853e-04 5.825479e-07
1646 1.157548e-04 5.792716e-07
1647 1.157246e-04 5.760138e-07
1648 1.156946e-04 5.727742e-07
1649 1.156648e-04 5.695529e-07
1650 1.156352e-04 5.663496e-07
1651 1.156058e-04 5.631644e-07
1652 1.155766e-04 5.599971e-07
1653 1.155477e-04 5.568477e-07
1654 1.155189e-04 5.537159e-07
1655 1.154904e-04 5.506017e-07
1656 1.154620e-04 5.475051e-07
1657 1.154339e-04 5.444259e-07
1658 1.154059e-04 5.413640e-07
1659 1.153782e-04 5.383193e-07
1660 1.153506e-04 5.352917e-07
1661 1.153232e-04 5.322812e-07
1662 1.152961e-04 5.292876e-07
1663 1.152691e-04 5.263108e-07
1664 1.152423e-04 5.233508e-07
1665 1.152157e-04 5.204074e-07
1666 1.151893e-04 5.174806e-07
1667 1.151631e-04 5.145702e-07
1668 1.151370e-04 5.116762e-07
1669 1.151112e-04 5.087985e-07
1670 1.150855e-04 5.059370e-07
1671 1.150600e-04 5.030915e-07
1672 1.150347e-04 5.002621e-07
1673 1.150096e-04 4.974485e-07
1674 1.149846e-04 4.946508e-07
1675 1.149598e-04 4.918689e-07
1676 1.149352e-04 4.891025e-07
1677 1.149108e-04 4.863518e-07
1678 1.148865e-04 4.836165e-07
1679 1.148624e-04 4.808966e-07
1680 1.148385e-04 4.781920e-07
1681 1.148147e-04 4.755026e-07
1682 1.147911e-04 4.728283e-07
1683 1.147677e-04 4.701691e-07
1684 1.147444e-04 4.675248e-07
1685 1.147213e-04 4.648954e-07
1686 1.146984e-04 4.622807e-07
1687 1.146756e-04 4.596808e-07
1688 1.146530e-04 4.570955e-07
1689 1.146305e-04 4.545248e-07
1690 1.146082e-04 4.519685e-07
1691 1.145860e-04 4.494266e-07
1692 1.145640e-04 4.468989e-07
1693 1.145422e-04 4.443855e-07
1694 1.145205e-04 4.418863e-07
1695 1.144989e-04 4.394010e-07
1696 1.144775e-04 4.369298e-07
1697 1.144562e-04 4.344725e-07
1698 1.144351e-04 4.320289e-07
1699 1.144142e-04 4.295992e-07
1700 1.143933e-04 4.271831e-07
1701 1.143727e-04 4.247805e-07
1702 1.143521e-04 4.223915e-07
1703 1.143317e-04 4.200159e-07
1704 1.143115e-04 4.176537e-07
1705 1.142914e-04 4.153048e-07
1706 1.142714e-04 4.129691e-07
1707 1.142516e-04 4.106465e-07
1708 1.142319e-04 4.083370e-07
1709 1.142123e-04 4.060405e-07
1710 1.141928e-04 4.037568e-07
1711 1.141735e-04 4.014861e-07
1712 1.141544e-04 3.992281e-07
1713 1.141353e-04 3.969828e-07
1714 1.141164e-04 3.947501e-07
1715 1.140976e-04 3.925300e-07
1716 1.140790e-04 3.903223e-07
1717 1.140605e-04 3.881271e-07
1718 1.140421e-04 3.859443e-07
1719 1.140238e-04 3.837737e-07
1720 1.140056e-04 3.816153e-07
1721 1.139876e-04 3.794690e-07
1722 1.139697e-04 3.773349e-07
1723 1.139519e-04 3.752127e-07
1724 1.139343e-04 3.731024e-07
1725 1.139167e-04 3.710041e-07
1726 1.138993e-04 3.689175e-07
1727 1.138820e-04 3.668427e-07
1728 1.138648e-04 3.647795e-07
1729 1.138477e-04 3.627280e-07
1730 1.138308e-04 3.606879e-07
1731 1.138139e-04 3.586594e-07
1732 1.137972e-04 3.566422e-07
1733 1.137806e-04 3.546364e-07
1734 1.137640e-04 3.526419e-07
1735 1.137476e-04 3.506586e-07
1736 1.137314e-04 3.486865e-07
1737 1.137152e-04 3.467254e-07
1738 1.136991e-04 3.447754e-07
1739 1.136832e-04 3.428364e-07
1740 1.136673e-04 3.409082e-07
1741 1.136516e-04 3.389909e-07
1742 1.136359e-04 3.370844e-07
1743 1.136204e-04 3.351886e-07
1744 1.136049e-04 3.333034e-07
1745 1.135896e-04 3.314289e-07
1746 1.135744e-04 3.295649e-07
1747 1.135593e-04 3.277114e-07
1748 1.135442e-04 3.258683e-07
1749 1.135293e-04 3.240356e-07
1750 1.135145e-04 3.222132e-07
1751 1.134998e-04 3.204010e-07
1752 1.134851e-04 3.185991e-07
1753 1.134706e-04 3.168072e-07
1754 1.134562e-04 3.150255e-07
1755 1.134418e-04 3.132537e-07
1756 1.134276e-04 3.114919e-07
1757 1.134134e-04 3.097401e-07
1758 1.133994e-04 3.079981e-07
1759 1.133854e-04 3.062658e-07
1760 1.133715e-04 3.045434e-07
1761 1.133577e-04 3.028306e-07
1762 1.133441e-04 3.011274e-07
1763 1.133305e-04 2.994339e-07
1764 1.133169e-04 2.977498e-07
1765 1.133035e-04 2.960752e-07
1766 1.132902e-04 2.944101e-07
1767 1.132769e-04 2.927543e-07
1768 1.132638e-04 2.911078e-07
1769 1.132507e-04 2.894706e-07
1770 1.132377e-04 2.878426e-07
1771 1.132248e-04 2.862237e-07
1772 1.132120e-04 2.846139e-07
1773 1.131993e-04 2.830132e-07
1774 1.131866e-04 2.814215e-07
1775 1.131741e-04 2.798388e-07
1776 1.131616e-04 2.782650e-07
1777 1.131492e-04 2.767000e-07
1778 1.131369e-04 2.751438e-07
1779 1.131246e-04 2.735963e-07
1780 1.131125e-04 2.720576e-07
1781 1.131004e-04 2.705275e-07
1782 1.130884e-04 2.690060e-07
1783 1.130765e-04 2.674931e-07
1784 1.130646e-04 2.659887e-07
1785 1.130529e-04 2.644927e-07
1786 1.130412e-04 2.630052e-07
1787 1.130296e-04 2.615260e-07
1788 1.130180e-04 2.600552e-07
1789 1.130066e-04 2.585926e-07
1790 1.129952e-04 2.571382e-07
1791 1.129839e-04 2.556921e-07
1792 1.129726e-04 2.542540e-07
1793 1.129614e-04 2.528241e-07
1794 1.129504e-04 2.514022e-07
1795 1.129393e-04 2.499883e-07
1796 1.129284e-04 2.485823e-07
1797 1.129175e-04 2.471842e-07
1798 1.129067e-04 2.457940e-07
1799 1.128959e-04 2.444117e-07
1800 1.128853e-04 2.430371e-07
1801 1.128747e-04 2.416702e-07
1802 1.128641e-04 2.403110e-07
1803 1.128536e-04 2.389595e-07
1804 1.128432e-04 2.376155e-07
1805 1.128329e-04 2.362792e-07
1806 1.128226e-04 2.349503e-07
1807 1.128124e-04 2.336289e-07
1808 1.128023e-04 2.323150e-07
1809 1.127922e-04 2.310084e-07
1810 1.127822e-04 2.297092e-07
1811 1.127723e-04 2.284173e-07
1812 1.127624e-04 2.271326e-07
1813 1.127526e-04 2.258552e-07
1814 1.127428e-04 2.245850e-07
1815 1.127331e-04 2.233219e-07
1816 1.127235e-04 2.220659e-07
1817 1.127140e-04 2.208170e-07
1818 1.127044e-04 2.195751e-07
1819 1.126950e-04 2.183401e-07
1820 1.126856e-04 2.171122e-07
1821 1.126763e-04 2.158911e-07
1822 1.126670e-04 2.146769e-07
1823 1.126578e-04 2.134695e-07
1824 1.126487e-04 2.122690e-07
1825 1.126396e-04 2.110751e-07
1826 1.126306e-04 2.098880e-07
1827 1.126216e-04 2.087076e-07
1828 1.126127e-04 2.075338e-07
1829 1.126038e-04 2.063666e-07
1830 1.125950e-04 2.052060e-07
1831 1.125863e-04 2.040519e-07
1832 1.125776e-04 2.029043e-07
1833 1.125689e-04 2.017631e-07
1834 1.125603e-04 2.006284e-07
1835 1.125518e-04 1.995000e-07
1836 1.125433e-04 1.983780e-07
1837 1.125349e-04 1.972623e-07
1838 1.125265e-04 1.961529e-07
1839 1.125182e-04 1.950497e-07
1840 1.125100e-04 1.939527e-07
1841 1.125018e-04 1.928619e-07
1842 1.124936e-04 1.917772e-07
1843 1.124855e-04 1.906986e-07
1844 1.124774e-04 1.896261e-07
1845 1.124694e-04 1.885596e-07
1846 1.124615e-04 1.874992e-07
1847 1.124536e-04 1.864446e-07
1848 1.124457e-04 1.853961e-07
1849 1.124379e-04 1.843534e-07
1850 1.124302e-04 1.833165e-07
1851 1.124224e-04 1.822855e-07
1852 1.124148e-04 1.812604e-07
1853 1.124072e-04 1.802409e-07
1854 1.123996e-04 1.792272e-07
1855 1.123921e-04 1.782192e-07
1856 1.123846e-04 1.772169e-07
1857 1.123772e-04 1.762202e-07
1858 1.123698e-04 1.752291e-07
1859 1.123625e-04 1.742436e-07
1860 1.123552e-04 1.732637e-07
1861 1.123480e-04 1.722892e-07
1862 1.123408e-04 1.713202e-07
1863 1.123336e-04 1.703567e-07
1864 1.123265e-04 1.693986e-07
1865 1.123195e-04 1.684459e-07
1866 1.123124e-04 1.674985e-07
1867 1.123055e-04 1.665565e-07
1868 1.122985e-04 1.656198e-07
1869 1.122917e-04 1.646883e-07
1870 1.122848e-04 1.637621e-07
1871 1.122780e-04 1.628410e-07
1872 1.122713e-04 1.619252e-07
1873 1.122645e-04 1.610145e-07
1874 1.122579e-04 1.601090e-07
1875 1.122512e-04 1.592085e-07
1876 1.122446e-04 1.583131e-07
1877 1.122381e-04 1.574227e-07
1878 1.122316e-04 1.565373e-07
1879 1.122251e-04 1.556570e-07
1880 1.122187e-04 1.547815e-07
1881 1.122123e-04 1.539110e-07
1882 1.122059e-04 1.530454e-07
1883 1.121996e-04 1.521847e-07
1884 1.121934e-04 1.513288e-07
1885 1.121871e-04 1.504777e-07
1886 1.121809e-04 1.496314e-07
1887 1.121748e-04 1.487898e-07
1888 1.121687e-04 1.479530e-07
1889 1.121626e-04 1.471209e-07
1890 1.121565e-04 1.462935e-07
1891 1.121505e-04 1.454707e-07
1892 1.121446e-04 1.446526e-07
1893 1.121386e-04 1.438390e-07
1894 1.121327e-04 1.430300e-07
1895 1.121269e-04 1.422256e-07
1896 1.121210e-04 1.414257e-07
1897 1.121153e-04 1.406303e-07
1898 1.121095e-04 1.398394e-07
1899 1.121038e-04 1.390529e-07
1900 1.120981e-04 1.382709e-07
1901 1.120925e-04 1.374932e-07
1902 1.120869e-04 1.367200e-07
1903 1.120813e-04 1.359510e-07
1904 1.120757e-04 1.351864e-07
1905 1.120702e-04 1.344261e-07
1906 1.120647e-04 1.336701e-07
1907 1.120593e-04 1.329183e-07
1908 1.120539e-04 1.321708e-07
1909 1.120485e-04 1.314274e-07
1910 1.120432e-04 1.306883e-07
1911 1.120379e-04 1.299533e-07
1912 1.120326e-04 1.292224e-07
1913 1.120273e-04 1.284956e-07
1914 1.120221e-04 1.277729e-07
1915 1.120169e-04 1.270543e-07
1916 1.120118e-04 1.263398e-07
1917 1.120067e-04 1.256292e-07
1918 1.120016e-04 1.249227e-07
1919 1.119965e-04 1.242201e-07
1920 1.119915e-04 1.235215e-07
1921 1.119865e-04 1.228268e-07
1922 1.119815e-04 1.221360e-07
1923 1.119766e-04 1.214491e-07
1924 1.119717e-04 1.207660e-07
1925 1.119668e-04 1.200868e-07
1926 1.119620e-04 1.194114e-07
1927 1.119572e-04 1.187398e-07
1928 1.119524e-04 1.180720e-07
1929 1.119476e-04 1.174080e-07
1930 1.119429e-04 1.167477e-07
1931 1.119382e-04 1.160911e-07
1932 1.119335e-04 1.154381e-07
1933 1.119289e-04 1.147889e-07
1934 1.119243e-04 1.141433e-07
1935 1.119197e-04 1.135014e-07
1936 1.119151e-04 1.128630e-07
1937 1.119106e-04 1.122283e-07
1938 1.119061e-04 1.115971e-07
1939 1.119016e-04 1.109694e-07
1940 1.118972e-04 1.103453e-07
1941 1.118927e-04 1.097247e-07
1942 1.118883e-04 1.091076e-07
1943 1.118840e-04 1.084940e-07
1944 1.118796e-04 1.078838e-07
1945 1.118753e-04 1.072771e-07
1946 1.118710e-04 1.066737e-07
1947 1.118668e-04 1.060738e-07
1948 1.118625e-04 1.054772e-07
1949 1.118583e-04 1.048840e-07
1950 1.118541e-04 1.042941e-07
1951 1.118499e-04 1.037076e-07
1952 1.118458e-04 1.031243e-07
1953 1.118417e-04 1.025443e-07
1954 1.118376e-04 1.019676e-07
1955 1.118335e-04 1.013941e-07
1956 1.118295e-04 1.008239e-07
1957 1.118255e-04 1.002568e-07
1958 1.118215e-04 9.969295e-08
1959 1.118175e-04 9.913227e-08
1960 1.118136e-04 9.857474e-08
1961 1.118097e-04 9.802034e-08
1962 1.118058e-04 9.746906e-08
1963 1.118019e-04 9.692088e-08
1964 1.117980e-04 9.637579e-08
1965 1.117942e-04 9.583376e-08
1966 1.117904e-04 9.529478e-08
1967 1.117866e-04 9.475883e-08
1968 1.117829e-04 9.422589e-08
1969 1.117791e-04 9.369596e-08
1970 1.117754e-04 9.316900e-08
1971 1.117717e-04 9.264501e-08
1972 1.117681e-04 9.212396e-08
1973 1.117644e-04 9.160584e-08
1974 1.117608e-04 9.109064e-08
1975 1.117572e-04 9.057834e-08
1976 1.117536e-04 9.006891e-08
1977 1.117501e-04 8.956235e-08
1978 1.117465e-04 8.905864e-08
1979 1.117430e-04 8.855777e-08
1980 1.117395e-04 8.805971e-08
1981 1.117360e-04 8.756445e-08
1982 1.117326e-04 8.707198e-08
1983 1.117291e-04 8.658227e-08
1984 1.117257e-04 8.609532e-08
1985 1.117223e-04 8.561111e-08
1986 1.117189e-04 8.512963e-08
1987 1.117156e-04 8.465085e-08
1988 1.117123e-04 8.417476e-08
1989 1.117089e-04 8.370135e-08
1990 1.117056e-04 8.323060e-08
1991 1.117024e-04 8.276250e-08
1992 1.116991e-04 8.229704e-08
1993 1.116959e-04 8.183419e-08
1994 1.116927e-04 8.137394e-08
1995 1.116895e-04 8.091629e-08
1996 1.116863e-04 8.046120e-08
1997 1.116831e-04 8.000868e-08
1998 1.116800e-04 7.955870e-08
1999 1.116769e-04 7.911125e-08
2000 1.116738e-04 7.866632e-08
2001 1.116707e-04 7.822389e-08
2002 1.116676e-04 7.778395e-08
2003 1.116646e-04 7.734649e-08
2004 1.116615e-04 7.691148e-08
2005 1.116585e-04 7.647892e-08
2006 1.116555e-04 7.604879e-08
2007 1.116525e-04 7.562109e-08
2008 1.116496e-04 7.519578e-08
2009 1.116466e-04 7.477287e-08
2010 1.116437e-04 7.435234e-08
2011 1.116408e-04 7.393418e-08
2012 1.116379e-04 7.351836e-08
2013 1.116350e-04 7.310488e-08
2014 1.116322e-04 7.269373e-08
2015 1.116294e-04 7.228489e-08
2016 1.116265e-04 7.187836e-08
2017 1.116237e-04 7.147410e-08
2018 1.116209e-04 7.107212e-08
2019 1.116182e-04 7.067241e-08
2020 1.116154e-04 7.027494e-08
2021 1.116127e-04 6.987970e-08
2022 1.116099e-04 6.948669e-08
2023 1.116072e-04 6.909589e-08
2024 1.116045e-04 6.870728e-08
2025 1.116019e-04 6.832087e-08
2026 1.115992e-04 6.793662e-08
2027 1.115966e-04 6.755454e-08
2028 1.115939e-04 6.717460e-08
2029 1.115913e-04 6.679680e-08
2030 1.115887e-04 6.642113e-08
2031 1.115861e-04 6.604757e-08
2032 1.115836e-04 6.567611e-08
2033 1.115810e-04 6.530674e-08
2034 1.115785e-04 6.493945e-08
2035 1.115760e-04 6.457422e-08
2036 1.115734e-04 6.421105e-08
2037 1.115710e-04 6.384991e-08
2038 1.115685e-04 6.349081e-08
2039 1.115660e-04 6.313373e-08
2040 1.115636e-04 6.277866e-08
2041 1.115611e-04 6.242559e-08
2042 1.115587e-04 6.207450e-08
2043 1.115563e-04 6.172538e-08
2044 1.115539e-04 6.137823e-08
2045 1.115515e-04 6.103303e-08
2046 1.115492e-04 6.068978e-08
2047 1.115468e-04 6.034845e-08
2048 1.115445e-04 6.000904e-08
2049 1.115422e-04 5.967154e-08
2050 1.115398e-04 5.933594e-08
2051 1.115375e-04 5.900223e-08
2052 1.115353e-04 5.867040e-08
2053 1.115330e-04 5.834043e-08
2054 1.115307e-04 5.801231e-08
2055 1.115285e-04 5.768604e-08
2056 1.115263e-04 5.736161e-08
2057 1.115241e-04 5.703900e-08
2058 1.115218e-04 5.671821e-08
2059 1.115197e-04 5.639922e-08
2060 1.115175e-04 5.608202e-08
2061 1.115153e-04 5.576661e-08
2062 1.115132e-04 5.545297e-08
2063 1.115110e-04 5.514110e-08
2064 1.115089e-04 5.483098e-08
2065 1.115068e-04 5.452260e-08
2066 1.115047e-04 5.421596e-08
2067 1.115026e-04 5.391104e-08
2068 1.115005e-04 5.360784e-08
2069 1.114984e-04 5.330634e-08
2070 1.114964e-04 5.300654e-08
2071 1.114943e-04 5.270843e-08
2072 1.114923e-04 5.241199e-08
2073 1.114903e-04 5.211722e-08
2074 1.114883e-04 5.182410e-08
2075 1.114863e-04 5.153264e-08
2076 1.114843e-04 5.124281e-08
2077 1.114823e-04 5.095461e-08
2078 1.114804e-04 5.066804e-08
2079 1.114784e-04 5.038308e-08
2080 1.114765e-04 5.009972e-08
2081 1.114746e-04 4.981795e-08
2082 1.114727e-04 4.953777e-08
2083 1.114708e-04 4.925916e-08
2084 1.114689e-04 4.898212e-08
2085 1.114670e-04 4.870664e-08
2086 1.114651e-04 4.843271e-08
2087 1.114632e-04 4.816032e-08
2088 1.114614e-04 4.788946e-08
2089 1.114596e-04 4.762012e-08
2090 1.114577e-04 4.735230e-08
2091 1.114559e-04 4.708598e-08
2092 1.114541e-04 4.682117e-08
2093 1.114523e-04 4.655784e-08
2094 1.114505e-04 4.629599e-08
2095 1.114488e-04 4.603562e-08
2096 1.114470e-04 4.577671e-08
2097 1.114452e-04 4.551925e-08
2098 1.114435e-04 4.526325e-08
2099 1.114418e-04 4.500868e-08
2100 1.114400e-04 4.475555e-08
2101 1.114383e-04 4.450384e-08
2102 1.114366e-04 4.425354e-08
2103 1.114349e-04 4.400465e-08
2104 1.114332e-04 4.375717e-08
2105 1.114316e-04 4.351107e-08
2106 1.114299e-04 4.326636e-08
2107 1.114282e-04 4.302302e-08
2108 1.114266e-04 4.278106e-08
2109 1.114250e-04 4.254045e-08
2110 1.114233e-04 4.230120e-08
2111 1.114217e-04 4.206329e-08
2112 1.114201e-04 4.182672e-08
2113 1.114185e-04 4.159148e-08
2114 1.114169e-04 4.135757e-08
2115 1.114153e-04 4.112497e-08
2116 1.114138e-04 4.089367e-08
2117 1.114122e-04 4.066368e-08
2118 1.114107e-04 4.043499e-08
2119 1.114091e-04 4.020757e-08
2120 1.114076e-04 3.998144e-08
2121 1.114061e-04 3.975658e-08
2122 1.114045e-04 3.953299e-08
2123 1.114030e-04 3.931065e-08
2124 1.114015e-04 3.908956e-08
2125 1.114000e-04 3.886971e-08
2126 1.113986e-04 3.865111e-08
2127 1.113971e-04 3.843373e-08
2128 1.113956e-04 3.821757e-08
2129 1.113942e-04 3.800263e-08
2130 1.113927e-04 3.778890e-08
2131 1.113913e-04 3.757637e-08
2132 1.113898e-04 3.736504e-08
2133 1.113884e-04 3.715489e-08
2134 1.113870e-04 3.694593e-08
2135 1.113856e-04 3.673814e-08
2136 1.113842e-04 3.653152e-08
2137 1.113828e-04 3.632606e-08
2138 1.113814e-04 3.612176e-08
2139 1.113801e-04 3.591861e-08
2140 1.113787e-04 3.571659e-08
2141 1.113773e-04 3.551572e-08
2142 1.113760e-04 3.531598e-08
2143 1.113746e-04 3.511735e-08
2144 1.113733e-04 3.491985e-08
2145 1.113720e-04 3.472346e-08
2146 1.113706e-04 3.452817e-08
2147 1.113693e-04 3.433398e-08
2148 1.113680e-04 3.414088e-08
2149 1.113667e-04 3.394887e-08
2150 1.113654e-04 3.375793e-08
2151 1.113642e-04 3.356807e-08
2152 1.113629e-04 3.337928e-08
2153 1.113616e-04 3.319155e-08
2154 1.113604e-04 3.300488e-08
2155 1.113591e-04 3.281926e-08
2156 1.113579e-04 3.263468e-08
2157 1.113566e-04 3.245114e-08
2158 1.113554e-04 3.226863e-08
2159 1.113542e-04 3.208714e-08
2160 1.113529e-04 3.190668e-08
2161 1.113517e-04 3.172723e-08
2162 1.113505e-04 3.154880e-08
2163 1.113493e-04 3.137136e-08
2164 1.113481e-04 3.119493e-08
2165 1.113470e-04 3.101948e-08
2166 1.113458e-04 3.084502e-08
2167 1.113446e-04 3.067155e-08
2168 1.113435e-04 3.049905e-08
2169 1.113423e-04 3.032752e-08
2170 1.113411e-04 3.015695e-08
2171 1.113400e-04 2.998735e-08
2172 1.113389e-04 2.981869e-08
2173 1.113377e-04 2.965099e-08
2174 1.113366e-04 2.948423e-08
2175 1.113355e-04 2.931840e-08
2176 1.113344e-04 2.915351e-08
2177 1.113333e-04 2.898955e-08
2178 1.113322e-04 2.882651e-08
2179 1.113311e-04 2.866439e-08
2180 1.113300e-04 2.850317e-08
2181 1.113289e-04 2.834287e-08
2182 1.113279e-04 2.818347e-08
2183 1.113268e-04 2.802496e-08
2184 1.113257e-04 2.786734e-08
2185 1.113247e-04 2.771061e-08
2186 1.113236e-04 2.755476e-08
2187 1.113226e-04 2.739979e-08
2188 1.113216e-04 2.724569e-08
2189 1.113205e-04 2.709246e-08
2190 1.113195e-04 2.694009e-08
2191 1.113185e-04 2.678857e-08
2192 1.113175e-04 2.663791e-08
2193 1.113165e-04 2.648810e-08
2194 1.113155e-04 2.633913e-08
2195 1.113145e-04 2.619099e-08
2196 1.113135e-04 2.604369e-08
2197 1.113125e-04 2.589722e-08
2198 1.113115e-04 2.575157e-08
2199 1.113105e-04 2.560674e-08
2200 1.113096e-04 2.546272e-08
2201 1.113086e-04 2.531952e-08
2202 1.113077e-04 2.517712e-08
2203 1.113067e-04 2.503552e-08
2204 1.113058e-04 2.489471e-08
2205 1.113048e-04 2.475470e-08
2206 1.113039e-04 2.461548e-08
2207 1.113030e-04 2.447704e-08
2208 1.113020e-04 2.433938e-08
2209 1.113011e-04 2.420249e-08
2210 1.113002e-04 2.406637e-08
2211 1.112993e-04 2.393102e-08
2212 1.112984e-04 2.379643e-08
2213 1.112975e-04 2.366259e-08
2214 1.112966e-04 2.352951e-08
2215 1.112957e-04 2.339718e-08
2216 1.112948e-04 2.326559e-08
2217 1.112940e-04 2.313474e-08
2218 1.112931e-04 2.300463e-08
2219 1.112922e-04 2.287525e-08
2220 1.112914e-04 2.274660e-08
2221 1.112905e-04 2.261867e-08
2222 1.112896e-04 2.249146e-08
2223 1.112888e-04 2.236496e-08
2224 1.112880e-04 2.223918e-08
2225 1.112871e-04 2.211410e-08
2226 1.112863e-04 2.198973e-08
2227 1.112855e-04 2.186606e-08
2228 1.112846e-04 2.174308e-08
2229 1.112838e-04 2.162079e-08
2230 1.112830e-04 2.149920e-08
2231 1.112822e-04 2.137828e-08
2232 1.112814e-04 2.125805e-08
2233 1.112806e-04 2.113849e-08
2234 1.112798e-04 2.101960e-08
2235 1.112790e-04 2.090139e-08
2236 1.112782e-04 2.078383e-08
2237 1.112774e-04 2.066694e-08
2238 1.112766e-04 2.055071e-08
2239 1.112759e-04 2.043513e-08
2240 1.112751e-04 2.032020e-08
2241 1.112743e-04 2.020592e-08
2242 1.112736e-04 2.009228e-08
2243 1.112728e-04 1.997928e-08
2244 1.112721e-04 1.986691e-08
2245 1.112713e-04 1.975518e-08
2246 1.112706e-04 1.964407e-08
2247 1.112698e-04 1.953359e-08
2248 1.112691e-04 1.942373e-08
2249 1.112684e-04 1.931449e-08
2250 1.112677e-04 1.920586e-08
2251 1.112669e-04 1.909785e-08
2252 1.112662e-04 1.899044e-08
2253 1.112655e-04 1.888363e-08
2254 1.112648e-04 1.877743e-08
2255 1.112641e-04 1.867182e-08
2256 1.112634e-04 1.856681e-08
2257 1.112627e-04 1.846239e-08
2258 1.112620e-04 1.835855e-08
2259 1.112613e-04 1.825530e-08
2260 1.112606e-04 1.815263e-08
2261 1.112599e-04 1.805054e-08
2262 1.112593e-04 1.794902e-08
2263 1.112586e-04 1.784807e-08
2264 1.112579e-04 1.774769e-08
2265 1.112572e-04 1.764788e-08
2266 1.112566e-04 1.754862e-08
2267 1.112559e-04 1.744993e-08
2268 1.112553e-04 1.735179e-08
2269 1.112546e-04 1.725420e-08
2270 1.112540e-04 1.715716e-08
2271 1.112533e-04 1.706067e-08
2272 1.112527e-04 1.696471e-08
2273 1.112520e-04 1.686930e-08
2274 1.112514e-04 1.677443e-08
2275 1.112508e-04 1.668009e-08
2276 1.112502e-04 1.658627e-08
2277 1.112495e-04 1.649299e-08
2278 1.112489e-04 1.640023e-08
2279 1.112483e-04 1.630800e-08
2280 1.112477e-04 1.621628e-08
2281 1.112471e-04 1.612508e-08
2282 1.112465e-04 1.603439e-08
2283 1.112459e-04 1.594421e-08
2284 1.112453e-04 1.585453e-08
2285 1.112447e-04 1.576537e-08
2286 1.112441e-04 1.567670e-08
2287 1.112435e-04 1.558853e-08
2288 1.112429e-04 1.550086e-08
2289 1.112423e-04 1.541368e-08
2290 1.112418e-04 1.532699e-08
2291 1.112412e-04 1.524079e-08
2292 1.112406e-04 1.515508e-08
2293 1.112400e-04 1.506984e-08
2294 1.112395e-04 1.498509e-08
2295 1.112389e-04 1.490081e-08
2296 1.112384e-04 1.481701e-08
2297 1.112378e-04 1.473367e-08
2298 1.112373e-04 1.465081e-08
2299 1.112367e-04 1.456841e-08
2300 1.112362e-04 1.448648e-08
2301 1.112356e-04 1.440500e-08
2302 1.112351e-04 1.432399e-08
2303 1.112345e-04 1.424343e-08
2304 1.112340e-04 1.416332e-08
2305 1.112335e-04 1.408366e-08
2306 1.112330e-04 1.400446e-08
2307 1.112324e-04 1.392569e-08
2308 1.112319e-04 1.384737e-08
2309 1.112314e-04 1.376949e-08
2310 1.112309e-04 1.369205e-08
2311 1.112304e-04 1.361505e-08
2312 1.112298e-04 1.353847e-08
2313 1.112293e-04 1.346233e-08
2314 1.112288e-04 1.338662e-08
2315 1.112283e-04 1.331133e-08
2316 1.112278e-04 1.323647e-08
2317 1.112273e-04 1.316202e-08
2318 1.112269e-04 1.308800e-08
2319 1.112264e-04 1.301439e-08
2320 1.112259e-04 1.294119e-08
2321 1.112254e-04 1.286841e-08
2322 1.112249e-04 1.279604e-08
2323 1.112244e-04 1.272407e-08
2324 1.112240e-04 1.265251e-08
2325 1.112235e-04 1.258135e-08
2326 1.112230e-04 1.251059e-08
2327 1.112225e-04 1.244023e-08
2328 1.112221e-04 1.237026e-08
2329 1.112216e-04 1.230069e-08
2330 1.112212e-04 1.223151e-08
2331 1.112207e-04 1.216272e-08
2332 1.112202e-04 1.209432e-08
2333 1.112198e-04 1.202630e-08
2334 1.112193e-04 1.195866e-08
2335 1.112189e-04 1.189140e-08
2336 1.112184e-04 1.182452e-08
2337 1.112180e-04 1.175802e-08
2338 1.112176e-04 1.169189e-08
2339 1.112171e-04 1.162613e-08
2340 1.112167e-04 1.156075e-08
2341 1.112163e-04 1.149573e-08
2342 1.112158e-04 1.143108e-08
2343 1.112154e-04 1.136679e-08
2344 1.112150e-04 1.130286e-08
2345 1.112146e-04 1.123929e-08
2346 1.112141e-04 1.117608e-08
2347 1.112137e-04 1.111322e-08
2348 1.112133e-04 1.105072e-08
2349 1.112129e-04 1.098857e-08
2350 1.112125e-04 1.092677e-08
2351 1.112121e-04 1.086531e-08
2352 1.112117e-04 1.080421e-08
2353 1.112113e-04 1.074344e-08
2354 1.112109e-04 1.068302e-08
2355 1.112105e-04 1.062294e-08
2356 1.112101e-04 1.056319e-08
2357 1.112097e-04 1.050378e-08
2358 1.112093e-04 1.044471e-08
2359 1.112089e-04 1.038597e-08
2360 1.112085e-04 1.032755e-08
2361 1.112081e-04 1.026947e-08
2362 1.112077e-04 1.021171e-08
2363 1.112074e-04 1.015428e-08
2364 1.112070e-04 1.009717e-08
2365 1.112066e-04 1.004039e-08
2366 1.112062e-04 9.983918e-09
