# step err_l2 res_l2
0 2.449623e-01 1.000000e+00
1 1.438921e-01 1.252047e-01
2 1.121865e-01 6.532363e-02
3 9.137049e-02 4.264087e-02
4 7.582612e-02 3.102777e-02
5 6.350971e-02 2.424629e-02
6 5.345483e-02 2.006391e-02
7 4.511906e-02 1.758474e-02
8 3.815397e-02 1.646188e-02
9 3.231226e-02 1.656055e-02
10 2.740705e-02 1.779272e-02
11 2.329278e-02 2.007322e-02
12 1.985615e-02 2.334645e-02
13 1.701229e-02 2.761596e-02
14 1.470438e-02 3.295275e-02
15 1.290551e-02 3.949180e-02
16 1.162026e-02 4.742806e-02
17 1.088055e-02 5.701622e-02
18 1.072963e-02 6.857483e-02
19 1.119789e-02 8.249428e-02
20 1.229032e-02 9.924849e-02
21 1.399931e-02 1.194101e-01
22 1.632900e-02 1.436696e-01
23 1.931248e-02 1.728585e-01
24 2.301798e-02 2.079776e-01
25 2.754982e-02 2.502316e-01
26 3.304887e-02 3.010698e-01
27 3.969465e-02 3.622362e-01
28 4.770940e-02 4.358293e-01
29 5.736447e-02 5.243736e-01
30 6.898872e-02 6.309068e-01
31 8.297936e-02 7.590837e-01
32 9.981516e-02 9.133017e-01
33 1.200728e-01 1.098852e+00
34 1.444463e-01 1.322099e+00
35 1.737711e-01 1.590703e+00
36 2.090522e-01 1.913879e+00
37 2.514991e-01 2.302715e+00
38 3.025668e-01 2.770551e+00
39 3.640058e-01 3.333437e+00
40 4.379223e-01 4.010686e+00
41 5.268503e-01 4.825533e+00
42 6.338382e-01 5.805935e+00
43 7.625537e-01 6.985530e+00
44 9.174095e-01 8.404788e+00
45 1.103714e+00 1.011240e+01
46 1.327855e+00 1.216697e+01
47 1.597515e+00 1.463897e+01
48 1.921940e+00 1.761323e+01
49 2.312251e+00 2.119179e+01
50 2.781830e+00 2.549744e+01
51 3.346776e+00 3.067791e+01
52 4.026455e+00 3.691095e+01
53 4.844171e+00 4.441043e+01
54 5.827958e+00 5.343366e+01
55 7.011543e+00 6.429026e+01
56 8.435505e+00 7.735273e+01
57 1.014866e+01 9.306929e+01
58 1.220975e+01 1.119792e+02
59 1.468944e+01 1.347313e+02
60 1.767274e+01 1.621064e+02
61 2.126193e+01 1.950437e+02
62 2.558008e+01 2.346734e+02
63 3.077523e+01 2.823555e+02
64 3.702551e+01 3.397260e+02
65 4.454521e+01 4.087536e+02
66 5.359215e+01 4.918069e+02
67 6.447653e+01 5.917359e+02
68 7.757154e+01 7.119696e+02
69 9.332616e+01 8.566339e+02
70 1.122806e+02 1.030693e+03
71 1.350847e+02 1.240120e+03
72 1.625204e+02 1.492101e+03
73 1.955285e+02 1.795284e+03
74 2.352406e+02 2.160072e+03
75 2.830186e+02 2.598983e+03
76 3.405005e+02 3.127081e+03
77 4.096574e+02 3.762487e+03
78 4.928607e+02 4.527006e+03
79 5.929633e+02 5.446875e+03
80 7.133977e+02 6.553662e+03
81 8.582935e+02 7.885349e+03
82 1.032619e+03 9.487637e+03
83 1.242353e+03 1.141551e+04
84 1.494685e+03 1.373514e+04
85 1.798270e+03 1.652612e+04
86 2.163517e+03 1.988425e+04
87 2.602951e+03 2.392476e+04
88 3.131641e+03 2.878632e+04
89 3.767717e+03 3.463579e+04
90 4.532989e+03 4.167391e+04
91 5.453702e+03 5.014223e+04
92 6.561429e+03 6.033139e+04
93 7.894155e+03 7.259108e+04
94 9.497585e+03 8.734206e+04
95 1.142670e+04 1.050906e+05
96 1.374767e+04 1.264458e+05
97 1.654007e+04 1.521407e+05
98 1.989967e+04 1.830571e+05
99 2.394168e+04 2.202562e+05
100 2.880472e+04 2.650146e+05
101 3.465557e+04 3.188686e+05
102 4.169487e+04 3.836666e+05
103 5.016403e+04 4.616325e+05
104 6.035351e+04 5.554425e+05
105 7.261275e+04 6.683164e+05
106 8.736219e+04 8.041282e+05
107 1.051077e+05 9.675396e+05
108 1.264578e+05 1.164160e+06
109 1.521447e+05 1.400737e+06
110 1.830495e+05 1.685391e+06
111 2.202321e+05 2.027894e+06
112 2.649676e+05 2.440000e+06
113 3.187904e+05 2.935857e+06
114 3.835464e+05 3.532483e+06
115 4.614566e+05 4.250359e+06
116 5.551931e+05 5.114125e+06
117 6.679709e+05 6.153430e+06
118 8.036580e+05 7.403951e+06
119 9.669082e+05 8.908611e+06
120 1.163321e+06 1.071906e+07
121 1.399633e+06 1.289745e+07
122 1.683948e+06 1.551854e+07
123 2.026020e+06 1.867233e+07
124 2.437581e+06 2.246706e+07
125 2.932747e+06 2.703300e+07
126 3.528503e+06 3.252688e+07
127 4.245282e+06 3.913731e+07
128 5.107671e+06 4.709119e+07
129 6.145249e+06 5.666158e+07
130 7.393606e+06 6.817701e+07
131 8.895563e+06 8.203278e+07
132 1.070264e+07 9.870455e+07
133 1.287681e+07 1.187646e+08
134 1.549267e+07 1.429017e+08
135 1.863994e+07 1.719444e+08
136 2.242657e+07 2.068896e+08
137 2.698246e+07 2.489371e+08
138 3.246388e+07 2.995304e+08
139 3.905886e+07 3.604063e+08
140 4.699363e+07 4.336548e+08
141 5.654038e+07 5.217904e+08
142 6.802658e+07 6.278391e+08
143 8.184626e+07 7.554415e+08
144 9.847349e+07 9.089785e+08
145 1.184786e+08 1.093721e+09
146 1.425480e+08 1.316012e+09
147 1.715072e+08 1.583483e+09
148 2.063497e+08 1.905316e+09
149 2.482707e+08 2.292562e+09
150 2.987085e+08 2.758514e+09
151 3.593932e+08 3.319172e+09
152 4.324066e+08 3.993783e+09
153 5.202537e+08 4.805509e+09
154 6.259479e+08 5.782220e+09
155 7.531153e+08 6.957450e+09
156 9.061186e+08 8.371548e+09
157 1.090207e+09 1.007307e+10
158 1.311695e+09 1.212043e+10
159 1.578183e+09 1.458392e+10
160 1.898812e+09 1.754814e+10
161 2.284582e+09 2.111485e+10
162 2.748729e+09 2.540652e+10
163 3.307175e+09 3.057051e+10
164 3.979082e+09 3.678412e+10
165 4.787499e+09 4.426070e+10
166 5.760164e+09 5.325697e+10
167 6.930447e+09 6.408183e+10
168 8.338500e+09 7.710696e+10
169 1.003263e+10 9.277960e+10
170 1.207097e+10 1.116379e+11
171 1.452344e+10 1.343294e+11
172 1.747419e+10 1.616332e+11
173 2.102447e+10 1.944870e+11
174 2.529608e+10 2.340188e+11
175 3.043559e+10 2.815860e+11
176 3.661933e+10 3.388221e+11
177 4.405948e+10 4.076924e+11
178 5.301132e+10 4.905618e+11
179 6.378200e+10 5.902760e+11
180 7.674107e+10 7.102590e+11
181 9.233319e+10 8.546309e+11
182 1.110934e+11 1.028349e+12
183 1.336653e+11 1.237380e+12
184 1.608234e+11 1.488900e+12
185 1.934997e+11 1.791548e+12
186 2.328154e+11 2.155716e+12
187 2.801194e+11 2.593910e+12
188 3.370350e+11 3.121177e+12
189 4.055151e+11 3.755625e+12
190 4.879096e+11 4.519040e+12
191 5.870457e+11 5.437641e+12
192 7.063252e+11 6.542972e+12
193 8.498412e+11 7.872992e+12
194 1.022518e+12 9.473377e+12
195 1.230282e+12 1.139909e+13
196 1.480262e+12 1.371626e+13
197 1.781036e+12 1.650446e+13
198 2.142925e+12 1.985945e+13
199 2.578348e+12 2.389646e+13
200 3.102247e+12 2.875412e+13
201 3.732600e+12 3.459925e+13
202 4.491040e+12 4.163261e+13
203 5.403591e+12 5.009575e+13
204 6.501572e+12 6.027931e+13
205 7.822661e+12 7.253306e+13
206 9.412194e+12 8.727782e+13
207 1.132472e+13 1.050200e+14
208 1.362588e+13 1.263690e+14
209 1.639463e+13 1.520579e+14
210 1.972600e+13 1.829692e+14
211 2.373431e+13 2.201644e+14
212 2.855713e+13 2.649210e+14
213 3.435997e+13 3.187763e+14
214 4.134197e+13 3.835799e+14
215 4.974275e+13 4.615576e+14
216 5.985063e+13 5.553877e+14
217 7.201251e+13 6.682928e+14
218 8.664577e+13 8.041509e+14
219 1.042526e+14 9.676284e+14
220 1.254374e+14 1.164340e+15
221 1.509271e+14 1.401043e+15
222 1.815966e+14 1.685866e+15
223 2.184985e+14 2.028594e+15
224 2.628992e+14 2.440998e+15
225 3.163228e+14 2.937242e+15
226 3.806028e+14 3.534374e+15
227 4.579454e+14 4.252903e+15
228 5.510052e+14 5.117509e+15
229 6.629762e+14 6.157891e+15
230 7.977015e+14 7.409786e+15
231 9.598053e+14 8.916195e+15
232 1.154851e+15 1.072886e+16
233 1.389535e+15 1.291005e+16
234 1.671910e+15 1.553469e+16
235 2.011669e+15 1.869293e+16
236 2.420475e+15 2.249327e+16
237 2.912358e+15 2.706623e+16
238 3.504203e+15 3.256892e+16
239 4.216325e+15 3.919035e+16
240 5.073166e+15 4.715798e+16
241 6.104138e+15 5.674550e+16
242 7.344628e+15 6.828226e+16
243 8.837218e+15 8.216457e+16
244 1.063314e+16 9.886932e+16
245 1.279404e+16 1.189704e+17
246 1.539410e+16 1.431582e+17
247 1.852256e+16 1.722637e+17
248 2.228682e+16 2.072868e+17
249 2.681609e+16 2.494307e+17
250 3.226583e+16 3.001430e+17
251 3.882314e+16 3.611659e+17
252 4.671310e+16 4.345959e+17
253 5.620655e+16 5.229554e+17
254 6.762939e+16 6.292801e+17
255 8.137373e+16 7.572225e+17
256 9.791140e+16 9.111781e+17
257 1.178101e+17 1.096436e+18
258 1.417529e+17 1.319361e+18
259 1.705618e+17 1.587610e+18
260 2.052257e+17 1.910401e+18
261 2.469347e+17 2.298823e+18
262 2.971205e+17 2.766220e+18
263 3.575060e+17 3.328650e+18
264 4.301643e+17 4.005435e+18
265 5.175897e+17 4.819828e+18
266 6.227836e+17 5.799808e+18
267 7.493573e+17 6.979044e+18
268 9.016561e+17 8.398051e+18
269 1.084909e+18 1.010558e+19
270 1.305406e+18 1.216030e+19
271 1.570719e+18 1.463280e+19
272 1.889955e+18 1.760804e+19
273 2.274075e+18 2.118823e+19
274 2.736265e+18 2.549639e+19
275 3.292395e+18 3.068052e+19
276 3.961558e+18 3.691877e+19
277 4.766726e+18 4.442544e+19
278 5.735545e+18 5.345848e+19
279 6.901277e+18 6.432825e+19
280 8.303945e+18 7.740821e+19
281 9.991707e+18 9.314779e+19
282 1.202251e+19 1.120878e+20
283 1.446608e+19 1.348790e+20
284 1.740632e+19 1.623045e+20
285 2.094417e+19 1.953066e+20
286 2.520111e+19 2.350194e+20
287 3.032329e+19 2.828073e+20
288 3.648659e+19 3.403123e+20
289 4.390263e+19 4.095105e+20
290 5.282603e+19 4.927795e+20
291 6.356319e+19 5.929805e+20
292 7.648277e+19 7.135567e+20
293 9.202839e+19 8.586511e+20
294 1.107338e+20 1.033250e+21
295 1.332413e+20 1.243352e+21
296 1.603238e+20 1.496177e+21
297 1.929110e+20 1.800413e+21
298 2.321221e+20 2.166514e+21
299 2.793034e+20 2.607060e+21
300 3.360749e+20 3.137191e+21
301 4.043861e+20 3.775122e+21
302 4.865827e+20 4.542776e+21
303 5.854871e+20 5.466531e+21
304 7.044955e+20 6.578132e+21
305 8.476945e+20 7.915777e+21
306 1.020001e+21 9.525434e+21
307 1.227333e+21 1.146242e+22
308 1.476809e+21 1.379329e+22
309 1.776996e+21 1.659815e+22
310 2.138202e+21 1.997339e+22
311 2.572831e+21 2.403500e+22
312 3.095809e+21 2.892256e+22
313 3.725094e+21 3.480402e+22
314 4.482297e+21 4.188152e+22
315 5.393419e+21 5.039827e+22
316 6.489751e+21 6.064696e+22
317 7.808940e+21 7.297981e+22
318 9.396289e+21 8.782064e+22
319 1.130631e+22 1.056795e+23
320 1.360460e+22 1.271701e+23
321 1.637008e+22 1.530311e+23
322 1.969772e+22 1.841511e+23
323 2.370181e+22 2.215998e+23
324 2.851986e+22 2.666641e+23
325 3.431732e+22 3.208928e+23
326 4.129330e+22 3.861496e+23
327 4.968738e+22 4.646773e+23
328 5.978783e+22 5.591748e+23
329 7.194155e+22 6.728897e+23
330 8.656593e+22 8.097304e+23
331 1.041632e+23 9.743998e+23
332 1.253378e+23 1.172557e+24
333 1.508169e+23 1.411014e+24
334 1.814756e+23 1.697965e+24
335 2.183668e+23 2.043273e+24
336 2.627576e+23 2.458806e+24
337 3.161726e+23 2.958846e+24
338 3.804463e+23 3.560579e+24
339 4.577862e+23 4.284687e+24
340 5.508487e+23 5.156058e+24
341 6.628300e+23 6.204642e+24
342 7.975764e+23 7.466480e+24
343 9.597157e+23 8.984942e+24
344 1.154817e+24 1.081222e+25
345 1.389581e+24 1.301112e+25
346 1.672072e+24 1.565722e+25
347 2.011992e+24 1.884148e+25
348 2.421017e+24 2.267334e+25
349 2.913196e+24 2.728451e+25
350 3.505433e+24 3.283348e+25
351 4.218071e+24 3.951101e+25
352 5.075588e+24 4.754659e+25
353 6.107438e+24 5.721646e+25
354 7.349064e+24 6.885297e+25
355 8.843114e+24 8.285614e+25
356 1.064091e+25 9.970728e+25
357 1.280420e+25 1.199856e+26
358 1.540729e+25 1.443883e+26
359 1.853960e+25 1.737540e+26
360 2.230873e+25 2.090922e+26
361 2.684413e+25 2.516176e+26
362 3.230161e+25 3.027921e+26
363 3.886864e+25 3.643747e+26
364 4.677078e+25 4.384823e+26
365 5.627950e+25 5.276624e+26
366 6.772141e+25 6.349807e+26
367 8.148957e+25 7.641261e+26
368 9.805693e+25 9.195383e+26
369 1.179926e+26 1.106559e+27
370 1.419814e+26 1.331619e+27
371 1.708475e+26 1.602453e+27
372 2.055823e+26 1.928373e+27
373 2.473792e+26 2.320581e+27
374 2.976740e+26 2.792562e+27
375 3.581944e+26 3.360540e+27
376 4.310195e+26 4.044040e+27
377 5.186511e+26 4.866560e+27
378 6.240996e+26 5.856376e+27
379 7.509875e+26 7.047516e+27
380 9.036740e+26 8.480927e+27
381 1.087404e+27 1.020589e+28
382 1.308491e+27 1.228170e+28
383 1.574528e+27 1.477973e+28
384 1.894656e+27 1.778585e+28
385 2.279873e+27 2.140341e+28
386 2.743413e+27 2.575678e+28
387 3.301200e+27 3.099561e+28
388 3.972399e+27 3.730003e+28
389 4.780067e+27 4.488677e+28
390 5.751954e+27 5.401666e+28
391 6.921450e+27 6.500359e+28
392 8.328733e+27 7.822528e+28
393 1.002215e+28 9.413631e+28
394 1.205989e+28 1.132837e+29
395 1.451196e+28 1.363257e+29
396 1.746259e+28 1.640546e+29
397 2.101318e+28 1.974237e+29
398 2.528570e+28 2.375802e+29
399 3.042696e+28 2.859049e+29
400 3.661358e+28 3.440590e+29
401 4.405814e+28 4.140422e+29
402 5.301641e+28 4.982606e+29
403 6.379619e+28 5.996096e+29
404 7.676785e+28 7.215740e+29
405 9.237709e+28 8.683470e+29
406 1.111602e+29 1.044975e+30
407 1.337626e+29 1.257532e+30
408 1.609608e+29 1.513324e+30
409 1.936895e+29 1.821148e+30
410 2.330730e+29 2.191587e+30
411 2.804647e+29 2.637379e+30
412 3.374930e+29 3.173850e+30
413 4.061172e+29 3.819448e+30
414 4.886955e+29 4.596369e+30
415 5.880652e+29 5.531328e+30
416 7.076408e+29 6.656472e+30
417 8.515310e+29 8.010489e+30
418 1.024680e+30 9.639936e+30
419 1.233038e+30 1.160084e+31
420 1.483763e+30 1.396063e+31
421 1.785473e+30 1.680044e+31
422 2.148532e+30 2.021793e+31
423 2.585419e+30 2.433060e+31
424 3.111144e+30 2.927987e+31
425 3.743773e+30 3.523593e+31
426 4.505045e+30 4.240358e+31
427 5.421120e+30 5.102928e+31
428 6.523476e+30 6.140964e+31
429 7.849996e+30 7.390161e+31
430 9.446261e+30 8.893474e+31
431 1.136713e+31 1.070260e+32
432 1.367860e+31 1.287974e+32
433 1.646012e+31 1.549977e+32
434 1.980726e+31 1.865278e+32
435 2.383505e+31 2.244720e+32
436 2.868190e+31 2.701350e+32
437 3.451438e+31 3.250872e+32
438 4.153291e+31 3.912182e+32
439 4.997870e+31 4.708020e+32
440 6.014198e+31 5.665756e+32
441 7.237203e+31 6.818323e+32
442 8.708914e+31 8.205358e+32
443 1.047991e+32 9.874558e+32
444 1.261105e+32 1.188333e+33
445 1.517557e+32 1.430074e+33
446 1.826161e+32 1.720993e+33
447 2.197523e+32 2.071096e+33
448 2.644405e+32 2.492420e+33
449 3.182166e+32 2.999456e+33
450 3.829286e+32 3.609641e+33
451 4.608006e+32 4.343959e+33
452 5.545089e+32 5.227664e+33
453 6.672739e+32 6.291145e+33
454 8.029714e+32 7.570978e+33
455 9.662648e+32 9.111177e+33
456 1.162766e+33 1.096471e+34
457 1.399230e+33 1.319532e+34
458 1.683782e+33 1.587973e+34
459 2.026202e+33 1.911025e+34
460 2.438260e+33 2.299799e+34
461 2.934117e+33 2.767664e+34
462 3.530816e+33 3.330713e+34
463 4.248865e+33 4.008310e+34
464 5.112944e+33 4.823758e+34
465 6.152751e+33 5.805103e+34
466 7.404025e+33 6.986096e+34
467 8.909773e+33 8.407354e+34
468 1.072175e+34 1.011776e+35
469 1.290223e+34 1.217614e+35
470 1.552616e+34 1.465328e+35
471 1.868374e+34 1.763439e+35
472 2.248348e+34 2.122199e+35
473 2.705600e+34 2.553949e+35
474 3.255846e+34 3.073536e+35
475 3.917999e+34 3.698832e+35
476 4.714819e+34 4.451344e+35
477 5.673695e+34 5.356953e+35
478 6.827585e+34 6.446808e+35
479 8.216152e+34 7.758394e+35
480 9.887125e+34 9.336823e+35
481 1.189794e+35 1.123638e+36
482 1.431772e+35 1.352241e+36
483 1.722963e+35 1.627354e+36
484 2.073378e+35 1.958439e+36
485 2.495060e+35 2.356885e+36
486 3.002506e+35 2.836395e+36
487 3.613158e+35 3.413464e+36
488 4.348007e+35 4.107940e+36
489 5.232313e+35 4.943711e+36
490 6.296474e+35 5.949524e+36
491 7.577071e+35 7.159976e+36
492 9.118123e+35 8.616703e+36
493 1.097261e+36 1.036981e+37
494 1.320427e+36 1.247960e+37
495 1.588983e+36 1.501865e+37
496 1.912160e+36 1.807428e+37
497 2.301067e+36 2.175162e+37
498 2.769075e+36 2.617714e+37
499 3.332271e+36 3.150308e+37
500 4.010017e+36 3.791265e+37
501 4.825610e+36 4.562630e+37
502 5.807089e+36 5.490940e+37
503 6.988194e+36 6.608125e+37
504 8.409528e+36 7.952616e+37
505 1.011995e+37 9.570662e+37
506 1.217827e+37 1.151792e+38
507 1.465524e+37 1.386138e+38
508 1.763601e+37 1.668165e+38
509 2.122307e+37 2.007574e+38
510 2.553972e+37 2.416042e+38
511 3.073436e+37 2.907619e+38
512 3.698559e+37 3.499215e+38
513 4.450831e+37 4.211183e+38
514 5.356115e+37 5.068013e+38
515 6.445534e+37 6.099180e+38
516 7.756541e+37 7.340158e+38
517 9.334208e+37 8.833637e+38
518 1.123278e+38 1.063099e+39
519 1.351752e+38 1.279406e+39
520 1.626698e+38 1.539725e+39
521 1.957569e+38 1.853010e+39
522 2.355741e+38 2.230041e+39
523 2.834903e+38 2.683788e+39
524 3.411529e+38 3.229859e+39
525 4.105444e+38 3.887041e+39
526 4.940506e+38 4.677942e+39
527 5.945425e+38 5.629772e+39
528 7.154752e+38 6.775275e+39
529 8.610065e+38 8.153859e+39
530 1.036140e+39 9.812952e+39
531 1.246898e+39 1.180963e+40
532 1.500525e+39 1.421259e+40
533 1.805743e+39 1.710449e+40
534 2.173046e+39 2.058483e+40
535 2.615062e+39 2.477335e+40
536 3.146990e+39 2.981414e+40
537 3.787119e+39 3.588062e+40
538 4.557457e+39 4.318151e+40
539 5.484494e+39 5.196799e+40
540 6.600103e+39 6.254234e+40
541 7.942643e+39 7.526838e+40
542 9.558276e+39 9.058393e+40
543 1.150255e+40 1.090159e+41
544 1.384233e+40 1.311985e+41
545 1.665806e+40 1.578949e+41
546 2.004655e+40 1.900235e+41
547 2.412433e+40 2.286898e+41
548 2.903161e+40 2.752241e+41
549 3.493711e+40 3.312274e+41
550 4.204392e+40 3.986266e+41
551 5.059639e+40 4.797406e+41
552 6.088861e+40 5.773601e+41
553 7.327450e+40 6.948440e+41
554 8.817994e+40 8.362343e+41
555 1.061175e+41 1.006396e+42
556 1.277040e+41 1.211183e+42
557 1.536816e+41 1.457643e+42
558 1.849437e+41 1.754254e+42
559 2.225654e+41 2.111223e+42
560 2.678402e+41 2.540831e+42
561 3.223251e+41 3.057860e+42
562 3.878937e+41 3.680101e+42
563 4.668007e+41 4.428962e+42
564 5.617595e+41 5.330211e+42
565 6.760356e+41 6.414857e+42
566 8.135587e+41 7.720221e+42
567 9.790581e+41 9.291218e+42
568 1.178225e+42 1.118190e+43
569 1.417908e+42 1.345733e+43
570 1.706351e+42 1.619580e+43
571 2.053471e+42 1.949153e+43
572 2.471207e+42 2.345794e+43
573 2.973924e+42 2.823149e+43
574 3.578911e+42 3.397644e+43
575 4.306971e+42 4.089047e+43
576 5.183144e+42 4.921150e+43
577 6.237561e+42 5.922584e+43
578 7.506483e+42 7.127808e+43
579 9.033550e+42 8.578294e+43
580 1.087128e+43 1.032395e+44
581 1.308286e+43 1.242486e+44
582 1.574437e+43 1.495329e+44
583 1.894733e+43 1.799627e+44
584 2.280189e+43 2.165849e+44
585 2.744062e+43 2.606599e+44
586 3.302306e+43 3.137042e+44
587 3.974118e+43 3.775431e+44
588 4.782604e+43 4.543735e+44
589 5.755569e+43 5.468392e+44
590 6.926475e+43 6.581220e+44
591 8.335593e+43 7.920514e+44
592 1.003139e+44 9.532361e+44
593 1.207218e+44 1.147223e+45
594 1.452815e+44 1.380687e+45
595 1.748378e+44 1.661663e+45
596 2.104072e+44 1.999819e+45
597 2.532130e+44 2.406792e+45
598 3.047274e+44 2.896587e+45
599 3.667223e+44 3.486060e+45
600 4.413298e+44 4.195496e+45
601 5.311161e+44 5.049309e+45
602 6.391691e+44 6.076880e+45
603 7.692054e+44 7.313573e+45
604 9.256974e+44 8.801945e+45
605 1.114028e+45 1.059322e+46
606 1.340674e+45 1.274903e+46
607 1.613431e+45 1.534359e+46
608 1.941681e+45 1.846616e+46
609 2.336714e+45 2.222422e+46
610 2.812117e+45 2.674709e+46
611 3.384242e+45 3.219043e+46
612 4.072768e+45 3.874156e+46
613 4.901377e+45 4.662594e+46
614 5.898570e+45 5.611492e+46
615 7.098646e+45 6.753504e+46
616 8.542884e+45 8.127934e+46
617 1.028096e+46 9.782083e+46
618 1.237266e+46 1.177288e+47
619 1.488993e+46 1.416884e+47
620 1.791935e+46 1.705241e+47
621 2.156514e+46 2.052285e+47
622 2.595269e+46 2.469958e+47
623 3.123292e+46 2.972636e+47
624 3.758747e+46 3.577618e+47
625 4.523492e+46 4.305726e+47
626 5.443831e+46 5.182019e+47
627 6.551424e+46 6.236656e+47
628 7.884368e+46 7.505933e+47
629 9.488516e+46 9.033535e+47
630 1.141905e+47 1.087204e+48
631 1.374237e+47 1.308472e+48
632 1.653841e+47 1.574773e+48
633 1.990333e+47 1.895272e+48
634 2.395290e+47 2.281001e+48
635 2.882641e+47 2.745234e+48
636 3.469152e+47 3.303951e+48
637 4.174997e+47 3.976380e+48
638 5.024458e+47 4.785666e+48
639 6.046756e+47 5.759662e+48
640 7.277059e+47 6.931892e+48
641 8.757688e+47 8.342702e+48
642 1.053958e+48 1.004065e+49
643 1.268403e+48 1.208418e+49
644 1.526481e+48 1.454362e+49
645 1.837070e+48 1.750362e+49
646 2.210855e+48 2.106608e+49
647 2.660694e+48 2.535359e+49
648 3.202062e+48 3.051375e+49
649 3.853584e+48 3.672415e+49
650 4.637673e+48 4.419855e+49
651 5.581302e+48 5.319423e+49
652 6.716934e+48 6.402080e+49
653 8.083638e+48 7.705093e+49
654 9.728431e+48 9.273310e+49
655 1.170790e+49 1.116071e+50
656 1.409014e+49 1.343226e+50
657 1.695711e+49 1.616614e+50
658 2.040743e+49 1.945647e+50
659 2.455982e+49 2.341648e+50
660 2.955713e+49 2.818250e+50
661 3.557128e+49 3.391856e+50
662 4.280917e+49 4.082212e+50
663 5.151983e+49 4.913080e+50
664 6.200292e+49 5.913060e+50
665 7.461910e+49 7.116572e+50
666 8.980243e+49 8.565044e+50
667 1.080753e+50 1.030833e+51
668 1.300663e+50 1.240645e+51
669 1.565321e+50 1.493161e+51
670 1.883832e+50 1.797074e+51
671 2.267155e+50 2.162845e+51
672 2.728477e+50 2.603065e+51
673 3.283671e+50 3.132888e+51
674 3.951838e+50 3.770550e+51
675 4.755966e+50 4.538003e+51
676 5.723723e+50 5.461664e+51
677 6.888404e+50 6.573328e+51
678 8.290081e+50 7.911263e+51
679 9.976981e+50 9.521524e+51
680 1.200714e+51 1.145954e+52
681 1.445042e+51 1.379203e+52
682 1.739087e+51 1.659928e+52
683 2.092967e+51 1.997793e+52
684 2.518857e+51 2.404428e+52
685 3.031412e+51 2.893832e+52
686 3.648266e+51 3.482852e+52
687 4.390644e+51 4.191764e+52
688 5.284090e+51 5.044972e+52
689 6.359343e+51 6.071848e+52
690 7.653402e+51 7.307741e+52
691 9.210791e+51 8.795196e+52
692 1.108510e+52 1.058542e+53
693 1.334081e+52 1.274004e+53
694 1.605555e+52 1.533322e+53
695 1.932272e+52 1.845425e+53
696 2.325475e+52 2.221056e+53
697 2.798692e+52 2.673147e+53
698 3.368206e+52 3.217260e+53
699 4.053615e+52 3.872128e+53
700 4.878501e+52 4.660295e+53
701 5.871250e+52 5.608893e+53
702 7.066020e+52 6.750581e+53
703 8.503923e+52 8.124660e+53
704 1.023444e+53 9.778437e+53
705 1.231711e+53 1.176884e+54
706 1.482360e+53 1.416440e+54
707 1.784016e+53 1.704759e+54
708 2.147060e+53 2.051766e+54
709 2.583983e+53 2.469407e+54
710 3.109820e+53 2.972061e+54
711 3.742666e+53 3.577033e+54
712 4.504297e+53 4.305150e+54
713 5.420922e+53 5.181480e+54
714 6.524083e+53 6.236192e+54
715 7.851740e+53 7.505597e+54
716 9.449581e+53 9.033398e+54
717 1.137259e+54 1.087219e+55
718 1.368694e+54 1.308529e+55
719 1.647227e+54 1.574888e+55
720 1.982443e+54 1.895467e+55
721 2.385878e+54 2.281302e+55
722 2.871414e+54 2.745677e+55
723 3.455760e+54 3.304581e+55
724 4.159025e+54 3.977254e+55
725 5.005410e+54 4.786857e+55
726 6.024042e+54 5.761264e+55
727 7.249973e+54 6.934022e+55
728 8.725393e+54 8.345507e+55
729 1.050108e+55 1.004432e+56
730 1.263813e+55 1.208894e+56
731 1.521009e+55 1.454977e+56
732 1.830548e+55 1.751154e+56
733 2.203081e+55 2.107621e+56
734 2.651429e+55 2.536652e+56
735 3.191022e+55 3.053018e+56
736 3.840428e+55 3.674498e+56
737 4.621998e+55 4.422489e+56
738 5.562627e+55 5.322746e+56
739 6.694688e+55 6.406263e+56
740 8.057139e+55 7.710347e+56
741 9.696870e+55 9.279898e+56
742 1.167031e+56 1.116896e+57
743 1.404538e+56 1.344257e+57
744 1.690381e+56 1.617901e+57
745 2.034398e+56 1.947250e+57
746 2.448429e+56 2.343644e+57
747 2.946722e+56 2.820732e+57
748 3.546427e+56 3.394940e+57
749 4.268182e+56 4.086038e+57
750 5.136829e+56 4.917823e+57
751 6.182262e+56 5.918935e+57
752 7.440461e+56 7.123842e+57
753 8.954729e+56 8.574034e+57
754 1.077718e+57 1.031944e+58
755 1.297054e+57 1.242016e+58
756 1.561030e+57 1.494854e+58
757 1.878730e+57 1.799161e+58
758 2.261090e+57 2.165417e+58
759 2.721268e+57 2.606233e+58
760 3.275104e+57 3.136787e+58
761 3.941658e+57 3.775348e+58
762 4.743872e+57 4.543903e+58
763 5.709356e+57 5.468916e+58
764 6.871341e+57 6.582237e+58
765 8.269818e+57 7.922203e+58
766 9.952922e+57 9.534953e+58
767 1.197858e+58 1.147602e+59
768 1.441652e+58 1.381224e+59
769 1.735064e+58 1.662406e+59
770 2.088193e+58 2.000830e+59
771 2.513194e+58 2.408149e+59
772 3.024696e+58 2.898389e+59
773 3.640302e+58 3.488431e+59
774 4.381202e+58 4.198593e+59
775 5.272897e+58 5.053328e+59
776 6.346079e+58 6.082068e+59
777 7.637685e+58 7.320239e+59
778 9.192174e+58 8.810476e+59
779 1.106305e+59 1.060409e+60
780 1.331471e+59 1.276286e+60
781 1.602465e+59 1.536110e+60
782 1.928616e+59 1.848830e+60
783 2.321148e+59 2.225214e+60
784 2.793575e+59 2.678222e+60
785 3.362156e+59 3.223455e+60
786 4.046463e+59 3.879687e+60
787 4.870049e+59 4.669516e+60
788 5.861265e+59 5.620141e+60
789 7.054228e+59 6.764298e+60
790 8.490002e+59 8.141385e+60
791 1.021801e+60 9.798825e+60
792 1.229773e+60 1.179369e+61
793 1.480074e+60 1.419469e+61
794 1.781322e+60 1.708449e+61
795 2.143885e+60 2.056260e+61
796 2.580243e+60 2.474882e+61
797 3.105417e+60 2.978728e+61
798 3.737485e+60 3.585151e+61
799 4.498203e+60 4.315034e+61
800 5.413758e+60 5.193510e+61
801 6.515665e+60 6.250834e+61
802 7.841856e+60 7.523415e+61
803 9.437980e+60 9.055078e+61
804 1.135898e+61 1.089857e+62
805 1.367099e+61 1.311737e+62
806 1.645359e+61 1.578790e+62
807 1.980256e+61 1.900212e+62
808 2.383320e+61 2.287072e+62
809 2.868425e+61 2.752693e+62
810 3.452269e+61 3.313110e+62
811 4.154952e+61 3.987622e+62
812 5.000663e+61 4.799459e+62
813 6.018514e+61 5.776578e+62
814 7.243543e+61 6.952630e+62
815 8.717923e+61 8.368117e+62
816 1.049241e+62 1.007179e+63
817 1.262808e+62 1.212231e+63
818 1.519847e+62 1.459030e+63
819 1.829205e+62 1.756076e+63
820 2.201532e+62 2.113599e+63
821 2.649646e+62 2.543911e+63
822 3.188973e+62 3.061832e+63
823 3.838079e+62 3.685199e+63
824 4.619310e+62 4.435480e+63
825 5.559561e+62 5.338515e+63
826 6.691201e+62 6.425403e+63
827 8.053186e+62 7.733577e+63
828 9.692405e+62 9.308090e+63
829 1.166529e+63 1.120317e+64
830 1.403976e+63 1.348408e+64
831 1.689755e+63 1.622937e+64
832 2.033706e+63 1.953360e+64
833 2.447669e+63 2.351056e+64
834 2.945896e+63 2.829723e+64
835 3.545539e+63 3.405845e+64
836 4.267241e+63 4.099264e+64
837 5.135849e+63 4.933863e+64
838 6.181267e+63 5.938385e+64
839 7.439485e+63 7.147428e+64
840 8.953820e+63 8.602632e+64
841 1.077641e+64 1.035411e+65
842 1.296999e+64 1.246220e+65
843 1.561010e+64 1.499949e+65
844 1.878762e+64 1.805338e+65
845 2.261195e+64 2.172905e+65
846 2.721475e+64 2.615308e+65
847 3.275448e+64 3.147786e+65
848 3.942188e+64 3.788678e+65
849 4.744649e+64 4.560056e+65
850 5.710459e+64 5.488490e+65
851 6.872868e+64 6.605955e+65
852 8.271898e+64 7.950941e+65
853 9.955715e+64 9.569770e+65
854 1.198229e+65 1.151820e+66
855 1.442140e+65 1.386334e+66
856 1.735702e+65 1.668596e+66
857 2.089022e+65 2.008328e+66
858 2.514264e+65 2.417231e+66
859 3.026071e+65 2.909389e+66
860 3.642062e+65 3.501754e+66
861 4.383446e+65 4.214727e+66
862 5.275750e+65 5.072867e+66
863 6.349695e+65 6.105729e+66
864 7.642257e+65 7.348890e+66
865 9.197939e+65 8.845168e+66
866 1.107030e+66 1.064610e+67
867 1.332382e+66 1.281371e+67
868 1.603607e+66 1.542267e+67
869 1.930045e+66 1.856284e+67
870 2.322935e+66 2.234237e+67
871 2.795805e+66 2.689145e+67
872 3.364935e+66 3.236677e+67
873 4.049922e+66 3.895692e+67
874 4.874350e+66 4.688888e+67
875 5.866607e+66 5.643588e+67
876 7.060856e+66 6.792674e+67
877 8.498218e+66 8.175727e+67
878 1.022818e+67 9.840386e+67
879 1.231032e+67 1.184399e+68
880 1.481631e+67 1.425555e+68
881 1.783246e+67 1.715813e+68
882 2.146260e+67 2.065171e+68
883 2.583174e+67 2.485664e+68
884 3.109031e+67 2.991774e+68
885 3.741938e+67 3.600934e+68
886 4.503688e+67 4.334128e+68
887 5.420510e+67 5.216611e+68
888 6.523972e+67 6.278780e+68
889 7.852069e+67 7.557221e+68
890 9.450534e+67 9.095972e+68
891 1.137440e+68 1.094804e+69
892 1.368993e+68 1.317721e+69
893 1.647683e+68 1.586028e+69
894 1.983108e+68 1.908966e+69
895 2.386818e+68 2.297660e+69
896 2.872713e+68 2.765498e+69
897 3.457525e+68 3.328596e+69
898 4.161391e+68 4.006350e+69
899 5.008548e+68 4.822107e+69
900 6.028168e+68 5.803966e+69
901 7.255360e+68 6.985749e+69
902 8.732381e+68 8.408165e+69
903 1.051009e+69 1.012021e+70
904 1.264971e+69 1.218086e+70
905 1.522491e+69 1.466110e+70
906 1.832436e+69 1.764636e+70
907 2.205481e+69 2.123948e+70
908 2.654469e+69 2.556424e+70
909 3.194864e+69 3.076960e+70
910 3.845272e+69 3.703487e+70
911 4.628091e+69 4.457589e+70
912 5.570278e+69 5.365241e+70
913 6.704278e+69 6.457711e+70
914 8.069140e+69 7.772632e+70
915 9.711864e+69 9.355299e+70
916 1.168902e+70 1.126023e+71
917 1.406869e+70 1.355305e+71
918 1.693282e+70 1.631274e+71
919 2.038005e+70 1.963437e+71
920 2.452908e+70 2.363235e+71
921 2.952279e+70 2.844442e+71
922 3.553314e+70 3.423635e+71
923 4.276711e+70 4.120764e+71
924 5.147382e+70 4.959847e+71
925 6.195309e+70 5.969787e+71
926 7.456580e+70 7.185375e+71
927 8.974629e+70 8.648489e+71
928 1.080173e+71 1.040953e+72
929 1.300081e+71 1.252916e+72
930 1.564760e+71 1.508041e+72
931 1.883324e+71 1.815115e+72
932 2.266744e+71 2.184718e+72
933 2.728224e+71 2.629583e+72
934 3.283656e+71 3.165033e+72
935 3.952169e+71 3.809516e+72
936 4.756784e+71 4.585233e+72
937 5.725210e+71 5.518908e+72
938 6.890799e+71 6.642706e+72
939 8.293691e+71 7.995340e+72
940 9.982200e+71 9.623409e+72
941 1.201447e+72 1.158300e+73
942 1.446050e+72 1.394162e+73
943 1.740452e+72 1.678053e+73
944 2.094793e+72 2.019752e+73
945 2.521274e+72 2.431031e+73
946 3.034584e+72 2.926059e+73
947 3.652400e+72 3.521890e+73
948 4.396000e+72 4.239051e+73
949 5.290992e+72 5.102247e+73
950 6.368200e+72 6.141217e+73
951 7.664722e+72 7.391754e+73
952 9.225209e+72 8.896941e+73
953 1.110340e+73 1.070863e+74
954 1.336399e+73 1.288924e+74
955 1.608482e+73 1.551389e+74
956 1.935961e+73 1.867301e+74
957 2.330113e+73 2.247543e+74
958 2.804513e+73 2.705214e+74
959 3.375500e+73 3.256083e+74
960 4.062738e+73 3.919128e+74
961 4.889897e+73 4.717191e+74
962 5.885464e+73 5.677766e+74
963 7.083726e+73 6.833949e+74
964 8.525953e+73 8.225570e+74
965 1.026182e+74 9.900574e+74
966 1.235110e+74 1.191667e+75
967 1.486576e+74 1.434331e+75
968 1.789241e+74 1.726410e+75
969 2.153529e+74 2.077968e+75
970 2.591985e+74 2.501115e+75
971 3.119712e+74 3.010430e+75
972 3.754885e+74 3.623461e+75
973 4.519380e+74 4.361328e+75
974 5.439528e+74 5.249451e+75
975 6.547019e+74 6.318430e+75
976 7.879999e+74 7.605094e+75
977 9.484378e+74 9.153771e+75
978 1.141541e+75 1.101782e+76
979 1.373961e+75 1.326146e+76
980 1.653703e+75 1.596199e+76
981 1.990401e+75 1.921245e+76
982 2.395653e+75 2.312484e+76
983 2.883415e+75 2.783395e+76
984 3.470489e+75 3.350201e+76
985 4.177094e+75 4.032432e+76
986 5.027567e+75 4.853593e+76
987 6.051202e+75 5.841975e+76
988 7.283256e+75 7.031632e+76
989 8.766163e+75 8.463553e+76
990 1.055100e+76 1.018707e+77
991 1.269924e+76 1.226157e+77
992 1.528489e+76 1.475852e+77
993 1.839699e+76 1.776396e+77
994 2.214273e+76 2.138143e+77
995 2.665114e+76 2.573557e+77
996 3.207751e+76 3.097640e+77
997 3.860873e+76 3.728449e+77
998 4.646977e+76 4.487718e+77
999 5.593139e+76 5.401607e+77
1000 6.731948e+76 6.501603e+77
1001 8.102631e+76 7.825608e+77
1002 9.752400e+76 9.419238e+77
1003 1.173808e+77 1.133740e+78
1004 1.412806e+77 1.364619e+78
1005 1.700468e+77 1.642515e+78
1006 2.046700e+77 1.977003e+78
1007 2.463430e+77 2.379608e+78
1008 2.965010e+77 2.864202e+78
1009 3.568719e+77 3.447481e+78
1010 4.295351e+77 4.149543e+78
1011 5.169934e+77 4.994577e+78
1012 6.222595e+77 6.011699e+78
1013 7.489591e+77 7.235955e+78
1014 9.014565e+77 8.709527e+78
1015 1.085005e+78 1.048319e+79
1016 1.305926e+78 1.261805e+79
1017 1.571830e+78 1.518767e+79
1018 1.891876e+78 1.828059e+79
1019 2.277088e+78 2.200338e+79
1020 2.740736e+78 2.648430e+79
1021 3.298789e+78 3.187776e+79
1022 3.970472e+78 3.836960e+79
1023 4.778920e+78 4.618348e+79
1024 5.751981e+78 5.558866e+79
1025 6.923175e+78 6.690920e+79
1026 8.332844e+78 8.053516e+79
1027 1.002955e+79 9.693605e+79
1028 1.207173e+79 1.166770e+80
1029 1.452973e+79 1.404382e+80
1030 1.748824e+79 1.690383e+80
1031 2.104915e+79 2.034629e+80
1032 2.533513e+79 2.448982e+80
1033 3.049381e+79 2.947717e+80
1034 3.670291e+79 3.548021e+80
1035 4.417630e+79 4.270577e+80
1036 5.317143e+79 5.140284e+80
1037 6.399815e+79 6.187109e+80
1038 7.702941e+79 7.447121e+80
1039 9.271411e+79 8.963739e+80
1040 1.115925e+80 1.078922e+81
1041 1.343150e+80 1.298647e+81
1042 1.616643e+80 1.563119e+81
1043 1.945826e+80 1.881452e+81
1044 2.342037e+80 2.264614e+81
1045 2.818925e+80 2.725809e+81
1046 3.392919e+80 3.280929e+81
1047 4.083792e+80 3.949101e+81
1048 4.915343e+80 4.753349e+81
1049 5.916216e+80 5.721386e+81
1050 7.120892e+80 6.886569e+81
1051 8.570870e+80 8.289048e+81
1052 1.031610e+81 9.977149e+81
1053 1.241670e+81 1.200904e+82
1054 1.494503e+81 1.445474e+82
1055 1.798820e+81 1.739852e+82
1056 2.165104e+81 2.094182e+82
1057 2.605972e+81 2.520674e+82
1058 3.136613e+81 3.034023e+82
1059 3.775306e+81 3.651920e+82
1060 4.544055e+81 4.395656e+82
1061 5.469341e+81 5.290860e+82
1062 6.583041e+81 6.368378e+82
1063 7.923521e+81 7.665341e+82
1064 9.536960e+81 9.226441e+82
1065 1.147894e+82 1.110547e+83
1066 1.381636e+82 1.336718e+83
1067 1.662975e+82 1.608951e+83
1068 2.001603e+82 1.936627e+83
1069 2.409185e+82 2.331037e+83
1070 2.899762e+82 2.805771e+83
1071 3.490236e+82 3.377190e+83
1072 4.200948e+82 4.064985e+83
1073 5.056383e+82 4.892855e+83
1074 6.086010e+82 5.889329e+83
1075 7.325301e+82 7.088746e+83
1076 8.816949e+82 8.532437e+83
1077 1.061234e+83 1.027015e+84
1078 1.277334e+83 1.236177e+84
1079 1.537438e+83 1.487937e+84
1080 1.850508e+83 1.790971e+84
1081 2.227328e+83 2.155721e+84
1082 2.680882e+83 2.594756e+84
1083 3.226794e+83 3.123207e+84
1084 3.883872e+83 3.759283e+84
1085 4.674752e+83 4.524904e+84
1086 5.626683e+83 5.446453e+84
1087 6.772459e+83 6.555688e+84
1088 8.151553e+83 7.890832e+84
1089 9.811479e+83 9.497896e+84
1090 1.180942e+84 1.143226e+85
1091 1.421422e+84 1.376058e+85
1092 1.710871e+84 1.656310e+85
1093 2.059263e+84 1.993640e+85
1094 2.478600e+84 2.399671e+85
1095 2.983329e+84 2.888396e+85
1096 3.590838e+84 3.476657e+85
1097 4.322059e+84 4.184726e+85
1098 5.202183e+84 5.037005e+85
1099 6.261532e+84 6.062862e+85
1100 7.536605e+84 7.297652e+85
1101 9.071330e+84 8.783925e+85
1102 1.091858e+85 1.057290e+86
1103 1.314201e+85 1.272623e+86
1104 1.581820e+85 1.531812e+86
1105 1.903938e+85 1.843790e+86
1106 2.291650e+85 2.219306e+86
1107 2.758317e+85 2.671303e+86
1108 3.320014e+85 3.215357e+86
1109 3.996096e+85 3.870216e+86
1110 4.809854e+85 4.658449e+86
1111 5.789326e+85 5.607220e+86
1112 6.968258e+85 6.749224e+86
1113 8.387267e+85 8.123818e+86
1114 1.009525e+86 9.778374e+86
1115 1.215104e+86 1.176991e+87
1116 1.462547e+86 1.416706e+87
1117 1.760380e+86 1.705243e+87
1118 2.118865e+86 2.052547e+87
1119 2.550352e+86 2.470585e+87
1120 3.069707e+86 2.973765e+87
1121 3.694826e+86 3.579427e+87
1122 4.447245e+86 4.308445e+87
1123 5.352889e+86 5.185941e+87
1124 6.442960e+86 6.242157e+87
1125 7.755018e+86 7.513493e+87
1126 9.334267e+86 9.043763e+87
1127 1.123512e+87 1.088570e+88
1128 1.352307e+87 1.310279e+88
1129 1.627695e+87 1.577144e+88
1130 1.959164e+87 1.898361e+88
1131 2.358135e+87 2.285002e+88
1132 2.838354e+87 2.750389e+88
1133 3.416368e+87 3.310563e+88
1134 4.112091e+87 3.984829e+88
1135 4.949496e+87 4.796424e+88
1136 5.957434e+87 5.773319e+88
1137 7.170635e+87 6.949179e+88
1138 8.630899e+87 8.364531e+88
1139 1.038854e+88 1.006815e+89
1140 1.250412e+88 1.211875e+89
1141 1.505053e+88 1.458701e+89
1142 1.811552e+88 1.755798e+89
1143 2.180467e+88 2.113406e+89
1144 2.624512e+88 2.543850e+89
1145 3.158985e+88 3.061963e+89
1146 3.802303e+88 3.685603e+89
1147 4.576632e+88 4.436263e+89
1148 5.508651e+88 5.339813e+89
1149 6.630475e+88 6.427393e+89
1150 7.980757e+88 7.736485e+89
1151 9.606024e+88 9.312208e+89
1152 1.156227e+89 1.120887e+90
1153 1.391692e+89 1.349183e+90
1154 1.675108e+89 1.623977e+90
1155 2.016242e+89 1.954740e+90
1156 2.426848e+89 2.352872e+90
1157 2.921075e+89 2.832094e+90
1158 3.515951e+89 3.408922e+90
1159 4.231974e+89 4.103236e+90
1160 5.093816e+89 4.938966e+90
1161 6.131174e+89 5.944914e+90
1162 7.379792e+89 7.155752e+90
1163 8.882693e+89 8.613209e+90
1164 1.069166e+90 1.036752e+91
1165 1.286903e+90 1.247914e+91
1166 1.548983e+90 1.502085e+91
1167 1.864436e+90 1.808025e+91
1168 2.244133e+90 2.176279e+91
1169 2.701155e+90 2.619538e+91
1170 3.251252e+90 3.153079e+91
1171 3.913378e+90 3.795290e+91
1172 4.710349e+90 4.568307e+91
1173 5.669626e+90 5.498771e+91
1174 6.824264e+90 6.618751e+91
1175 8.214049e+90 7.966848e+91
1176 9.886871e+90 9.589525e+91
1177 1.190037e+91 1.154271e+92
1178 1.432393e+91 1.389371e+92
1179 1.724106e+91 1.672357e+92
1180 2.075229e+91 2.012982e+92
1181 2.497859e+91 2.422985e+92
1182 3.006561e+91 2.916498e+92
1183 3.618863e+91 3.510529e+92
1184 4.355864e+91 4.225554e+92
1185 5.242961e+91 5.086215e+92
1186 6.310721e+91 6.122177e+92
1187 7.595938e+91 7.369145e+92
1188 9.142899e+91 8.870098e+92
1189 1.100491e+92 1.067677e+93
1190 1.324613e+92 1.285142e+93
1191 1.594380e+92 1.546901e+93
1192 1.919087e+92 1.861976e+93
1193 2.309924e+92 2.241226e+93
1194 2.780357e+92 2.697723e+93
1195 3.346599e+92 3.247200e+93
1196 4.028161e+92 3.908597e+93
1197 4.848529e+92 4.704708e+93
1198 5.835973e+92 5.662974e+93
1199 7.024520e+92 6.816423e+93
1200 8.455126e+92 8.204810e+93
1201 1.017709e+93 9.875989e+93
1202 1.224975e+93 1.188756e+94
1203 1.474453e+93 1.430886e+94
1204 1.774739e+93 1.722333e+94
1205 2.136183e+93 2.073144e+94
1206 2.571238e+93 2.495409e+94
1207 3.094897e+93 3.003684e+94
1208 3.725206e+93 3.615486e+94
1209 4.483884e+93 4.351903e+94
1210 5.397077e+93 5.238318e+94
1211 6.496252e+93 6.305282e+94
1212 7.819288e+93 7.589571e+94
1213 9.411777e+93 9.135451e+94
1214 1.132860e+94 1.099620e+95
1215 1.363580e+94 1.323597e+95
1216 1.641290e+94 1.593194e+95
1217 1.975559e+94 1.917704e+95
1218 2.377906e+94 2.308313e+95
1219 2.862198e+94 2.778484e+95
1220 3.445122e+94 3.344422e+95
1221 4.146766e+94 4.025634e+95
1222 4.991311e+94 4.845600e+95
1223 6.007859e+94 5.832583e+95
1224 7.231443e+94 7.020602e+95
1225 8.704228e+94 8.450605e+95
1226 1.047697e+95 1.017188e+96
1227 1.261075e+95 1.224376e+96
1228 1.517912e+95 1.473766e+96
1229 1.827057e+95 1.773953e+96
1230 2.199165e+95 2.135286e+96
1231 2.647058e+95 2.570217e+96
1232 3.186173e+95 3.093739e+96
1233 3.835087e+95 3.723896e+96
1234 4.616163e+95 4.482409e+96
1235 5.556318e+95 5.395424e+96
1236 6.687953e+95 6.494409e+96
1237 8.050064e+95 7.817246e+96
1238 9.689594e+95 9.409531e+96
1239 1.166304e+96 1.132615e+97
1240 1.403842e+96 1.363316e+97
1241 1.689759e+96 1.641009e+97
1242 2.033907e+96 1.975265e+97
1243 2.448148e+96 2.377605e+97
1244 2.946757e+96 2.861899e+97
1245 3.546917e+96 3.444839e+97
1246 4.269312e+96 4.146518e+97
1247 5.138835e+96 4.991123e+97
1248 6.185454e+96 6.007766e+97
1249 7.445238e+96 7.231490e+97
1250 8.961602e+96 8.704476e+97
1251 1.078680e+97 1.047750e+98
1252 1.298375e+97 1.261167e+98
1253 1.562814e+97 1.518055e+98
1254 1.881112e+97 1.827269e+98
1255 2.264238e+97 2.199468e+98
1256 2.725395e+97 2.647481e+98
1257 3.280477e+97 3.186751e+98
1258 3.948613e+97 3.835866e+98
1259 4.752830e+97 4.617201e+98
1260 5.720843e+97 5.557688e+98
1261 6.886013e+97 6.689745e+98
1262 8.288496e+97 8.052395e+98
1263 9.976625e+97 9.692608e+98
1264 1.200858e+98 1.166692e+99
1265 1.445439e+98 1.404339e+99
1266 1.739834e+98 1.690393e+99
1267 2.094190e+98 2.034714e+99
1268 2.520719e+98 2.449171e+99
1269 3.034120e+98 2.948051e+99
1270 3.652087e+98 3.548550e+99
1271 4.395919e+98 4.271368e+99
1272 5.291249e+98 5.141419e+99
1273 6.368935e+98 6.188694e+99
1274 7.666118e+98 7.449295e+99
1275 9.227504e+98 8.966673e+99
1276 1.110690e+99 1.079313e+100
1277 1.336909e+99 1.299164e+100
1278 1.609203e+99 1.563796e+100
1279 1.936957e+99 1.882334e+100
1280 2.331465e+99 2.265755e+100
1281 2.806326e+99 2.727279e+100
1282 3.377904e+99 3.282812e+100
1283 4.065899e+99 3.951506e+100
1284 4.894022e+99 4.756410e+100
1285 5.890814e+99 5.725270e+100
1286 7.090629e+99 6.891483e+100
1287 8.534819e+99 8.295250e+100
1288 1.027316e+100 9.984960e+100
1289 1.236555e+100 1.201886e+101
1290 1.488412e+100 1.446706e+101
1291 1.791567e+100 1.741394e+101
1292 2.156467e+100 2.096111e+101
1293 2.595690e+100 2.523082e+101
1294 3.124372e+100 3.037025e+101
1295 3.760736e+100 3.655658e+101
1296 4.526713e+100 4.400306e+101
1297 5.448703e+100 5.296636e+101
1298 6.558482e+100 6.375548e+101
1299 7.894300e+100 7.674231e+101
1300 9.502196e+100 9.237455e+101
1301 1.143759e+101 1.111910e+102
1302 1.376718e+101 1.338404e+102
1303 1.657126e+101 1.611035e+102
1304 1.994647e+101 1.939200e+102
1305 2.400915e+101 2.334212e+102
1306 2.889931e+101 2.809687e+102
1307 3.478550e+101 3.382017e+102
1308 4.187059e+101 4.070930e+102
1309 5.039878e+101 4.900174e+102
1310 6.066399e+101 5.898334e+102
1311 7.302004e+101 7.099820e+102
1312 8.789277e+101 8.546049e+102
1313 1.057948e+102 1.028687e+103
1314 1.273431e+102 1.238231e+103
1315 1.532805e+102 1.490458e+103
1316 1.845008e+102 1.794064e+103
1317 2.220801e+102 2.159515e+103
1318 2.673136e+102 2.599408e+103
1319 3.217604e+102 3.128909e+103
1320 3.872970e+102 3.766269e+103
1321 4.661823e+102 4.533459e+103
1322 5.611352e+102 5.456928e+103
1323 6.754284e+102 6.568509e+103
1324 8.130011e+102 7.906520e+103
1325 9.785951e+102 9.517086e+103
1326 1.177918e+103 1.145573e+104
1327 1.417839e+103 1.378927e+104
1328 1.706629e+103 1.659817e+104
1329 2.054240e+103 1.997924e+104
1330 2.472654e+103 2.404905e+104
1331 2.976293e+103 2.894788e+104
1332 3.582514e+103 3.484462e+104
1333 4.312214e+103 4.194255e+104
1334 5.190542e+103 5.048633e+104
1335 6.247773e+103 6.077052e+104
1336 7.520345e+103 7.314962e+104
1337 9.052122e+103 8.805039e+104
1338 1.089590e+104 1.059865e+105
1339 1.311523e+104 1.275762e+105
1340 1.578660e+104 1.535639e+105
1341 1.900209e+104 1.848453e+105
1342 2.287253e+104 2.224989e+105
1343 2.753133e+104 2.678227e+105
1344 3.313906e+104 3.223791e+105
1345 3.988901e+104 3.880489e+105
1346 4.801384e+104 4.670959e+105
1347 5.779358e+104 5.622451e+105
1348 6.956533e+104 6.767767e+105
1349 8.373483e+104 8.146389e+105
1350 1.007905e+105 9.805843e+105
1351 1.213201e+105 1.180334e+106
1352 1.460315e+105 1.420773e+106
1353 1.757761e+105 1.710191e+106
1354 2.115795e+105 2.058565e+106
1355 2.546755e+105 2.477904e+106
1356 3.065497e+105 2.982665e+106
1357 3.689900e+105 3.590249e+106
1358 4.441487e+105 4.321602e+106
1359 5.346164e+105 5.201935e+106
1360 6.435113e+105 6.261598e+106
1361 7.745870e+105 7.537120e+106
1362 9.323612e+105 9.072474e+106
1363 1.122272e+106 1.092059e+107
1364 1.350867e+106 1.314518e+107
1365 1.626023e+106 1.582293e+107
1366 1.957226e+106 1.904616e+107
1367 2.355891e+106 2.292598e+107
1368 2.835761e+106 2.759615e+107
1369 3.413375e+106 3.321767e+107
1370 4.108644e+106 3.998432e+107
1371 4.945532e+106 4.812940e+107
1372 5.952886e+106 5.793369e+107
1373 7.165430e+106 6.973519e+107
1374 8.624957e+106 8.394074e+107
1375 1.038178e+107 1.010401e+108
1376 1.249645e+107 1.216227e+108
1377 1.504185e+107 1.463981e+108
1378 1.810574e+107 1.762205e+108
1379 2.179371e+107 2.121180e+108
1380 2.623290e+107 2.553281e+108
1381 3.157631e+107 3.073405e+108
1382 3.800813e+107 3.699482e+108
1383 4.575006e+107 4.453097e+108
1384 5.506896e+107 5.360229e+108
1385 6.628605e+107 6.452153e+108
1386 7.978799e+107 7.766511e+108
1387 9.604017e+107 9.348616e+108
1388 1.156028e+108 1.125301e+109
1389 1.391502e+108 1.354535e+109
1390 1.674941e+108 1.630466e+109
1391 2.016114e+108 1.962606e+109
1392 2.426782e+108 2.362407e+109
1393 2.921100e+108 2.843652e+109
1394 3.516108e+108 3.422930e+109
1395 4.232315e+108 4.120214e+109
1396 5.094410e+108 4.959541e+109
1397 6.132108e+108 5.969848e+109
1398 7.381179e+108 7.185965e+109
1399 8.884680e+108 8.649818e+109
1400 1.069444e+109 1.041187e+110
1401 1.287283e+109 1.253288e+110
1402 1.549495e+109 1.508595e+110
1403 1.865118e+109 1.815912e+110
1404 2.245033e+109 2.185832e+110
1405 2.702334e+109 2.631110e+110
1406 3.252785e+109 3.167095e+110
1407 3.915361e+109 3.812267e+110
1408 4.712901e+109 4.588867e+110
1409 5.672897e+109 5.523671e+110
1410 6.828440e+109 6.648904e+110
1411 8.219362e+109 8.003361e+110
1412 9.893611e+109 9.633737e+110
1413 1.190890e+110 1.159624e+111
1414 1.433469e+110 1.395853e+111
1415 1.725461e+110 1.680205e+111
1416 2.076931e+110 2.022482e+111
1417 2.499995e+110 2.434486e+111
1418 3.009235e+110 2.930420e+111
1419 3.622206e+110 3.527382e+111
1420 4.360037e+110 4.245953e+111
1421 5.248163e+110 5.110907e+111
1422 6.317199e+110 6.152062e+111
1423 7.603994e+110 7.405315e+111
1424 9.152908e+110 8.913871e+111
1425 1.101733e+111 1.072974e+112
1426 1.326154e+111 1.291553e+112
1427 1.596288e+111 1.554659e+112
1428 1.921448e+111 1.871363e+112
1429 2.312844e+111 2.252585e+112
1430 2.783966e+111 2.711466e+112
1431 3.351055e+111 3.263829e+112
1432 4.033659e+111 3.928715e+112
1433 4.855310e+111 4.729048e+112
1434 5.844330e+111 5.692420e+112
1435 7.034813e+111 6.852044e+112
1436 8.467797e+111 8.247902e+112
1437 1.019268e+112 9.928115e+112
1438 1.226892e+112 1.195061e+113
1439 1.476809e+112 1.438512e+113
1440 1.777634e+112 1.731558e+113
1441 2.139738e+112 2.084301e+113
1442 2.575602e+112 2.508904e+113
1443 3.100252e+112 3.020005e+113
1444 3.731773e+112 3.635224e+113
1445 4.491936e+112 4.375774e+113
1446 5.406944e+112 5.267184e+113
1447 6.508341e+112 6.340189e+113
1448 7.834094e+112 7.631782e+113
1449 9.429904e+112 9.186493e+113
1450 1.135078e+113 1.105792e+114
1451 1.366295e+113 1.331059e+114
1452 1.644610e+113 1.602217e+114
1453 1.979620e+113 1.928614e+114
1454 2.382871e+113 2.321503e+114
1455 2.868265e+113 2.794430e+114
1456 3.452535e+113 3.363700e+114
1457 4.155822e+113 4.048940e+114
1458 5.002371e+113 4.873774e+114
1459 6.021363e+113 5.866641e+114
1460 7.247928e+113 7.061772e+114
1461 8.724347e+113 8.500372e+114
1462 1.050152e+114 1.023204e+115
1463 1.264070e+114 1.231648e+115
1464 1.521565e+114 1.482555e+115
1465 1.831511e+114 1.784576e+115
1466 2.204595e+114 2.148125e+115
1467 2.653678e+114 2.585735e+115
1468 3.194241e+114 3.112493e+115
1469 3.844918e+114 3.746562e+115
1470 4.628140e+114 4.509802e+115
1471 5.570909e+114 5.428527e+115
1472 6.705723e+114 6.534414e+115
1473 8.071703e+114 7.865589e+115
1474 9.715940e+114 9.467949e+115
1475 1.169512e+115 1.139674e+116
1476 1.407746e+115 1.371846e+116
1477 1.694510e+115 1.651316e+116
1478 2.039689e+115 1.987719e+116
1479 2.455182e+115 2.392653e+116
1480 2.955314e+115 2.880081e+116
1481 3.557326e+115 3.466806e+116
1482 4.281970e+115 4.173059e+116
1483 5.154229e+115 5.023189e+116
1484 6.204171e+115 6.046506e+116
1485 7.467993e+115 7.278294e+116
1486 8.989263e+115 8.761020e+116
1487 1.082043e+116 1.054581e+117
1488 1.302461e+116 1.269419e+117
1489 1.567779e+116 1.528024e+117
1490 1.887145e+116 1.839312e+117
1491 2.271568e+116 2.214015e+117
1492 2.734300e+116 2.665053e+117
1493 3.291293e+116 3.207976e+117
1494 3.961751e+116 3.861504e+117
1495 4.768784e+116 4.648169e+117
1496 5.740217e+116 5.595093e+117
1497 6.909537e+116 6.734925e+117
1498 8.317057e+116 8.106964e+117
1499 1.001130e+117 9.758516e+117
1500 1.205067e+117 1.174652e+118
1501 1.450548e+117 1.413953e+118
1502 1.746035e+117 1.702004e+118
1503 2.101715e+117 2.048737e+118
1504 2.529850e+117 2.466107e+118
1505 3.045200e+117 2.968503e+118
1506 3.665530e+117 3.573249e+118
1507 4.412227e+117 4.301194e+118
1508 5.311033e+117 5.177438e+118
1509 6.392933e+117 6.232191e+118
1510 7.695226e+117 7.501819e+118
1511 9.262807e+117 9.030099e+118
1512 1.114972e+118 1.086972e+119
1513 1.342101e+118 1.308412e+119
1514 1.615499e+118 1.574963e+119
1515 1.944590e+118 1.895817e+119
1516 2.340720e+118 2.282036e+119
1517 2.817546e+118 2.746937e+119
1518 3.391505e+118 3.306547e+119
1519 4.082386e+118 3.980164e+119
1520 4.914006e+118 4.791010e+119
1521 5.915036e+118 5.767045e+119
1522 7.119985e+118 6.941920e+119
1523 8.570395e+118 8.356144e+119
1524 1.031627e+119 1.005848e+120
1525 1.241779e+119 1.210761e+120
1526 1.494742e+119 1.457421e+120
1527 1.799236e+119 1.754330e+120
1528 2.165759e+119 2.111727e+120
1529 2.606946e+119 2.541934e+120
1530 3.138009e+119 3.059784e+120
1531 3.777254e+119 3.683132e+120
1532 4.546721e+119 4.433471e+120
1533 5.472937e+119 5.336672e+120
1534 6.587834e+119 6.423876e+120
1535 7.929848e+119 7.732569e+120
1536 9.545246e+119 9.307874e+120
1537 1.148972e+120 1.120411e+121
1538 1.383031e+120 1.348665e+121
1539 1.664770e+120 1.623419e+121
1540 2.003902e+120 1.954148e+121
1541 2.412121e+120 2.352255e+121
1542 2.903498e+120 2.831465e+121
1543 3.494975e+120 3.408303e+121
1544 4.206943e+120 4.102656e+121
1545 5.063948e+120 4.938466e+121
1546 6.095536e+120 5.944551e+121
1547 7.337272e+120 7.155600e+121
1548 8.831965e+120 8.613371e+121
1549 1.063115e+121 1.036812e+122
1550 1.279685e+121 1.248037e+122
1551 1.540373e+121 1.502292e+122
1552 1.854166e+121 1.808346e+122
1553 2.231884e+121 2.176751e+122
1554 2.686548e+121 2.620210e+122
1555 3.233833e+121 3.154012e+122
1556 3.892607e+121 3.796563e+122
1557 4.685583e+121 4.570018e+122
1558 5.640099e+121 5.501046e+122
1559 6.789064e+121 6.621748e+122
1560 8.172089e+121 7.970766e+122
1561 9.836856e+121 9.594614e+122
1562 1.184076e+122 1.154928e+123
1563 1.425289e+122 1.390217e+123
1564 1.715640e+122 1.673439e+123
1565 2.065141e+122 2.014362e+123
1566 2.485839e+122 2.424740e+123
1567 2.992240e+122 2.918722e+123
1568 3.601803e+122 3.513342e+123
1569 4.335543e+122 4.229101e+123
1570 5.218757e+122 5.090679e+123
1571 6.281895e+122 6.127784e+123
1572 7.561610e+122 7.376175e+123
1573 9.102024e+122 8.878897e+123
1574 1.095624e+123 1.068776e+124
1575 1.318820e+123 1.286514e+124
1576 1.587483e+123 1.548612e+124
1577 1.910878e+123 1.864105e+124
1578 2.300154e+123 2.243873e+124
1579 2.768731e+123 2.701011e+124
1580 3.332765e+123 3.251279e+124
1581 4.011702e+123 3.913652e+124
1582 4.828950e+123 4.710969e+124
1583 5.812684e+123 5.670722e+124
1584 6.996821e+123 6.826002e+124
1585 8.422187e+123 8.216646e+124
1586 1.013792e+124 9.890601e+124
1587 1.220319e+124 1.190559e+125
1588 1.468918e+124 1.433108e+125
1589 1.768161e+124 1.725072e+125
1590 2.128364e+124 2.076517e+125
1591 2.561948e+124 2.499562e+125
1592 3.083860e+124 3.008792e+125
1593 3.712095e+124 3.621767e+125
1594 4.468312e+124 4.359622e+125
1595 5.378584e+124 5.247799e+125
1596 6.474294e+124 6.316924e+125
1597 7.793221e+124 7.603860e+125
1598 9.380836e+124 9.152981e+125
1599 1.129188e+125 1.101770e+126
1600 1.359223e+125 1.326232e+126
1601 1.636121e+125 1.596424e+126
1602 1.969428e+125 1.921661e+126
1603 2.370636e+125 2.313158e+126
1604 2.853578e+125 2.784415e+126
1605 3.434903e+125 3.351680e+126
1606 4.134656e+125 4.034515e+126
1607 4.976961e+125 4.856462e+126
1608 5.990860e+125 5.845864e+126
1609 7.211309e+125 7.036837e+126
1610 8.680387e+125 8.470446e+126
1611 1.044874e+126 1.019612e+127
1612 1.257735e+126 1.227337e+127
1613 1.513959e+126 1.477382e+127
1614 1.822382e+126 1.778368e+127
1615 2.193636e+126 2.140674e+127
1616 2.640521e+126 2.576793e+127
1617 3.178447e+126 3.101763e+127
1618 3.825958e+126 3.733684e+127
1619 4.605380e+126 4.494347e+127
1620 5.543586e+126 5.409979e+127
1621 6.672923e+126 6.512154e+127
1622 8.032329e+126 7.838876e+127
1623 9.668674e+126 9.435891e+127
1624 1.163838e+127 1.135827e+128
1625 1.400935e+127 1.367229e+128
1626 1.686333e+127 1.645775e+128
1627 2.029873e+127 1.981069e+128
1628 2.443400e+127 2.384673e+128
1629 2.941170e+127 2.870504e+128
1630 3.540347e+127 3.455314e+128
1631 4.261588e+127 4.159267e+128
1632 5.129762e+127 5.006638e+128
1633 6.174801e+127 6.026644e+128
1634 7.432736e+127 7.254458e+128
1635 8.946940e+127 8.732416e+128
1636 1.076962e+128 1.051148e+129
1637 1.296362e+128 1.265299e+129
1638 1.560458e+128 1.523080e+129
1639 1.878357e+128 1.833379e+129
1640 2.261018e+128 2.206896e+129
1641 2.721636e+128 2.656510e+129
1642 3.276092e+128 3.197725e+129
1643 3.943503e+128 3.849202e+129
1644 4.746881e+128 4.633406e+129
1645 5.713924e+128 5.577378e+129
1646 6.877975e+128 6.713666e+129
1647 8.279170e+128 8.081453e+129
1648 9.965820e+128 9.727903e+129
1649 1.199608e+129 1.170979e+130
1650 1.443995e+129 1.409544e+130
1651 1.738169e+129 1.696714e+130
1652 2.092273e+129 2.042389e+130
1653 2.518516e+129 2.458489e+130
1654 3.031594e+129 2.959363e+130
1655 3.649199e+129 3.562281e+130
1656 4.392623e+129 4.288033e+130
1657 5.287501e+129 5.161644e+130
1658 6.364687e+129 6.213238e+130
1659 7.661320e+129 7.479077e+130
1660 9.222108e+129 9.002810e+130
1661 1.110087e+130 1.083698e+131
1662 1.336237e+130 1.304482e+131
1663 1.608460e+130 1.570248e+131
1664 1.936141e+130 1.890159e+131
1665 2.330578e+130 2.275247e+131
1666 2.805372e+130 2.738790e+131
1667 3.376893e+130 3.296772e+131
1668 4.064846e+130 3.968434e+131
1669 4.892952e+130 4.776936e+131
1670 5.889764e+130 5.750157e+131
1671 7.089651e+130 6.921656e+131
1672 8.533984e+130 8.331829e+131
1673 1.027256e+131 1.002930e+132
1674 1.236533e+131 1.207261e+132
1675 1.488445e+131 1.453220e+132
1676 1.791678e+131 1.749290e+132
1677 2.156687e+131 2.105679e+132
1678 2.596057e+131 2.534677e+132
1679 3.124938e+131 3.051077e+132
1680 3.761565e+131 3.672685e+132
1681 4.527890e+131 4.420936e+132
1682 5.450334e+131 5.321631e+132
1683 6.560703e+131 6.405828e+132
1684 7.897283e+131 7.710915e+132
1685 9.506159e+131 9.281892e+132
1686 1.144280e+132 1.117293e+133
1687 1.377399e+132 1.344924e+133
1688 1.658011e+132 1.618931e+133
1689 1.995790e+132 1.948764e+133
1690 2.402383e+132 2.345794e+133
1691 2.891810e+132 2.823714e+133
1692 3.480946e+132 3.399002e+133
1693 4.190105e+132 4.091497e+133
1694 5.043738e+132 4.925077e+133
1695 6.071279e+132 5.928487e+133
1696 7.308157e+132 7.136326e+133
1697 8.797019e+132 8.590246e+133
1698 1.058920e+133 1.034038e+134
1699 1.274650e+133 1.244708e+134
1700 1.534330e+133 1.498298e+134
1701 1.846914e+133 1.803555e+134
1702 2.223179e+133 2.171002e+134
1703 2.676100e+133 2.613312e+134
1704 3.221293e+133 3.145736e+134
1705 3.877557e+133 3.786634e+134
1706 4.667519e+133 4.558106e+134
1707 5.618418e+133 5.486755e+134
1708 6.763042e+133 6.604602e+134
1709 8.140857e+133 7.950195e+134
1710 9.799371e+133 9.569934e+134
1711 1.179577e+134 1.151967e+135
1712 1.419889e+134 1.386664e+135
1713 1.709159e+134 1.669178e+135
1714 2.057362e+134 2.009249e+135
1715 2.476503e+134 2.418606e+135
1716 2.981035e+134 2.911363e+135
1717 3.588355e+134 3.504513e+135
1718 4.319403e+134 4.218509e+135
1719 5.199385e+134 5.077972e+135
1720 6.258645e+134 6.112540e+135
1721 7.533706e+134 7.357887e+135
1722 9.068534e+134 8.856956e+135
1723 1.091605e+135 1.066144e+136
1724 1.313996e+135 1.283357e+136
1725 1.581694e+135 1.544823e+136
1726 1.903930e+135 1.859561e+136
1727 2.291814e+135 2.238421e+136
1728 2.758722e+135 2.694470e+136
1729 3.320753e+135 3.243433e+136
1730 3.997286e+135 3.904240e+136
1731 4.811648e+135 4.699678e+136
1732 5.791919e+135 5.657177e+136
1733 6.971900e+135 6.809753e+136
1734 8.392278e+135 8.197153e+136
1735 1.010203e+136 9.867218e+136
1736 1.216011e+136 1.187754e+137
1737 1.463748e+136 1.429743e+137
1738 1.761956e+136 1.721036e+137
1739 2.120918e+136 2.071675e+137
1740 2.553011e+136 2.493753e+137
1741 3.073135e+136 3.001824e+137
1742 3.699223e+136 3.613408e+137
1743 4.452864e+136 4.349595e+137
1744 5.360045e+136 5.235772e+137
1745 6.452046e+136 6.302496e+137
1746 7.766520e+136 7.586553e+137
1747 9.348793e+136 9.132221e+137
1748 1.125342e+137 1.099280e+138
1749 1.354608e+137 1.323245e+138
1750 1.630583e+137 1.592840e+138
1751 1.962782e+137 1.917363e+138
1752 2.362660e+137 2.308002e+138
1753 2.844005e+137 2.778231e+138
1754 3.423415e+137 3.344263e+138
1755 4.120869e+137 4.025617e+138
1756 4.960416e+137 4.845789e+138
1757 5.971005e+137 5.833063e+138
1758 7.187482e+137 7.021482e+138
1759 8.651793e+137 8.452028e+138
1760 1.041443e+138 1.017403e+139
1761 1.253617e+138 1.224687e+139
1762 1.509018e+138 1.474204e+139
1763 1.816451e+138 1.774556e+139
1764 2.186519e+138 2.136102e+139
1765 2.631981e+138 2.571309e+139
1766 3.168198e+138 3.095184e+139
1767 3.813659e+138 3.725794e+139
1768 4.590621e+138 4.484883e+139
1769 5.525875e+138 5.398629e+139
1770 6.651670e+138 6.498540e+139
1771 8.006825e+138 7.822547e+139
1772 9.638069e+138 9.416307e+139
1773 1.160165e+139 1.133478e+140
1774 1.396527e+139 1.364412e+140
1775 1.681044e+139 1.642396e+140
1776 2.023527e+139 1.977017e+140
1777 2.435784e+139 2.379813e+140
1778 2.932031e+139 2.864675e+140
1779 3.529380e+139 3.448323e+140
1780 4.248428e+139 4.150882e+140
1781 5.113970e+139 4.996582e+140
1782 6.155851e+139 6.014584e+140
1783 7.409997e+139 7.239994e+140
1784 8.919654e+139 8.715068e+140
1785 1.073688e+140 1.049068e+141
1786 1.292433e+140 1.262804e+141
1787 1.555744e+140 1.520088e+141
1788 1.872700e+140 1.829791e+141
1789 2.254230e+140 2.202593e+141
1790 2.713491e+140 2.651349e+141
1791 3.266318e+140 3.191535e+141
1792 3.931775e+140 3.841779e+141
1793 4.732807e+140 4.624504e+141
1794 5.697036e+140 5.566702e+141
1795 6.857711e+140 6.700864e+141
1796 8.254855e+140 8.066100e+141
1797 9.936644e+140 9.709491e+141
1798 1.196107e+141 1.168771e+142
1799 1.439794e+141 1.406897e+142
1800 1.733128e+141 1.693539e+142
1801 2.086225e+141 2.038581e+142
1802 2.511259e+141 2.453923e+142
1803 3.022886e+141 2.953888e+142
1804 3.638750e+141 3.555715e+142
1805 4.380087e+141 4.280159e+142
1806 5.272459e+141 5.152203e+142
1807 6.346638e+141 6.201917e+142
1808 7.639663e+141 7.465502e+142
1809 9.196123e+141 8.986531e+142
1810 1.106969e+142 1.081746e+143
1811 1.332496e+142 1.302142e+143
1812 1.603971e+142 1.567442e+143
1813 1.930755e+142 1.886794e+143
1814 2.324116e+142 2.271212e+143
1815 2.797619e+142 2.733951e+143
1816 3.367590e+142 3.290970e+143
1817 4.053685e+142 3.961477e+143
1818 4.879560e+142 4.768595e+143
1819 5.873696e+142 5.740155e+143
1820 7.070372e+142 6.909663e+143
1821 8.510853e+142 8.317449e+143
1822 1.024481e+143 1.001206e+144
1823 1.233204e+143 1.205193e+144
1824 1.484450e+143 1.450742e+144
1825 1.786885e+143 1.746318e+144
1826 2.150936e+143 2.102116e+144
1827 2.589157e+143 2.530405e+144
1828 3.116660e+143 3.045955e+144
1829 3.751633e+143 3.666544e+144
1830 4.515973e+143 4.413573e+144
1831 5.436037e+143 5.312803e+144
1832 6.543551e+143 6.395245e+144
1833 7.876704e+143 7.698226e+144
1834 9.481469e+143 9.266679e+144
1835 1.141318e+144 1.115469e+145
1836 1.373845e+144 1.342738e+145
1837 1.653747e+144 1.616310e+145
1838 1.990674e+144 1.945621e+145
1839 2.396246e+144 2.342026e+145
1840 2.884448e+144 2.819197e+145
1841 3.472113e+144 3.393587e+145
1842 4.179508e+144 4.085005e+145
1843 5.031025e+144 4.917294e+145
1844 6.056026e+144 5.919157e+145
1845 7.289858e+144 7.125142e+145
1846 8.775067e+144 8.576838e+145
1847 1.056287e+145 1.032431e+146
1848 1.271491e+145 1.242781e+146
1849 1.530540e+145 1.495989e+146
1850 1.842367e+145 1.800786e+146
1851 2.217724e+145 2.167683e+146
1852 2.669556e+145 2.609334e+146
1853 3.213442e+145 3.140967e+146
1854 3.868138e+145 3.780917e+146
1855 4.656220e+145 4.551253e+146
1856 5.604864e+145 5.478540e+146
1857 6.746782e+145 6.594755e+146
1858 8.121350e+145 7.938392e+146
1859 9.775970e+145 9.555787e+146
1860 1.176770e+146 1.150271e+147
1861 1.416521e+146 1.384632e+147
1862 1.705120e+146 1.666741e+147
1863 2.052516e+146 2.006329e+147
1864 2.470690e+146 2.415105e+147
1865 2.974062e+146 2.907168e+147
1866 3.579990e+146 3.499484e+147
1867 4.309368e+146 4.212482e+147
1868 5.187347e+146 5.070749e+147
1869 6.244205e+146 6.103882e+147
1870 7.516385e+146 7.347510e+147
1871 9.047755e+146 8.844519e+147
1872 1.089112e+147 1.064654e+148
1873 1.311006e+147 1.281570e+148
1874 1.578107e+147 1.542682e+148
1875 1.899628e+147 1.856995e+148
1876 2.286654e+147 2.235346e+148
1877 2.752532e+147 2.690785e+148
1878 3.313328e+147 3.239016e+148
1879 3.988379e+147 3.898947e+148
1880 4.800964e+147 4.693335e+148
1881 5.779104e+147 5.649574e+148
1882 6.956529e+147 6.800643e+148
1883 8.373841e+147 8.186235e+148
1884 1.007991e+148 9.854134e+148
1885 1.213358e+148 1.186186e+149
1886 1.460566e+148 1.427865e+149
1887 1.758139e+148 1.718784e+149
1888 2.116340e+148 2.068977e+149
1889 2.547520e+148 2.490520e+149
1890 3.066549e+148 2.997950e+149
1891 3.691324e+148 3.608766e+149
1892 4.443390e+148 4.344033e+149
1893 5.348681e+148 5.229106e+149
1894 6.438415e+148 6.294509e+149
1895 7.750171e+148 7.576983e+149
1896 9.329184e+148 9.120754e+149
1897 1.122990e+149 1.097906e+150
1898 1.351787e+149 1.321599e+150
1899 1.627199e+149 1.590868e+150
1900 1.958724e+149 1.914999e+150
1901 2.357793e+149 2.305171e+150
1902 2.838168e+149 Inf
