# step err_l2 res_l2
0 2.460291e-01 1.000000e+00
1 2.005840e-01 2.368514e-01
2 1.777065e-01 1.437253e-01
3 1.620614e-01 1.017173e-01
4 1.499508e-01 7.867643e-02
5 1.399907e-01 6.414660e-02
6 1.314993e-01 5.410824e-02
7 1.240838e-01 4.674208e-02
8 1.174944e-01 4.113426e-02
9 1.115603e-01 3.681606e-02
10 1.061588e-01 3.359715e-02
11 1.011990e-01 3.153162e-02
12 9.661172e-02 3.095635e-02
13 9.234386e-02 3.253263e-02
14 8.835542e-02 3.719003e-02
15 8.461802e-02 4.599043e-02
16 8.111601e-02 6.013480e-02
17 7.785111e-02 8.120006e-02
18 7.485361e-02 1.114568e-01
19 7.220572e-02 1.541936e-01
20 7.008774e-02 2.140995e-01
21 6.886303e-02 2.977828e-01
22 6.921792e-02 4.144984e-01
23 7.234343e-02 5.771692e-01
24 8.006664e-02 8.038155e-01
25 9.480010e-02 1.119550e+00
26 1.193927e-01 1.559361e+00
27 1.572318e-01 2.171986e+00
28 2.127379e-01 3.025317e+00
29 2.920769e-01 4.213922e+00
30 4.039895e-01 5.869524e+00
31 5.608205e-01 8.175598e+00
32 7.799041e-01 1.138771e+01
33 1.085486e+00 1.586183e+01
34 1.511410e+00 2.209380e+01
35 2.104861e+00 3.077424e+01
36 2.931598e+00 4.286515e+01
37 4.083233e+00 5.970647e+01
38 5.687388e+00 8.316458e+01
39 7.921838e+00 1.158392e+02
40 1.103421e+01 1.613513e+02
41 1.536941e+01 2.247447e+02
42 2.140788e+01 3.130448e+02
43 2.981883e+01 4.360371e+02
44 4.153435e+01 6.073520e+02
45 5.785280e+01 8.459749e+02
46 8.058262e+01 1.178351e+03
47 1.122428e+02 1.641313e+03
48 1.563419e+02 2.286170e+03
49 2.177672e+02 3.184385e+03
50 3.033258e+02 4.435500e+03
51 4.224997e+02 6.178166e+03
52 5.884959e+02 8.605510e+03
53 8.197104e+02 1.198653e+04
54 1.141767e+03 1.669593e+04
55 1.590356e+03 2.325560e+04
56 2.215193e+03 3.239251e+04
57 3.085521e+03 4.511923e+04
58 4.297793e+03 6.284615e+04
59 5.986356e+03 8.753781e+04
60 8.338339e+03 1.219306e+05
61 1.161439e+04 1.698360e+05
62 1.617758e+04 2.365630e+05
63 2.253360e+04 3.295063e+05
64 3.138684e+04 4.589663e+05
65 4.371844e+04 6.392898e+05
66 6.089500e+04 8.904608e+05
67 8.482008e+04 1.240314e+06
68 1.181451e+05 1.727622e+06
69 1.645632e+05 2.406389e+06
70 2.292185e+05 3.351837e+06
71 3.192763e+05 4.668742e+06
72 4.447170e+05 6.503047e+06
73 6.194421e+05 9.058033e+06
74 8.628151e+05 1.261685e+07
75 1.201807e+06 1.757389e+07
76 1.673986e+06 2.447851e+07
77 2.331679e+06 3.409588e+07
78 3.247774e+06 4.749184e+07
79 4.523794e+06 6.615093e+07
80 6.301150e+06 9.214101e+07
81 8.776813e+06 1.283424e+08
82 1.222514e+07 1.787669e+08
83 1.702828e+07 2.490027e+08
84 2.371854e+07 3.468335e+08
85 3.303733e+07 4.831011e+08
86 4.601738e+07 6.729070e+08
87 6.409718e+07 9.372859e+08
88 8.928036e+07 1.305537e+09
89 1.243578e+08 1.818470e+09
90 1.732168e+08 2.532930e+09
91 2.412720e+08 3.528094e+09
92 3.360656e+08 4.914249e+09
93 4.681026e+08 6.845011e+09
94 6.520157e+08 9.534352e+09
95 9.081865e+08 1.328031e+10
96 1.265004e+09 1.849802e+10
97 1.762013e+09 2.576572e+10
98 2.454291e+09 3.588883e+10
99 3.418559e+09 4.998921e+10
100 4.761679e+09 6.962950e+10
101 6.632498e+09 9.698628e+10
102 9.238345e+09 1.350913e+11
103 1.286800e+10 1.881674e+11
104 1.792372e+10 2.620966e+11
105 2.496578e+10 3.650718e+11
106 3.477461e+10 5.085052e+11
107 4.843722e+10 7.082921e+11
108 6.746775e+10 9.865734e+11
109 9.397520e+10 1.374189e+12
110 1.308972e+11 1.914095e+12
111 1.823254e+11 2.666125e+12
112 2.539594e+11 3.713620e+12
113 3.537377e+11 5.172666e+12
114 4.927179e+11 7.204958e+12
115 6.863021e+11 1.003572e+13
116 9.559438e+11 1.397866e+13
117 1.331525e+12 1.947074e+13
118 1.854669e+12 2.712061e+13
119 2.583351e+12 3.777605e+13
120 3.598325e+12 5.261791e+13
121 5.012073e+12 7.329099e+13
122 6.981270e+12 1.020863e+14
123 9.724146e+12 1.421951e+14
124 1.354467e+13 1.980622e+14
125 1.886625e+13 2.758790e+14
126 2.627862e+13 3.842693e+14
127 3.660324e+13 5.352450e+14
128 5.098431e+13 7.455378e+14
129 7.101556e+13 1.038453e+15
130 9.891691e+13 1.446451e+15
131 1.377804e+14 2.014748e+15
132 1.919131e+14 2.806323e+15
133 2.673139e+14 3.908902e+15
134 3.723391e+14 5.444672e+15
135 5.186276e+14 7.583833e+15
136 7.223915e+14 1.056345e+16
137 1.006212e+15 1.471373e+16
138 1.401544e+15 2.049462e+16
139 1.952197e+15 2.854676e+16
140 2.719197e+15 3.976251e+16
141 3.787544e+15 5.538483e+16
142 5.275635e+15 7.714502e+16
143 7.348382e+15 1.074546e+17
144 1.023549e+16 1.496725e+17
145 1.425692e+16 2.084774e+17
146 1.985833e+16 2.903862e+17
147 2.766049e+16 4.044762e+17
148 3.852803e+16 5.633911e+17
149 5.366533e+16 7.847421e+17
150 7.474994e+16 1.093060e+18
151 1.041185e+17 1.522513e+18
152 1.450257e+17 2.120694e+18
153 2.020049e+17 2.953895e+18
154 2.813707e+17 4.114452e+18
155 3.919186e+17 5.730982e+18
156 5.458998e+17 7.982631e+18
157 7.603787e+17 1.111893e+19
158 1.059124e+18 1.548746e+19
159 1.475244e+18 2.157233e+19
160 2.054854e+18 3.004790e+19
161 2.862187e+18 4.185344e+19
162 3.986713e+18 5.829726e+19
163 5.553056e+18 8.120171e+19
164 7.734799e+18 1.131051e+20
165 1.077373e+19 1.575430e+20
166 1.500663e+19 2.194402e+20
167 2.090259e+19 3.056562e+20
168 2.911502e+19 4.257457e+20
169 4.055404e+19 5.930171e+20
170 5.648734e+19 8.260080e+20
171 7.868069e+19 1.150539e+21
172 1.095936e+20 1.602575e+21
173 1.526519e+20 2.232211e+21
174 2.126274e+20 3.109226e+21
175 2.961667e+20 4.330812e+21
176 4.125278e+20 6.032347e+21
177 5.746061e+20 8.402400e+21
178 8.003634e+20 1.170362e+22
179 1.114819e+21 1.630187e+22
180 1.552821e+21 2.270672e+22
181 2.162909e+21 3.162798e+22
182 3.012696e+21 4.405431e+22
183 4.196356e+21 6.136284e+22
184 5.845065e+21 8.547172e+22
185 8.141536e+21 1.190528e+23
186 1.134027e+22 1.658275e+23
187 1.579575e+22 2.309795e+23
188 2.200176e+22 3.217292e+23
189 3.064604e+22 4.481336e+23
190 4.268658e+22 6.242011e+23
191 5.945774e+22 8.694439e+23
192 8.281813e+22 1.211040e+24
193 1.153566e+23 1.686847e+24
194 1.606791e+23 2.349593e+24
195 2.238084e+23 3.272726e+24
196 3.117407e+23 4.558549e+24
197 4.342207e+23 6.349560e+24
198 6.048219e+23 8.844243e+24
199 8.424508e+23 1.231906e+25
200 1.173442e+24 1.715911e+25
201 1.634476e+24 2.390076e+25
202 2.276646e+24 3.329114e+25
203 3.171119e+24 4.637092e+25
204 4.417022e+24 6.458962e+25
205 6.152429e+24 8.996628e+25
206 8.569661e+24 1.253132e+26
207 1.193660e+25 1.745476e+26
208 1.662638e+25 2.431257e+26
209 2.315873e+25 3.386475e+26
210 3.225757e+25 4.716989e+26
211 4.493127e+25 6.570249e+26
212 6.258435e+25 9.151639e+26
213 8.717315e+25 1.274723e+27
214 1.214227e+26 1.775550e+27
215 1.691285e+26 2.473147e+27
216 2.355775e+26 3.444823e+27
217 3.281337e+26 4.798262e+27
218 4.570543e+26 6.683454e+27
219 6.366266e+26 9.309320e+27
220 8.867513e+26 1.296686e+28
221 1.235148e+27 1.806142e+28
222 1.720425e+27 2.515759e+28
223 2.396364e+27 3.504177e+28
224 3.337874e+27 4.880935e+28
225 4.649293e+27 6.798609e+28
226 6.475956e+27 9.469718e+28
227 9.020299e+27 1.319028e+29
228 1.256429e+28 1.837262e+29
229 1.750068e+28 2.559105e+29
230 2.437653e+28 3.564553e+29
231 3.395385e+28 4.965033e+29
232 4.729399e+28 6.915748e+29
233 6.587536e+28 9.632880e+29
234 9.175717e+28 1.341755e+30
235 1.278077e+29 1.868918e+30
236 1.780222e+29 2.603198e+30
237 2.479654e+29 3.625970e+30
238 3.453887e+29 5.050580e+30
239 4.810886e+29 7.034905e+30
240 6.701038e+29 9.798853e+30
241 9.333814e+29 1.364873e+31
242 1.300098e+30 1.901119e+31
243 1.810895e+30 2.648051e+31
244 2.522378e+30 3.688445e+31
245 3.513397e+30 5.137600e+31
246 4.893777e+30 7.156116e+31
247 6.816496e+30 9.967686e+31
248 9.494634e+30 1.388390e+32
249 1.322499e+31 1.933875e+32
250 1.842096e+31 2.693676e+32
251 2.565838e+31 3.751996e+32
252 3.573932e+31 5.226121e+32
253 4.978096e+31 7.279414e+32
254 6.933944e+31 1.013943e+33
255 9.658225e+31 1.412311e+33
256 1.345285e+32 1.967195e+33
257 1.873835e+32 2.740088e+33
258 2.610047e+32 3.816643e+33
259 3.635510e+32 5.316166e+33
260 5.063868e+32 7.404838e+33
261 7.053415e+32 1.031413e+34
262 9.824635e+32 1.436645e+34
263 1.368464e+33 2.001090e+34
264 1.906121e+33 2.787299e+34
265 2.655018e+33 3.882403e+34
266 3.698150e+33 5.407763e+34
267 5.151118e+33 7.532422e+34
268 7.174944e+33 1.049184e+35
269 9.993912e+33 1.461399e+35
270 1.392043e+34 2.035568e+35
271 1.938963e+34 2.835324e+35
272 2.700764e+34 3.949296e+35
273 3.761868e+34 5.500938e+35
274 5.239871e+34 7.662205e+35
275 7.298567e+34 1.067261e+36
276 1.016611e+35 1.486578e+36
277 1.416027e+35 2.070641e+36
278 1.972371e+35 2.884176e+36
279 2.747297e+35 4.017342e+36
280 3.826685e+35 5.595718e+36
281 5.330153e+35 7.794223e+36
282 7.424320e+35 1.085650e+37
283 1.034127e+36 1.512192e+37
284 1.440425e+36 2.106318e+37
285 2.006355e+36 2.933870e+37
286 2.794633e+36 4.086560e+37
287 3.892618e+36 5.692132e+37
288 5.421991e+36 7.928517e+37
289 7.552240e+36 1.104356e+38
290 1.051944e+37 1.538247e+38
291 1.465244e+37 2.142609e+38
292 2.040924e+37 2.984420e+38
293 2.842784e+37 4.156971e+38
294 3.959687e+37 5.790206e+38
295 5.515411e+37 8.065124e+38
296 7.682364e+37 1.123384e+39
297 1.070069e+38 1.564750e+39
298 1.490490e+38 2.179526e+39
299 2.076089e+38 3.035842e+39
300 2.891765e+38 4.228595e+39
301 4.027912e+38 5.889971e+39
302 5.610441e+38 8.204085e+39
303 7.814730e+38 1.142739e+40
304 1.088506e+39 1.591711e+40
305 1.516170e+39 2.217079e+40
306 2.111860e+39 3.088149e+40
307 2.941589e+39 4.301453e+40
308 4.097312e+39 5.991454e+40
309 5.707108e+39 8.345440e+40
310 7.949377e+39 1.162429e+41
311 1.107261e+40 1.619136e+41
312 1.542294e+40 2.255279e+41
313 2.148247e+40 3.141357e+41
314 2.992273e+40 4.375567e+41
315 4.167908e+40 6.094686e+41
316 5.805441e+40 8.489231e+41
317 8.086344e+40 1.182457e+42
318 1.126339e+41 1.647033e+42
319 1.568867e+41 2.294137e+42
320 2.185261e+41 3.195482e+42
321 3.043829e+41 4.450957e+42
322 4.239721e+41 6.199696e+42
323 5.905468e+41 8.635499e+42
324 8.225670e+41 1.202831e+43
325 1.145746e+42 1.675411e+43
326 1.595899e+42 2.333665e+43
327 2.222912e+42 3.250540e+43
328 3.096274e+42 4.527646e+43
329 4.312771e+42 6.306516e+43
330 6.007218e+42 8.784287e+43
331 8.367398e+42 1.223555e+44
332 1.165487e+43 1.704278e+44
333 1.623396e+43 2.373874e+44
334 2.261213e+43 3.306546e+44
335 3.149622e+43 4.605657e+44
336 4.387079e+43 6.415177e+44
337 6.110721e+43 8.935639e+44
338 8.511567e+43 1.244637e+45
339 1.185568e+44 1.733643e+45
340 1.651367e+44 2.414775e+45
341 2.300173e+44 3.363517e+45
342 3.203890e+44 4.685012e+45
343 4.462668e+44 6.525709e+45
344 6.216008e+44 9.089599e+45
345 8.658220e+44 1.266082e+46
346 1.205995e+45 1.763513e+46
347 1.679820e+45 2.456381e+46
348 2.339805e+45 3.421470e+46
349 3.259092e+45 4.765734e+46
350 4.539559e+45 6.638146e+46
351 6.323109e+45 9.246212e+46
352 8.807400e+45 1.287896e+47
353 1.226774e+46 1.793898e+47
354 1.708763e+46 2.498704e+47
355 2.380119e+46 3.480422e+47
356 3.315246e+46 4.847847e+47
357 4.617775e+46 6.752521e+47
358 6.432056e+46 9.405523e+47
359 8.959150e+46 1.310086e+48
360 1.247912e+47 1.824807e+48
361 1.738204e+47 2.541757e+48
362 2.421129e+47 3.540389e+48
363 3.372367e+47 4.931375e+48
364 4.697339e+47 6.868866e+48
365 6.542879e+47 9.567578e+48
366 9.113515e+47 1.332659e+49
367 1.269413e+48 1.856248e+49
368 1.768153e+48 2.585551e+49
369 2.462844e+48 3.601389e+49
370 3.430473e+48 5.016342e+49
371 4.778273e+48 6.987215e+49
372 6.655612e+48 9.732426e+49
373 9.270539e+48 1.355621e+50
374 1.291285e+49 1.888231e+50
375 1.798618e+49 2.630099e+50
376 2.505279e+49 3.663441e+50
377 3.489579e+49 5.102772e+50
378 4.860602e+49 7.107604e+50
379 6.770287e+49 9.900115e+50
380 9.430269e+49 1.378978e+51
381 1.313533e+50 1.920765e+51
382 1.829608e+50 2.675416e+51
383 2.548444e+50 3.726561e+51
384 3.549704e+50 5.190692e+51
385 4.944350e+50 7.230067e+51
386 6.886938e+50 1.007069e+52
387 9.592752e+50 1.402737e+52
388 1.336165e+51 1.953860e+52
389 1.861132e+51 2.721513e+52
390 2.592354e+51 3.790770e+52
391 3.610865e+51 5.280127e+52
392 5.029540e+51 7.354640e+52
393 7.005599e+51 1.024421e+53
394 9.758033e+51 1.426906e+53
395 1.359187e+52 1.987524e+53
396 1.893199e+52 2.768404e+53
397 2.637019e+52 3.856084e+53
398 3.673080e+52 5.371103e+53
399 5.116198e+52 7.481359e+53
400 7.126305e+52 1.042072e+54
401 9.926163e+52 1.451492e+54
402 1.382606e+53 2.021769e+54
403 1.925819e+53 2.816103e+54
404 2.682455e+53 3.922524e+54
405 3.736366e+53 5.463647e+54
406 5.204350e+53 7.610262e+54
407 7.249090e+53 1.060026e+55
408 1.009719e+54 1.476501e+55
409 1.406428e+54 2.056604e+55
410 1.959000e+54 2.864624e+55
411 2.728673e+54 3.990108e+55
412 3.800743e+54 5.557784e+55
413 5.294020e+54 7.741386e+55
414 7.373991e+54 1.078290e+56
415 1.027116e+55 1.501941e+56
416 1.430661e+55 2.092039e+56
417 1.992754e+55 2.913981e+56
418 2.775688e+55 4.058857e+56
419 3.866230e+55 5.653544e+56
420 5.385235e+55 7.874769e+56
421 7.501043e+55 1.096869e+57
422 1.044813e+56 1.527819e+57
423 1.455311e+56 2.128084e+57
424 2.027089e+56 2.964189e+57
425 2.823513e+56 4.128791e+57
426 3.932844e+56 5.750954e+57
427 5.478022e+56 8.010450e+57
428 7.630285e+56 1.115768e+58
429 1.062815e+57 1.554143e+58
430 1.480385e+57 2.164751e+58
431 2.062015e+57 3.015261e+58
432 2.872161e+57 4.199929e+58
433 4.000607e+57 5.850042e+58
434 5.572407e+57 8.148469e+58
435 7.761754e+57 1.134993e+59
436 1.081127e+58 1.580921e+59
437 1.505892e+58 2.202049e+59
438 2.097543e+58 3.067214e+59
439 2.921648e+58 4.272294e+59
440 4.069537e+58 5.950838e+59
441 5.668419e+58 8.288866e+59
442 7.895488e+58 1.154548e+60
443 1.099755e+59 1.608160e+60
444 1.531839e+59 2.239990e+60
445 2.133684e+59 3.120062e+60
446 2.971988e+59 4.345905e+60
447 4.139654e+59 6.053370e+60
448 5.766085e+59 8.431682e+60
449 8.031526e+59 1.174441e+61
450 1.118704e+60 1.635868e+61
451 1.558232e+60 2.278585e+61
452 2.170447e+60 3.173820e+61
453 3.023195e+60 4.420784e+61
454 4.210980e+60 6.157668e+61
455 5.865434e+60 8.576958e+61
456 8.169908e+60 1.194677e+62
457 1.137979e+61 1.664054e+62
458 1.585080e+61 2.317845e+62
459 2.207843e+61 3.228504e+62
460 3.075284e+61 4.496953e+62
461 4.283534e+61 6.263764e+62
462 5.966495e+61 8.724738e+62
463 8.310675e+61 1.215261e+63
464 1.157586e+62 1.692725e+63
465 1.612391e+62 2.357781e+63
466 2.245884e+62 3.284131e+63
467 3.128271e+62 4.574435e+63
468 4.357339e+62 6.371688e+63
469 6.069297e+62 8.875064e+63
470 8.453866e+62 1.236199e+64
471 1.177531e+63 1.721891e+64
472 1.640172e+63 2.398405e+64
473 2.284580e+63 3.340716e+64
474 3.182170e+63 4.653252e+64
475 4.432415e+63 6.481471e+64
476 6.173870e+63 9.027980e+64
477 8.599525e+63 1.257499e+65
478 1.197820e+64 1.751558e+65
479 1.668432e+64 2.439729e+65
480 2.323943e+64 3.398276e+65
481 3.236999e+64 4.733427e+65
482 4.508785e+64 6.593146e+65
483 6.280245e+64 9.183531e+65
484 8.747694e+64 1.279165e+66
485 1.218458e+65 1.781738e+66
486 1.697179e+65 2.481766e+66
487 2.363984e+65 3.456828e+66
488 3.292772e+65 4.814983e+66
489 4.586471e+65 6.706745e+66
490 6.388452e+65 9.341762e+66
491 8.898415e+65 1.301205e+67
492 1.239452e+66 1.812437e+67
493 1.726421e+66 2.524526e+67
494 2.404716e+66 3.516389e+67
495 3.349506e+66 4.897945e+67
496 4.665495e+66 6.822301e+67
497 6.498524e+66 9.502719e+67
498 9.051734e+66 1.323625e+68
499 1.260808e+67 1.843665e+68
500 1.756167e+67 2.568023e+68
501 2.446148e+67 3.576975e+68
502 3.407217e+67 4.982336e+68
503 4.745881e+67 6.939848e+68
504 6.610493e+67 9.666450e+68
505 9.207694e+67 1.346431e+69
506 1.282531e+68 1.875431e+69
507 1.786425e+68 2.612270e+69
508 2.488295e+68 3.638606e+69
509 3.465923e+68 5.068181e+69
510 4.827652e+68 7.059421e+69
511 6.724391e+68 9.833001e+69
512 9.366341e+68 1.369630e+70
513 1.304629e+69 1.907744e+70
514 1.817205e+69 2.657279e+70
515 2.531168e+69 3.701299e+70
516 3.525641e+69 5.155505e+70
517 4.910832e+69 7.181054e+70
518 6.840251e+69 1.000242e+71
519 9.527722e+69 1.393228e+71
520 1.327107e+70 1.940614e+71
521 1.848516e+70 2.703063e+71
522 2.574780e+70 3.765072e+71
523 3.586387e+70 5.244333e+71
524 4.995445e+70 7.304782e+71
525 6.958108e+70 1.017476e+72
526 9.691883e+70 1.417233e+72
527 1.349973e+71 1.974051e+72
528 1.880365e+71 2.749637e+72
529 2.619143e+71 3.829943e+72
530 3.648180e+71 5.334692e+72
531 5.081515e+71 7.430643e+72
532 7.077995e+71 1.035007e+73
533 9.858873e+71 1.441652e+73
534 1.373233e+72 2.008063e+73
535 1.912764e+72 2.797013e+73
536 2.664270e+72 3.895933e+73
537 3.711037e+72 5.426608e+73
538 5.169069e+72 7.558672e+73
539 7.199948e+72 1.052840e+74
540 1.002874e+73 1.466491e+74
541 1.396894e+73 2.042662e+74
542 1.945720e+73 2.845205e+74
543 2.710175e+73 3.963059e+74
544 3.774978e+73 5.520108e+74
545 5.258131e+73 7.688907e+74
546 7.324002e+73 1.070981e+75
547 1.020153e+74 1.491759e+75
548 1.420962e+74 2.077857e+75
549 1.979245e+74 2.894227e+75
550 2.756871e+74 4.031342e+75
551 3.840020e+74 5.615219e+75
552 5.348728e+74 7.821385e+75
553 7.450193e+74 1.089433e+76
554 1.037730e+75 1.517462e+76
555 1.445445e+75 2.113658e+76
556 2.013347e+75 2.944094e+76
557 2.804372e+75 4.100802e+76
558 3.906183e+75 5.711968e+76
559 5.440886e+75 7.956147e+76
560 7.578559e+75 1.108204e+77
561 1.055610e+76 1.543607e+77
562 1.470350e+76 2.150076e+77
563 2.048037e+76 2.994821e+77
564 2.852691e+76 4.171458e+77
565 3.973486e+76 5.810384e+77
566 5.534632e+76 8.093230e+77
567 7.709137e+76 1.127298e+78
568 1.073798e+77 1.570203e+78
569 1.495684e+77 2.187122e+78
570 2.083324e+77 3.046421e+78
571 2.901842e+77 4.243331e+78
572 4.041949e+77 5.910497e+78
573 5.629993e+77 8.232675e+78
574 7.841964e+77 1.146722e+79
575 1.092300e+78 1.597258e+79
576 1.521454e+78 2.224805e+79
577 2.119219e+78 3.098911e+79
578 2.951841e+78 4.316443e+79
579 4.111591e+78 6.012334e+79
580 5.726997e+78 8.374523e+79
581 7.977080e+78 1.166479e+80
582 1.111120e+79 1.624778e+80
583 1.547669e+79 2.263138e+80
584 2.155733e+79 3.152304e+80
585 3.002700e+79 4.390815e+80
586 4.182433e+79 6.115925e+80
587 5.825672e+79 8.518815e+80
588 8.114524e+79 1.186578e+81
589 1.130264e+80 1.652773e+81
590 1.574335e+80 2.302132e+81
591 2.192876e+80 3.206618e+81
592 3.054437e+80 4.466468e+81
593 4.254496e+80 6.221302e+81
594 5.926048e+80 8.665593e+81
595 8.254336e+80 1.207022e+82
596 1.149739e+81 1.681250e+82
597 1.601460e+81 2.341797e+82
598 2.230659e+81 3.261868e+82
599 3.107064e+81 4.543425e+82
600 4.327800e+81 6.328494e+82
601 6.028153e+81 8.814900e+82
602 8.396557e+81 1.227819e+83
603 1.169549e+82 1.710218e+83
604 1.629053e+82 2.382146e+83
605 2.269093e+82 3.318069e+83
606 3.160598e+82 4.621707e+83
607 4.402368e+82 6.437533e+83
608 6.132017e+82 8.966779e+83
609 8.541229e+82 1.248974e+84
610 1.189700e+83 1.739685e+84
611 1.657122e+83 2.423190e+84
612 2.308189e+83 3.375239e+84
613 3.215055e+83 4.701339e+84
614 4.478220e+83 6.548451e+84
615 6.237671e+83 9.121276e+84
616 8.688393e+83 1.270494e+85
617 1.210198e+84 1.769659e+85
618 1.685674e+84 2.464942e+85
619 2.347959e+84 3.433394e+85
620 3.270450e+84 4.782342e+85
621 4.555379e+84 6.661280e+85
622 6.345145e+84 9.278434e+85
623 8.838093e+84 1.292384e+86
624 1.231050e+85 1.800150e+86
625 1.714717e+85 2.507412e+86
626 2.388414e+85 3.492551e+86
627 3.326799e+85 4.864741e+86
628 4.633868e+85 6.776052e+86
629 6.454471e+85 9.438300e+86
630 8.990372e+85 1.314652e+87
631 1.252260e+86 1.831166e+87
632 1.744262e+86 2.550614e+87
633 2.429566e+86 3.552727e+87
634 3.384120e+86 4.948560e+87
635 4.713708e+86 6.892803e+87
636 6.565680e+86 9.600921e+87
637 9.145274e+86 1.337303e+88
638 1.273837e+87 1.862717e+88
639 1.774315e+87 2.594561e+88
640 2.471427e+87 3.613940e+88
641 3.442427e+87 5.033823e+88
642 4.794925e+87 7.011565e+88
643 6.678806e+87 9.766343e+88
644 9.302846e+87 1.360345e+89
645 1.295785e+88 1.894811e+89
646 1.804886e+88 2.639265e+89
647 2.514009e+88 3.676208e+89
648 3.501740e+88 5.120555e+89
649 4.877541e+88 7.132373e+89
650 6.793881e+88 9.934616e+89
651 9.463133e+88 1.383783e+90
652 1.318111e+89 1.927459e+90
653 1.835984e+89 2.684739e+90
654 2.557325e+89 3.739548e+90
655 3.562075e+89 5.208782e+90
656 4.961580e+89 7.255263e+90
657 6.910938e+89 1.010579e+91
658 9.626181e+89 1.407626e+91
659 1.340822e+90 1.960669e+91
660 1.867618e+90 2.730997e+91
661 2.601388e+90 3.803980e+91
662 3.623449e+90 5.298528e+91
663 5.047067e+90 7.380270e+91
664 7.030013e+90 1.027991e+92
665 9.792039e+90 1.431879e+92
666 1.363924e+91 1.994451e+92
667 1.899797e+91 2.778052e+92
668 2.646209e+91 3.869522e+92
669 3.685880e+91 5.389821e+92
670 5.134028e+91 7.507431e+92
671 7.151139e+91 1.045703e+93
672 9.960755e+91 1.456550e+93
673 1.387424e+92 2.028815e+93
674 1.932530e+92 2.825917e+93
675 2.691803e+92 3.936193e+93
676 3.749387e+92 5.482687e+93
677 5.222486e+92 7.636783e+93
678 7.274352e+92 1.063720e+94
679 1.013238e+93 1.481646e+94
680 1.411329e+93 2.063771e+94
681 1.965827e+93 2.874607e+94
682 2.738182e+93 4.004013e+94
683 3.813989e+93 5.577153e+94
684 5.312469e+93 7.768364e+94
685 7.399688e+93 1.082048e+95
686 1.030696e+94 1.507175e+95
687 1.435646e+94 2.099329e+95
688 1.999698e+94 2.924136e+95
689 2.785361e+94 4.073002e+95
690 3.879703e+94 5.673246e+95
691 5.404002e+94 7.902212e+95
692 7.527184e+94 1.100692e+96
693 1.048454e+95 1.533143e+96
694 1.460382e+95 2.135501e+96
695 2.034153e+95 2.974519e+96
696 2.833352e+95 4.143179e+96
697 3.946550e+95 5.770996e+96
698 5.497112e+95 8.038366e+96
699 7.656876e+95 1.119656e+97
700 1.066519e+96 1.559559e+97
701 1.485544e+96 2.172295e+97
702 2.069201e+96 3.025769e+97
703 2.882171e+96 4.214566e+97
704 4.014548e+96 5.870429e+97
705 5.591827e+96 8.176866e+97
706 7.788803e+96 1.138948e+98
707 1.084895e+97 1.586430e+98
708 1.511140e+97 2.209723e+98
709 2.104853e+97 3.077903e+98
710 2.931830e+97 4.287182e+98
711 4.083718e+97 5.971576e+98
712 5.688173e+97 8.317752e+98
713 7.923003e+97 1.158572e+99
714 1.103588e+98 1.613764e+99
715 1.537177e+98 2.247797e+99
716 2.141119e+98 3.130935e+99
717 2.982345e+98 4.361050e+99
718 4.154080e+98 6.074465e+99
719 5.786180e+98 8.461065e+99
720 8.059515e+98 1.178534e+100
721 1.122602e+99 1.641569e+100
722 1.563662e+99 2.286526e+100
723 2.178010e+99 3.184880e+100
724 3.033730e+99 4.436190e+100
725 4.225655e+99 6.179127e+100
726 5.885875e+99 8.606848e+100
727 8.198380e+99 1.198840e+101
728 1.141945e+100 1.669853e+101
729 1.590604e+100 2.325922e+101
730 2.215537e+100 3.239755e+101
731 3.086001e+100 4.512625e+101
732 4.298462e+100 6.285593e+101
733 5.987287e+100 8.755143e+101
734 8.339636e+100 1.219496e+102
735 1.161620e+101 1.698624e+102
736 1.618010e+101 2.365998e+102
737 2.253711e+101 3.295576e+102
738 3.139172e+101 4.590377e+102
739 4.372524e+101 6.393893e+102
740 6.090448e+101 8.905993e+102
741 8.483327e+101 1.240507e+103
742 1.181635e+102 1.727891e+103
743 1.645888e+102 2.406763e+103
744 2.292542e+102 3.352358e+103
745 3.193260e+102 4.669468e+103
746 4.447862e+102 6.504058e+103
747 6.195385e+102 9.059442e+103
748 8.629494e+102 1.261881e+104
749 1.201994e+103 1.757662e+104
750 1.674246e+103 2.448232e+104
751 2.332042e+103 3.410119e+104
752 3.248279e+103 4.749922e+104
753 4.524498e+103 6.616122e+104
754 6.302131e+103 9.215535e+104
755 8.778179e+103 1.283623e+105
756 1.222704e+104 1.787947e+105
757 1.703093e+104 2.490414e+105
758 2.372223e+104 3.468875e+105
759 3.304247e+104 4.831763e+105
760 4.602454e+104 6.730117e+105
761 6.410715e+104 9.374317e+105
762 8.929425e+104 1.305740e+106
763 1.243771e+105 1.818753e+106
764 1.732437e+105 2.533324e+106
765 2.413096e+105 3.528643e+106
766 3.361178e+105 4.915014e+106
767 4.681754e+105 6.846076e+106
768 6.521171e+105 9.535835e+106
769 9.083278e+105 1.328238e+107
770 1.265201e+106 1.850090e+107
771 1.762287e+106 2.576973e+107
772 2.454673e+106 3.589441e+107
773 3.419091e+106 4.999699e+107
774 4.762420e+106 6.964033e+107
775 6.633530e+106 9.700137e+107
776 9.239782e+106 1.351123e+108
777 1.287001e+107 1.881966e+108
778 1.792651e+107 2.621373e+108
779 2.496967e+107 3.651286e+108
780 3.478002e+107 5.085843e+108
781 4.844476e+107 7.084023e+108
782 6.747825e+107 9.867269e+108
783 9.398982e+107 1.374403e+109
784 1.309175e+108 1.914392e+109
785 1.823538e+108 2.666539e+109
786 2.539989e+108 3.714198e+109
787 3.537927e+108 5.173471e+109
788 4.927945e+108 7.206079e+109
789 6.864089e+108 1.003728e+110
790 9.560925e+108 1.398083e+110
791 1.331732e+109 1.947377e+110
792 1.854957e+109 2.712483e+110
793 2.583753e+109 3.778193e+110
794 3.598885e+109 5.262609e+110
795 5.012853e+109 7.330239e+110
796 6.982356e+109 1.021022e+111
797 9.725658e+109 1.422172e+111
798 1.354678e+110 1.980930e+111
799 1.886918e+110 2.759219e+111
800 2.628270e+110 3.843290e+111
801 3.660893e+110 5.353283e+111
802 5.099224e+110 7.456538e+111
803 7.102661e+110 1.038614e+112
804 9.893230e+110 1.446676e+112
805 1.378019e+111 2.015061e+112
806 1.919429e+111 2.806760e+112
807 2.673555e+111 3.909510e+112
808 3.723970e+111 5.445519e+112
809 5.187083e+111 7.585013e+112
810 7.225039e+111 1.056509e+113
811 1.006369e+112 1.471602e+113
812 1.401762e+112 2.049781e+113
813 1.952501e+112 2.855120e+113
814 2.719620e+112 3.976870e+113
815 3.788133e+112 5.539345e+113
816 5.276456e+112 7.715702e+113
817 7.349525e+112 1.074713e+114
818 1.023709e+113 1.496957e+114
819 1.425914e+113 2.085098e+114
820 1.986142e+113 2.904313e+114
821 2.766479e+113 4.045391e+114
822 3.853402e+113 5.634787e+114
823 5.367368e+113 7.848642e+114
824 7.476157e+113 1.093230e+115
825 1.041347e+114 1.522750e+115
826 1.450482e+114 2.121024e+115
827 2.020363e+114 2.954354e+115
828 2.814145e+114 4.115092e+115
829 3.919796e+114 5.731874e+115
830 5.459847e+114 7.983873e+115
831 7.604970e+114 1.112066e+116
832 1.059289e+115 1.548987e+116
833 1.475474e+115 2.157569e+116
834 2.055174e+115 3.005257e+116
835 2.862632e+115 4.185995e+116
836 3.987334e+115 5.830633e+116
837 5.553919e+115 8.121434e+116
838 7.736002e+115 1.131227e+117
839 1.077541e+116 1.575675e+117
840 1.500896e+116 2.194743e+117
841 2.090584e+116 3.057038e+117
842 2.911955e+116 4.258119e+117
843 4.056035e+116 5.931094e+117
844 5.649613e+116 8.261365e+117
845 7.869293e+116 1.150718e+118
846 1.096106e+117 1.602824e+118
847 1.526756e+117 2.232559e+118
848 2.126605e+117 3.109710e+118
849 2.962128e+117 4.331486e+118
850 4.125920e+117 6.033286e+118
851 5.746955e+117 8.403707e+118
852 8.004879e+117 1.170545e+119
853 1.114992e+118 1.630440e+119
854 1.553062e+118 2.271025e+119
855 2.163246e+118 3.163290e+119
856 3.013165e+118 4.406117e+119
857 4.197009e+118 6.137239e+119
858 5.845974e+118 8.548502e+119
859 8.142802e+118 1.190713e+120
860 1.134203e+119 1.658533e+120
861 1.579821e+119 2.310155e+120
862 2.200518e+119 3.217793e+120
863 3.065081e+119 4.482033e+120
864 4.269323e+119 6.242982e+120
865 5.946699e+119 8.695792e+120
866 8.283102e+119 1.211229e+121
867 1.153745e+120 1.687109e+121
868 1.607041e+120 2.349958e+121
869 2.238433e+120 3.273235e+121
870 3.117892e+120 4.559258e+121
871 4.342882e+120 6.350548e+121
872 6.049160e+120 8.845619e+121
873 8.425818e+120 1.232098e+122
874 1.173624e+121 1.716178e+122
875 1.634730e+121 2.390448e+122
876 2.277001e+121 3.329632e+122
877 3.171613e+121 4.637814e+122
878 4.417710e+121 6.459967e+122
879 6.153386e+121 8.998028e+122
880 8.570994e+121 1.253327e+123
881 1.193846e+122 1.745747e+123
882 1.662896e+122 2.431635e+123
883 2.316233e+122 3.387001e+123
884 3.226259e+122 4.717723e+123
885 4.493826e+122 6.571271e+123
886 6.259408e+122 9.153062e+123
887 8.718671e+122 1.274921e+124
888 1.214416e+123 1.775826e+124
889 1.691548e+123 2.473532e+124
890 2.356141e+123 3.445359e+124
891 3.281847e+123 4.799008e+124
892 4.571254e+123 6.684494e+124
893 6.367257e+123 9.310768e+124
894 8.868892e+123 1.296888e+125
895 1.235340e+124 1.806423e+125
896 1.720693e+124 2.516150e+125
897 2.396737e+124 3.504722e+125
898 3.338393e+124 4.881694e+125
899 4.650016e+124 6.799666e+125
900 6.476964e+124 9.471192e+125
901 9.021702e+124 1.319233e+126
902 1.256624e+125 1.837548e+126
903 1.750340e+125 2.559503e+126
904 2.438033e+125 3.565108e+126
905 3.395913e+125 4.965805e+126
906 4.730135e+125 6.916824e+126
907 6.588561e+125 9.634379e+126
908 9.177145e+125 1.341964e+127
909 1.278276e+126 1.869209e+127
910 1.780499e+126 2.603603e+127
911 2.480040e+126 3.626534e+127
912 3.454424e+126 5.051365e+127
913 4.811635e+126 7.036000e+127
914 6.702081e+126 9.800378e+127
915 9.335266e+126 1.365085e+128
916 1.300300e+127 1.901415e+128
917 1.811176e+127 2.648463e+128
918 2.522770e+127 3.689019e+128
919 3.513943e+127 5.138400e+128
920 4.894539e+127 7.157229e+128
921 6.817557e+127 9.969237e+128
922 9.496111e+127 1.388606e+129
923 1.322704e+128 1.934176e+129
924 1.842383e+128 2.694095e+129
925 2.566237e+128 3.752580e+129
926 3.574488e+128 5.226934e+129
927 4.978871e+128 7.280547e+129
928 6.935022e+128 1.014101e+130
929 9.659728e+128 1.412531e+130
930 1.345494e+129 1.967501e+130
931 1.874127e+129 2.740514e+130
932 2.610453e+129 3.817237e+130
933 3.636076e+129 5.316993e+130
934 5.064656e+129 7.405990e+130
935 7.054512e+129 1.031573e+131
936 9.826163e+129 1.436869e+131
937 1.368677e+130 2.001401e+131
938 1.906417e+130 2.787733e+131
939 2.655431e+130 3.883007e+131
940 3.698725e+130 5.408604e+131
941 5.151919e+130 7.533594e+131
942 7.176060e+130 1.049347e+132
943 9.995467e+130 1.461626e+132
944 1.392259e+131 2.035885e+132
945 1.939265e+131 2.835765e+132
946 2.701184e+131 3.949911e+132
947 3.762453e+131 5.501794e+132
948 5.240686e+131 7.663397e+132
949 7.299703e+131 1.067427e+133
950 1.016769e+132 1.486810e+133
951 1.416248e+132 2.070963e+133
952 1.972678e+132 2.884625e+133
953 2.747725e+132 4.017967e+133
954 3.827280e+132 5.596589e+133
955 5.330982e+132 7.795436e+133
956 7.425475e+132 1.085819e+134
957 1.034288e+133 1.512427e+134
958 1.440649e+133 2.106645e+134
959 2.006667e+133 2.934327e+134
960 2.795068e+133 4.087196e+134
961 3.893224e+133 5.693017e+134
962 5.422835e+133 7.929750e+134
963 7.553415e+133 1.104527e+135
964 1.052108e+134 1.538486e+135
965 1.465472e+134 2.142943e+135
966 2.041242e+134 2.984885e+135
967 2.843226e+134 4.157618e+135
968 3.960303e+134 5.791107e+135
969 5.516269e+134 8.066379e+135
970 7.683560e+134 1.123558e+136
971 1.070236e+135 1.564994e+136
972 1.490721e+135 2.179865e+136
973 2.076412e+135 3.036314e+136
974 2.892215e+135 4.229253e+136
975 4.028539e+135 5.890887e+136
976 5.611314e+135 8.205361e+136
977 7.815946e+135 1.142917e+137
978 1.088676e+136 1.591958e+137
979 1.516406e+136 2.217424e+137
980 2.112188e+136 3.088629e+137
981 2.942047e+136 4.302122e+137
982 4.097950e+136 5.992386e+137
983 5.707996e+136 8.346738e+137
984 7.950614e+136 1.162609e+138
985 1.107434e+137 1.619388e+138
986 1.542534e+137 2.255630e+138
987 2.148581e+137 3.141846e+138
988 2.992738e+137 4.376247e+138
989 4.168557e+137 6.095634e+138
990 5.806344e+137 8.490551e+138
991 8.087602e+137 1.182641e+139
992 1.126514e+138 1.647289e+139
993 1.569111e+138 2.294494e+139
994 2.185601e+138 3.195979e+139
995 3.044303e+138 4.451650e+139
996 4.240381e+138 6.200661e+139
997 5.906386e+138 8.636842e+139
998 8.226950e+138 1.203018e+140
999 1.145924e+139 1.675672e+140
1000 1.596147e+139 2.334028e+140
1001 2.223258e+139 3.251046e+140
1002 3.096756e+139 4.528351e+140
1003 4.313442e+139 6.307497e+140
1004 6.008153e+139 8.785654e+140
1005 8.368699e+139 1.223746e+141
1006 1.165668e+140 1.704544e+141
1007 1.623648e+140 2.374243e+141
1008 2.261565e+140 3.307061e+141
1009 3.150112e+140 4.606374e+141
1010 4.387762e+140 6.416175e+141
1011 6.111672e+140 8.937030e+141
1012 8.512891e+140 1.244830e+142
1013 1.185753e+141 1.733913e+142
1014 1.651624e+141 2.415151e+142
1015 2.300531e+141 3.364041e+142
1016 3.204388e+141 4.685741e+142
1017 4.463362e+141 6.526724e+142
1018 6.216975e+141 9.091013e+142
1019 8.659567e+141 1.266279e+143
1020 1.206183e+142 1.763788e+143
1021 1.680081e+142 2.456763e+143
1022 2.340169e+142 3.422003e+143
1023 3.259599e+142 4.766476e+143
1024 4.540265e+142 6.639179e+143
1025 6.324093e+142 9.247650e+143
1026 8.808770e+142 1.288097e+144
1027 1.226965e+143 1.794178e+144
1028 1.709028e+143 2.499093e+144
1029 2.380490e+143 3.480963e+144
1030 3.315762e+143 4.848601e+144
1031 4.618493e+143 6.753571e+144
1032 6.433056e+143 9.406986e+144
1033 8.960544e+143 1.310290e+145
1034 1.248106e+144 1.825091e+145
1035 1.738475e+144 2.542152e+145
1036 2.421505e+144 3.540940e+145
1037 3.372892e+144 4.932142e+145
1038 4.698069e+144 6.869934e+145
1039 6.543897e+144 9.569067e+145
1040 9.114933e+144 1.332866e+146
1041 1.269610e+145 1.856537e+146
1042 1.768428e+145 2.585953e+146
1043 2.463227e+145 3.601950e+146
1044 3.431006e+145 5.017122e+146
1045 4.779017e+145 6.988302e+146
1046 6.656647e+145 9.733941e+146
1047 9.271982e+145 1.355831e+147
1048 1.291486e+146 1.888525e+147
1049 1.798898e+146 2.630509e+147
1050 2.505668e+146 3.664011e+147
1051 3.490122e+146 5.103566e+147
1052 4.861358e+146 7.108710e+147
1053 6.771340e+146 9.901655e+147
1054 9.431736e+146 1.379192e+148
1055 1.313738e+147 1.921064e+148
1056 1.829893e+147 2.675832e+148
1057 2.548841e+147 3.727141e+148
1058 3.550256e+147 5.191500e+148
1059 4.945119e+147 7.231192e+148
1060 6.888010e+147 1.007226e+149
1061 9.594244e+147 1.402956e+149
1062 1.336373e+148 1.954164e+149
1063 1.861422e+148 2.721936e+149
1064 2.592757e+148 Inf
