# step err_l2 res_l2
0 2.460291e-01 1.000000e+00
1 1.910030e-01 4.458955e-01
2 1.759195e-01 3.246083e-01
3 1.589190e-01 2.018212e-01
4 1.487604e-01 1.315429e-01
5 1.393657e-01 1.026663e-01
6 1.316396e-01 9.034644e-02
7 1.246718e-01 8.318850e-02
8 1.184539e-01 7.709551e-02
9 1.127852e-01 7.189351e-02
10 1.075898e-01 6.765854e-02
11 1.027872e-01 6.425812e-02
12 9.832212e-02 6.130054e-02
13 9.414873e-02 5.839071e-02
14 9.023081e-02 5.526426e-02
15 8.653884e-02 5.181782e-02
16 8.304856e-02 4.807135e-02
17 7.973987e-02 4.411635e-02
18 7.659594e-02 4.007247e-02
19 7.360252e-02 3.605878e-02
20 7.074749e-02 3.217804e-02
21 6.802040e-02 2.850998e-02
22 6.541224e-02 2.511038e-02
23 6.291510e-02 2.201314e-02
24 6.052206e-02 1.923386e-02
25 5.822698e-02 1.677368e-02
26 5.602437e-02 1.462294e-02
27 5.390932e-02 1.276430e-02
28 5.187738e-02 1.117535e-02
29 4.992448e-02 9.830495e-03
30 4.804693e-02 8.702557e-03
31 4.624128e-02 7.763882e-03
32 4.450438e-02 6.987308e-03
33 4.283326e-02 6.346967e-03
34 4.122517e-02 5.818972e-03
35 3.967751e-02 5.381959e-03
36 3.818784e-02 5.017431e-03
37 3.675385e-02 4.709871e-03
38 3.537334e-02 4.446645e-03
39 3.404424e-02 4.217729e-03
40 3.276457e-02 4.015350e-03
41 3.153244e-02 3.833588e-03
42 3.034605e-02 3.667999e-03
43 2.920368e-02 3.515281e-03
44 2.810368e-02 3.372993e-03
45 2.704448e-02 3.239338e-03
46 2.602457e-02 3.112989e-03
47 2.504249e-02 2.992964e-03
48 2.409686e-02 2.878523e-03
49 2.318634e-02 2.769107e-03
50 2.230965e-02 2.664283e-03
51 2.146555e-02 2.563706e-03
52 2.065286e-02 2.467100e-03
53 1.987043e-02 2.374234e-03
54 1.911717e-02 2.284911e-03
55 1.839201e-02 2.198961e-03
56 1.769395e-02 2.116231e-03
57 1.702198e-02 2.036584e-03
58 1.637518e-02 1.959893e-03
59 1.575262e-02 1.886041e-03
60 1.515343e-02 1.814918e-03
61 1.457675e-02 1.746420e-03
62 1.402178e-02 1.680449e-03
63 1.348771e-02 1.616911e-03
64 1.297379e-02 1.555717e-03
65 1.247929e-02 1.496781e-03
66 1.200349e-02 1.440022e-03
67 1.154572e-02 1.385359e-03
68 1.110530e-02 1.332719e-03
69 1.068161e-02 1.282028e-03
70 1.027403e-02 1.233215e-03
71 9.881976e-03 1.186214e-03
72 9.504865e-03 1.140960e-03
73 9.142150e-03 1.097389e-03
74 8.793299e-03 1.055441e-03
75 8.457800e-03 1.015058e-03
76 8.135156e-03 9.761842e-04
77 7.824891e-03 9.387644e-04
78 7.526545e-03 9.027464e-04
79 7.239674e-03 8.680797e-04
80 6.963849e-03 8.347154e-04
81 6.698658e-03 8.026063e-04
82 6.443704e-03 7.717070e-04
83 6.198603e-03 7.419735e-04
84 5.962986e-03 7.133633e-04
85 5.736496e-03 6.858354e-04
86 5.518790e-03 6.593503e-04
87 5.309539e-03 6.338698e-04
88 5.108422e-03 6.093571e-04
89 4.915134e-03 5.857764e-04
90 4.729379e-03 5.630935e-04
91 4.550872e-03 5.412753e-04
92 4.379339e-03 5.202897e-04
93 4.214517e-03 5.001058e-04
94 4.056151e-03 4.806940e-04
95 3.903997e-03 4.620254e-04
96 3.757819e-03 4.440723e-04
97 3.617390e-03 4.268080e-04
98 3.482494e-03 4.102067e-04
99 3.352919e-03 3.942436e-04
100 3.228463e-03 3.788947e-04
101 3.108933e-03 3.641368e-04
102 2.994141e-03 3.499478e-04
103 2.883908e-03 3.363061e-04
104 2.778060e-03 3.231910e-04
105 2.676432e-03 3.105826e-04
106 2.578862e-03 2.984617e-04
107 2.485198e-03 2.868097e-04
108 2.395291e-03 2.756089e-04
109 2.308998e-03 2.648421e-04
110 2.226184e-03 2.544926e-04
111 2.146715e-03 2.445446e-04
112 2.070466e-03 2.349828e-04
113 1.997315e-03 2.257922e-04
114 1.927145e-03 2.169589e-04
115 1.859843e-03 2.084689e-04
116 1.795301e-03 2.003092e-04
117 1.733415e-03 1.924670e-04
118 1.674085e-03 1.849302e-04
119 1.617214e-03 1.776869e-04
120 1.562711e-03 1.707259e-04
121 1.510486e-03 1.640363e-04
122 1.460453e-03 1.576076e-04
123 1.412530e-03 1.514298e-04
124 1.366638e-03 1.454930e-04
125 1.322700e-03 1.397880e-04
126 1.280642e-03 1.343059e-04
127 1.240395e-03 1.290379e-04
128 1.201889e-03 1.239759e-04
129 1.165060e-03 1.191117e-04
130 1.129843e-03 1.144377e-04
131 1.096177e-03 1.099466e-04
132 1.064005e-03 1.056311e-04
133 1.033268e-03 1.014846e-04
134 1.003912e-03 9.750039e-05
135 9.758846e-04 9.367217e-05
136 9.491338e-04 8.999388e-05
137 9.236105e-04 8.645967e-05
138 8.992668e-04 8.306392e-05
139 8.760564e-04 7.980125e-05
140 8.539347e-04 7.666645e-05
141 8.328583e-04 7.365454e-05
142 8.127854e-04 7.076072e-05
143 7.936753e-04 6.798039e-05
144 7.754889e-04 6.530910e-05
145 7.581879e-04 6.274259e-05
146 7.417355e-04 6.027678e-05
147 7.260960e-04 5.790771e-05
148 7.112349e-04 5.563162e-05
149 6.971186e-04 5.344486e-05
150 6.837146e-04 5.134394e-05
151 6.709917e-04 4.932549e-05
152 6.589193e-04 4.738629e-05
153 6.474682e-04 4.552324e-05
154 6.366100e-04 4.373334e-05
155 6.263171e-04 4.201375e-05
156 6.165632e-04 4.036169e-05
157 6.073227e-04 3.877453e-05
158 5.985709e-04 3.724972e-05
159 5.902842e-04 3.578482e-05
160 5.824396e-04 3.437747e-05
161 5.750153e-04 3.302543e-05
162 5.679901e-04 3.172651e-05
163 5.613439e-04 3.047864e-05
164 5.550572e-04 2.927982e-05
165 5.491114e-04 2.812812e-05
166 5.434888e-04 2.702168e-05
167 5.381723e-04 2.595874e-05
168 5.331457e-04 2.493758e-05
169 5.283936e-04 2.395657e-05
170 5.239010e-04 2.301413e-05
171 5.196540e-04 2.210874e-05
172 5.156392e-04 2.123896e-05
173 5.118437e-04 2.040337e-05
174 5.082556e-04 1.960064e-05
175 5.048634e-04 1.882948e-05
176 5.016560e-04 1.808864e-05
177 4.986233e-04 1.737694e-05
178 4.957554e-04 1.669323e-05
179 4.930431e-04 1.603641e-05
180 4.904776e-04 1.540543e-05
181 4.880507e-04 1.479926e-05
182 4.857544e-04 1.421693e-05
183 4.835814e-04 1.365752e-05
184 4.815248e-04 1.312010e-05
185 4.795779e-04 1.260383e-05
186 4.777345e-04 1.210787e-05
187 4.759888e-04 1.163141e-05
188 4.743352e-04 1.117371e-05
189 4.727685e-04 1.073400e-05
190 4.712839e-04 1.031160e-05
191 4.698767e-04 9.905815e-06
192 4.685425e-04 9.515995e-06
193 4.672773e-04 9.141513e-06
194 4.660772e-04 8.781764e-06
195 4.649385e-04 8.436170e-06
196 4.638579e-04 8.104173e-06
197 4.628321e-04 7.785240e-06
198 4.618581e-04 7.478856e-06
199 4.609330e-04 7.184527e-06
200 4.600542e-04 6.901780e-06
201 4.592191e-04 6.630159e-06
202 4.584254e-04 6.369226e-06
203 4.576708e-04 6.118560e-06
204 4.569531e-04 5.877759e-06
205 4.562705e-04 5.646433e-06
206 4.556210e-04 5.424210e-06
207 4.550029e-04 5.210732e-06
208 4.544145e-04 5.005655e-06
209 4.538543e-04 4.808648e-06
210 4.533207e-04 4.619394e-06
211 4.528124e-04 4.437588e-06
212 4.523281e-04 4.262936e-06
213 4.518665e-04 4.095158e-06
214 4.514265e-04 3.933982e-06
215 4.510069e-04 3.779149e-06
216 4.506068e-04 3.630410e-06
217 4.502251e-04 3.487525e-06
218 4.498609e-04 3.350262e-06
219 4.495133e-04 3.218402e-06
220 4.491816e-04 3.091731e-06
221 4.488649e-04 2.970045e-06
222 4.485624e-04 2.853149e-06
223 4.482736e-04 2.740853e-06
224 4.479977e-04 2.632976e-06
225 4.477341e-04 2.529346e-06
226 4.474822e-04 2.429794e-06
227 4.472414e-04 2.334159e-06
228 4.470113e-04 2.242289e-06
229 4.467912e-04 2.154035e-06
230 4.465808e-04 2.069254e-06
231 4.463796e-04 1.987810e-06
232 4.461872e-04 1.909571e-06
233 4.460030e-04 1.834411e-06
234 4.458269e-04 1.762210e-06
235 4.456583e-04 1.692850e-06
236 4.454969e-04 1.626221e-06
237 4.453425e-04 1.562213e-06
238 4.451947e-04 1.500725e-06
239 4.450531e-04 1.441657e-06
240 4.449176e-04 1.384914e-06
241 4.447878e-04 1.330404e-06
242 4.446635e-04 1.278040e-06
243 4.445444e-04 1.227736e-06
244 4.444304e-04 1.179413e-06
245 4.443211e-04 1.132991e-06
246 4.442164e-04 1.088397e-06
247 4.441161e-04 1.045558e-06
248 4.440199e-04 1.004404e-06
249 4.439278e-04 9.648711e-07
250 4.438395e-04 9.268937e-07
251 4.437548e-04 8.904111e-07
252 4.436737e-04 8.553645e-07
253 4.435959e-04 8.216972e-07
254 4.435213e-04 7.893551e-07
255 4.434497e-04 7.582860e-07
256 4.433811e-04 7.284397e-07
257 4.433154e-04 6.997681e-07
258 4.432523e-04 6.722251e-07
259 4.431918e-04 6.457662e-07
260 4.431337e-04 6.203486e-07
261 4.430781e-04 5.959315e-07
262 4.430247e-04 5.724755e-07
263 4.429735e-04 5.499427e-07
264 4.429243e-04 5.282968e-07
265 4.428772e-04 5.075028e-07
266 4.428319e-04 4.875273e-07
267 4.427885e-04 4.683381e-07
268 4.427469e-04 4.499041e-07
269 4.427069e-04 4.321957e-07
270 4.426685e-04 4.151843e-07
271 4.426317e-04 3.988425e-07
272 4.425964e-04 3.831439e-07
273 4.425625e-04 3.680631e-07
274 4.425300e-04 3.535760e-07
275 4.424987e-04 3.396591e-07
276 4.424688e-04 3.262900e-07
277 4.424400e-04 3.134470e-07
278 4.424124e-04 3.011096e-07
279 4.423859e-04 2.892578e-07
280 4.423604e-04 2.778724e-07
281 4.423360e-04 2.669352e-07
282 4.423125e-04 2.564285e-07
283 4.422900e-04 2.463354e-07
284 4.422684e-04 2.366395e-07
285 4.422476e-04 2.273252e-07
286 4.422277e-04 2.183776e-07
287 4.422086e-04 2.097821e-07
288 4.421902e-04 2.015250e-07
289 4.421725e-04 1.935928e-07
290 4.421556e-04 1.859729e-07
291 4.421393e-04 1.786529e-07
292 4.421237e-04 1.716210e-07
293 4.421087e-04 1.648659e-07
294 4.420943e-04 1.583767e-07
295 4.420805e-04 1.521429e-07
296 4.420672e-04 1.461545e-07
297 4.420545e-04 1.404018e-07
298 4.420422e-04 1.348755e-07
299 4.420305e-04 1.295667e-07
300 4.420192e-04 1.244669e-07
301 4.420083e-04 1.195678e-07
302 4.419979e-04 1.148615e-07
303 4.419879e-04 1.103405e-07
304 4.419783e-04 1.059974e-07
305 4.419691e-04 1.018253e-07
306 4.419602e-04 9.781739e-08
307 4.419517e-04 9.396724e-08
308 4.419436e-04 9.026863e-08
309 4.419357e-04 8.671560e-08
310 4.419282e-04 8.330242e-08
311 4.419209e-04 8.002359e-08
312 4.419140e-04 7.687381e-08
313 4.419073e-04 7.384801e-08
314 4.419009e-04 7.094130e-08
315 4.418947e-04 6.814901e-08
316 4.418888e-04 6.546662e-08
317 4.418831e-04 6.288981e-08
318 4.418777e-04 6.041443e-08
319 4.418724e-04 5.803648e-08
320 4.418674e-04 5.575212e-08
321 4.418626e-04 5.355768e-08
322 4.418579e-04 5.144962e-08
323 4.418534e-04 4.942453e-08
324 4.418492e-04 4.747915e-08
325 4.418450e-04 4.561034e-08
326 4.418411e-04 4.381509e-08
327 4.418373e-04 4.209050e-08
328 4.418336e-04 4.043379e-08
329 4.418301e-04 3.884229e-08
330 4.418268e-04 3.731343e-08
331 4.418235e-04 3.584475e-08
332 4.418204e-04 3.443387e-08
333 4.418174e-04 3.307853e-08
334 4.418146e-04 3.177654e-08
335 4.418118e-04 3.052580e-08
336 4.418092e-04 2.932428e-08
337 4.418066e-04 2.817006e-08
338 4.418042e-04 2.706127e-08
339 4.418019e-04 2.599612e-08
340 4.417996e-04 2.497289e-08
341 4.417974e-04 2.398994e-08
342 4.417954e-04 2.304568e-08
343 4.417934e-04 2.213859e-08
344 4.417915e-04 2.126720e-08
345 4.417896e-04 2.043011e-08
346 4.417878e-04 1.962597e-08
347 4.417862e-04 1.885348e-08
348 4.417845e-04 1.811139e-08
349 4.417830e-04 1.739851e-08
350 4.417814e-04 1.671370e-08
351 4.417800e-04 1.605583e-08
352 4.417786e-04 1.542387e-08
353 4.417773e-04 1.481677e-08
354 4.417760e-04 1.423357e-08
355 4.417748e-04 1.367333e-08
356 4.417736e-04 1.313514e-08
357 4.417724e-04 1.261813e-08
358 4.417713e-04 1.212147e-08
359 4.417703e-04 1.164437e-08
360 4.417693e-04 1.118604e-08
361 4.417683e-04 1.074575e-08
362 4.417674e-04 1.032279e-08
363 4.417665e-04 9.916474e-09
