err_l2 = 0.0017228504406584422
steps = 20
runtime_s = 0.0007579326629638672
err_max = 0.0075764560512755486
history_file = "history_cg_nx16_ny16_nz16_steps20.txt"
exact_plot = "exact_nx16_ny16_nz16.png"
error_plot = "error_nx16_ny16_nz16_M10_steps20.png"
res_l2 = 3.949902e-09
