err_l2 = 0.0017228509048069622
steps = 8
runtime_s = 0.0001518726348876953
err_max = 0.007576457683368121
history_file = "history_cg_nx16_ny16_nz16_steps8.txt"
exact_plot = "exact_nx16_ny16_nz16.png"
error_plot = "error_nx16_ny16_nz16_M10_steps8.png"
res_l2 = 7.366597e-11
