# step err_l2 res_l2
0 2.460291e-01 1.000000e+00
1 2.220018e-01 7.939465e-01
2 2.055138e-01 3.135695e-01
3 1.959231e-01 2.039685e-01
4 1.884671e-01 1.653793e-01
5 1.820672e-01 1.392055e-01
6 1.764504e-01 1.203803e-01
7 1.714218e-01 1.064713e-01
8 1.668506e-01 9.563681e-02
9 1.626498e-01 8.690923e-02
10 1.587570e-01 7.971187e-02
11 1.551253e-01 7.365973e-02
12 1.517185e-01 6.848868e-02
13 1.485079e-01 6.401175e-02
14 1.454704e-01 6.009233e-02
15 1.425869e-01 5.662812e-02
16 1.398416e-01 5.354090e-02
17 1.372211e-01 5.076976e-02
18 1.347139e-01 4.826652e-02
19 1.323101e-01 4.599253e-02
20 1.300012e-01 4.391640e-02
21 1.277797e-01 4.201236e-02
22 1.256389e-01 4.025907e-02
23 1.235730e-01 3.863868e-02
24 1.215767e-01 3.713613e-02
25 1.196454e-01 3.573867e-02
26 1.177747e-01 3.443540e-02
27 1.159609e-01 3.321695e-02
28 1.142004e-01 3.207522e-02
29 1.124901e-01 3.100320e-02
30 1.108271e-01 2.999473e-02
31 1.092087e-01 2.904444e-02
32 1.076325e-01 2.814757e-02
33 1.060962e-01 2.729991e-02
34 1.045978e-01 2.649771e-02
35 1.031353e-01 2.573763e-02
36 1.017070e-01 2.501665e-02
37 1.003112e-01 2.433205e-02
38 9.894631e-02 2.368136e-02
39 9.761099e-02 2.306235e-02
40 9.630389e-02 2.247297e-02
41 9.502376e-02 2.191134e-02
42 9.376945e-02 2.137573e-02
43 9.253987e-02 2.086455e-02
44 9.133402e-02 2.037633e-02
45 9.015094e-02 1.990968e-02
46 8.898976e-02 1.946335e-02
47 8.784964e-02 1.903613e-02
48 8.672980e-02 1.862694e-02
49 8.562951e-02 1.823472e-02
50 8.454809e-02 1.785851e-02
51 8.348488e-02 1.749740e-02
52 8.243927e-02 1.715054e-02
53 8.141070e-02 1.681713e-02
54 8.039862e-02 1.649641e-02
55 7.940253e-02 1.618768e-02
56 7.842194e-02 1.589027e-02
57 7.745639e-02 1.560356e-02
58 7.650547e-02 1.532695e-02
59 7.556876e-02 1.505991e-02
60 7.464588e-02 1.480190e-02
61 7.373646e-02 1.455243e-02
62 7.284015e-02 1.431105e-02
63 7.195664e-02 1.407733e-02
64 7.108560e-02 1.385085e-02
65 7.022674e-02 1.363124e-02
66 6.937978e-02 1.341813e-02
67 6.854444e-02 1.321119e-02
68 6.772048e-02 1.301010e-02
69 6.690764e-02 1.281456e-02
70 6.610569e-02 1.262430e-02
71 6.531441e-02 1.243904e-02
72 6.453358e-02 1.225854e-02
73 6.376300e-02 1.208257e-02
74 6.300246e-02 1.191091e-02
75 6.225179e-02 1.174336e-02
76 6.151079e-02 1.157973e-02
77 6.077930e-02 1.141983e-02
78 6.005714e-02 1.126349e-02
79 5.934414e-02 1.111057e-02
80 5.864017e-02 1.096090e-02
81 5.794505e-02 1.081434e-02
82 5.725865e-02 1.067078e-02
83 5.658082e-02 1.053008e-02
84 5.591143e-02 1.039212e-02
85 5.525035e-02 1.025680e-02
86 5.459743e-02 1.012401e-02
87 5.395257e-02 9.993667e-03
88 5.331564e-02 9.865669e-03
89 5.268651e-02 9.739933e-03
90 5.206508e-02 9.616379e-03
91 5.145123e-02 9.494932e-03
92 5.084485e-02 9.375520e-03
93 5.024584e-02 9.258076e-03
94 4.965409e-02 9.142537e-03
95 4.906951e-02 9.028843e-03
96 4.849198e-02 8.916937e-03
97 4.792142e-02 8.806767e-03
98 4.735774e-02 8.698281e-03
99 4.680083e-02 8.591432e-03
100 4.625060e-02 8.486175e-03
101 4.570698e-02 8.382468e-03
102 4.516986e-02 8.280268e-03
103 4.463918e-02 8.179539e-03
104 4.411483e-02 8.080242e-03
105 4.359675e-02 7.982344e-03
106 4.308484e-02 7.885812e-03
107 4.257904e-02 7.790613e-03
108 4.207926e-02 7.696719e-03
109 4.158542e-02 7.604099e-03
110 4.109746e-02 7.512727e-03
111 4.061529e-02 7.422577e-03
112 4.013885e-02 7.333623e-03
113 3.966806e-02 7.245842e-03
114 3.920285e-02 7.159210e-03
115 3.874316e-02 7.073706e-03
116 3.828891e-02 6.989309e-03
117 3.784004e-02 6.905997e-03
118 3.739649e-02 6.823752e-03
119 3.695818e-02 6.742554e-03
120 3.652505e-02 6.662386e-03
121 3.609704e-02 6.583230e-03
122 3.567410e-02 6.505068e-03
123 3.525614e-02 6.427885e-03
124 3.484312e-02 6.351665e-03
125 3.443498e-02 6.276392e-03
126 3.403166e-02 6.202051e-03
127 3.363309e-02 6.128628e-03
128 3.323923e-02 6.056109e-03
129 3.285001e-02 5.984481e-03
130 3.246538e-02 5.913729e-03
131 3.208528e-02 5.843842e-03
132 3.170967e-02 5.774806e-03
133 3.133848e-02 5.706610e-03
134 3.097166e-02 5.639241e-03
135 3.060917e-02 5.572688e-03
136 3.025094e-02 5.506940e-03
137 2.989694e-02 5.441985e-03
138 2.954710e-02 5.377813e-03
139 2.920138e-02 5.314412e-03
140 2.885973e-02 5.251773e-03
141 2.852211e-02 5.189886e-03
142 2.818845e-02 5.128739e-03
143 2.785873e-02 5.068325e-03
144 2.753288e-02 5.008633e-03
145 2.721087e-02 4.949653e-03
146 2.689265e-02 4.891377e-03
147 2.657817e-02 4.833796e-03
148 2.626739e-02 4.776900e-03
149 2.596027e-02 4.720680e-03
150 2.565676e-02 4.665130e-03
151 2.535682e-02 4.610239e-03
152 2.506041e-02 4.555999e-03
153 2.476749e-02 4.502403e-03
154 2.447801e-02 4.449443e-03
155 2.419193e-02 4.397110e-03
156 2.390922e-02 4.345397e-03
157 2.362983e-02 4.294296e-03
158 2.335373e-02 4.243799e-03
159 2.308087e-02 4.193900e-03
160 2.281123e-02 4.144591e-03
161 2.254475e-02 4.095864e-03
162 2.228141e-02 4.047713e-03
163 2.202116e-02 4.000130e-03
164 2.176398e-02 3.953109e-03
165 2.150981e-02 3.906643e-03
166 2.125864e-02 3.860725e-03
167 2.101042e-02 3.815349e-03
168 2.076511e-02 3.770508e-03
169 2.052269e-02 3.726195e-03
170 2.028312e-02 3.682405e-03
171 2.004637e-02 3.639131e-03
172 1.981240e-02 3.596366e-03
173 1.958118e-02 3.554105e-03
174 1.935268e-02 3.512342e-03
175 1.912687e-02 3.471071e-03
176 1.890371e-02 3.430285e-03
177 1.868317e-02 3.389980e-03
178 1.846522e-02 3.350149e-03
179 1.824984e-02 3.310787e-03
180 1.803699e-02 3.271888e-03
181 1.782664e-02 3.233447e-03
182 1.761877e-02 3.195458e-03
183 1.741334e-02 3.157915e-03
184 1.721032e-02 3.120815e-03
185 1.700969e-02 3.084151e-03
186 1.681142e-02 3.047918e-03
187 1.661548e-02 3.012111e-03
188 1.642184e-02 2.976725e-03
189 1.623048e-02 2.941755e-03
190 1.604137e-02 2.907196e-03
191 1.585449e-02 2.873044e-03
192 1.566980e-02 2.839293e-03
193 1.548728e-02 2.805939e-03
194 1.530690e-02 2.772977e-03
195 1.512865e-02 2.740402e-03
196 1.495250e-02 2.708210e-03
197 1.477841e-02 2.676397e-03
198 1.460637e-02 2.644957e-03
199 1.443636e-02 2.613887e-03
200 1.426834e-02 2.583182e-03
201 1.410230e-02 2.552838e-03
202 1.393821e-02 2.522851e-03
203 1.377605e-02 2.493216e-03
204 1.361580e-02 2.463929e-03
205 1.345743e-02 2.434986e-03
206 1.330092e-02 2.406383e-03
207 1.314626e-02 2.378117e-03
208 1.299341e-02 2.350182e-03
209 1.284236e-02 2.322576e-03
210 1.269309e-02 2.295294e-03
211 1.254557e-02 2.268333e-03
212 1.239979e-02 2.241688e-03
213 1.225572e-02 2.215357e-03
214 1.211334e-02 2.189334e-03
215 1.197264e-02 2.163618e-03
216 1.183360e-02 2.138203e-03
217 1.169619e-02 2.113088e-03
218 1.156040e-02 2.088267e-03
219 1.142620e-02 2.063738e-03
220 1.129358e-02 2.039497e-03
221 1.116253e-02 2.015540e-03
222 1.103301e-02 1.991866e-03
223 1.090502e-02 1.968469e-03
224 1.077853e-02 1.945347e-03
225 1.065353e-02 1.922497e-03
226 1.053001e-02 1.899915e-03
227 1.040793e-02 1.877598e-03
228 1.028730e-02 1.855544e-03
229 1.016808e-02 1.833749e-03
230 1.005026e-02 1.812209e-03
231 9.933833e-03 1.790923e-03
232 9.818774e-03 1.769887e-03
233 9.705069e-03 1.749098e-03
234 9.592703e-03 1.728553e-03
235 9.481658e-03 1.708249e-03
236 9.371921e-03 1.688184e-03
237 9.263475e-03 1.668355e-03
238 9.156306e-03 1.648758e-03
239 9.050399e-03 1.629392e-03
240 8.945738e-03 1.610253e-03
241 8.842309e-03 1.591339e-03
242 8.740098e-03 1.572647e-03
243 8.639090e-03 1.554175e-03
244 8.539272e-03 1.535920e-03
245 8.440629e-03 1.517879e-03
246 8.343148e-03 1.500050e-03
247 8.246814e-03 1.482430e-03
248 8.151615e-03 1.465018e-03
249 8.057538e-03 1.447810e-03
250 7.964568e-03 1.430804e-03
251 7.872694e-03 1.413998e-03
252 7.781901e-03 1.397389e-03
253 7.692179e-03 1.380975e-03
254 7.603513e-03 1.364755e-03
255 7.515892e-03 1.348724e-03
256 7.429304e-03 1.332882e-03
257 7.343736e-03 1.317226e-03
258 7.259176e-03 1.301754e-03
259 7.175613e-03 1.286464e-03
260 7.093035e-03 1.271353e-03
261 7.011430e-03 1.256420e-03
262 6.930788e-03 1.241662e-03
263 6.851096e-03 1.227078e-03
264 6.772343e-03 1.212665e-03
265 6.694519e-03 1.198421e-03
266 6.617613e-03 1.184344e-03
267 6.541614e-03 1.170433e-03
268 6.466511e-03 1.156685e-03
269 6.392295e-03 1.143099e-03
270 6.318953e-03 1.129672e-03
271 6.246477e-03 1.116403e-03
272 6.174857e-03 1.103290e-03
273 6.104081e-03 1.090331e-03
274 6.034140e-03 1.077524e-03
275 5.965026e-03 1.064867e-03
276 5.896727e-03 1.052359e-03
277 5.829234e-03 1.039999e-03
278 5.762538e-03 1.027783e-03
279 5.696630e-03 1.015711e-03
280 5.631500e-03 1.003780e-03
281 5.567139e-03 9.919898e-04
282 5.503539e-03 9.803380e-04
283 5.440690e-03 9.688230e-04
284 5.378583e-03 9.574433e-04
285 5.317211e-03 9.461973e-04
286 5.256564e-03 9.350833e-04
287 5.196634e-03 9.240999e-04
288 5.137412e-03 9.132455e-04
289 5.078891e-03 9.025186e-04
290 5.021062e-03 8.919177e-04
291 4.963916e-03 8.814414e-04
292 4.907447e-03 8.710880e-04
293 4.851646e-03 8.608563e-04
294 4.796505e-03 8.507448e-04
295 4.742017e-03 8.407520e-04
296 4.688173e-03 8.308766e-04
297 4.634968e-03 8.211172e-04
298 4.582392e-03 8.114724e-04
299 4.530439e-03 8.019410e-04
300 4.479101e-03 7.925214e-04
301 4.428372e-03 7.832126e-04
302 4.378244e-03 7.740130e-04
303 4.328710e-03 7.649215e-04
304 4.279763e-03 7.559368e-04
305 4.231397e-03 7.470577e-04
306 4.183604e-03 7.382828e-04
307 4.136379e-03 7.296110e-04
308 4.089713e-03 7.210411e-04
309 4.043602e-03 7.125718e-04
310 3.998038e-03 7.042020e-04
311 3.953015e-03 6.959305e-04
312 3.908527e-03 6.877562e-04
313 3.864567e-03 6.796779e-04
314 3.821129e-03 6.716944e-04
315 3.778208e-03 6.638048e-04
316 3.735798e-03 6.560078e-04
317 3.693891e-03 6.483024e-04
318 3.652483e-03 6.406875e-04
319 3.611568e-03 6.331620e-04
320 3.571140e-03 6.257250e-04
321 3.531193e-03 6.183753e-04
322 3.491722e-03 6.111119e-04
323 3.452721e-03 6.039338e-04
324 3.414184e-03 5.968401e-04
325 3.376108e-03 5.898297e-04
326 3.338485e-03 5.829016e-04
327 3.301311e-03 5.760549e-04
328 3.264580e-03 5.692886e-04
329 3.228288e-03 5.626018e-04
330 3.192430e-03 5.559935e-04
331 3.157000e-03 5.494629e-04
332 3.121993e-03 5.430089e-04
333 3.087404e-03 5.366308e-04
334 3.053229e-03 5.303276e-04
335 3.019463e-03 5.240984e-04
336 2.986102e-03 5.179424e-04
337 2.953139e-03 5.118587e-04
338 2.920572e-03 5.058465e-04
339 2.888394e-03 4.999048e-04
340 2.856603e-03 4.940330e-04
341 2.825192e-03 4.882301e-04
342 2.794159e-03 4.824954e-04
343 2.763498e-03 4.768281e-04
344 2.733206e-03 4.712273e-04
345 2.703277e-03 4.656923e-04
346 2.673708e-03 4.602223e-04
347 2.644495e-03 4.548166e-04
348 2.615633e-03 4.494744e-04
349 2.587119e-03 4.441949e-04
350 2.558948e-03 4.389774e-04
351 2.531117e-03 4.338213e-04
352 2.503622e-03 4.287256e-04
353 2.476458e-03 4.236899e-04
354 2.449622e-03 4.187132e-04
355 2.423111e-03 4.137951e-04
356 2.396919e-03 4.089347e-04
357 2.371045e-03 4.041314e-04
358 2.345484e-03 3.993845e-04
359 2.320232e-03 3.946934e-04
360 2.295286e-03 3.900573e-04
361 2.270643e-03 3.854758e-04
362 2.246299e-03 3.809480e-04
363 2.222250e-03 3.764734e-04
364 2.198493e-03 3.720514e-04
365 2.175026e-03 3.676813e-04
366 2.151843e-03 3.633626e-04
367 2.128944e-03 3.590945e-04
368 2.106323e-03 3.548767e-04
369 2.083978e-03 3.507083e-04
370 2.061905e-03 3.465889e-04
371 2.040102e-03 3.425179e-04
372 2.018566e-03 3.384947e-04
373 1.997293e-03 3.345188e-04
374 1.976281e-03 3.305896e-04
375 1.955525e-03 3.267065e-04
376 1.935025e-03 3.228691e-04
377 1.914776e-03 3.190767e-04
378 1.894776e-03 3.153288e-04
379 1.875022e-03 3.116250e-04
380 1.855510e-03 3.079647e-04
381 1.836240e-03 3.043474e-04
382 1.817206e-03 3.007725e-04
383 1.798408e-03 2.972397e-04
384 1.779842e-03 2.937483e-04
385 1.761505e-03 2.902980e-04
386 1.743396e-03 2.868882e-04
387 1.725511e-03 2.835184e-04
388 1.707847e-03 2.801882e-04
389 1.690403e-03 2.768972e-04
390 1.673176e-03 2.736448e-04
391 1.656163e-03 2.704306e-04
392 1.639362e-03 2.672541e-04
393 1.622771e-03 2.641150e-04
394 1.606387e-03 2.610127e-04
395 1.590207e-03 2.579469e-04
396 1.574230e-03 2.549171e-04
397 1.558453e-03 2.519228e-04
398 1.542875e-03 2.489638e-04
399 1.527491e-03 2.460395e-04
400 1.512302e-03 2.431495e-04
401 1.497303e-03 2.402935e-04
402 1.482494e-03 2.374710e-04
403 1.467871e-03 2.346817e-04
404 1.453434e-03 2.319252e-04
405 1.439179e-03 2.292010e-04
406 1.425105e-03 2.265088e-04
407 1.411209e-03 2.238483e-04
408 1.397490e-03 2.212190e-04
409 1.383946e-03 2.186206e-04
410 1.370574e-03 2.160527e-04
411 1.357374e-03 2.135149e-04
412 1.344341e-03 2.110070e-04
413 1.331476e-03 2.085285e-04
414 1.318776e-03 2.060792e-04
415 1.306238e-03 2.036586e-04
416 1.293862e-03 2.012664e-04
417 1.281646e-03 1.989024e-04
418 1.269587e-03 1.965661e-04
419 1.257683e-03 1.942573e-04
420 1.245934e-03 1.919755e-04
421 1.234338e-03 1.897206e-04
422 1.222891e-03 1.874922e-04
423 1.211594e-03 1.852899e-04
424 1.200444e-03 1.831135e-04
425 1.189440e-03 1.809627e-04
426 1.178579e-03 1.788371e-04
427 1.167860e-03 1.767365e-04
428 1.157283e-03 1.746606e-04
429 1.146844e-03 1.726090e-04
430 1.136543e-03 1.705816e-04
431 1.126377e-03 1.685779e-04
432 1.116346e-03 1.665978e-04
433 1.106448e-03 1.646410e-04
434 1.096681e-03 1.627071e-04
435 1.087044e-03 1.607960e-04
436 1.077535e-03 1.589073e-04
437 1.068153e-03 1.570408e-04
438 1.058897e-03 1.551962e-04
439 1.049764e-03 1.533733e-04
440 1.040754e-03 1.515718e-04
441 1.031865e-03 1.497914e-04
442 1.023096e-03 1.480320e-04
443 1.014446e-03 1.462932e-04
444 1.005912e-03 1.445749e-04
445 9.974938e-04 1.428767e-04
446 9.891901e-04 1.411985e-04
447 9.809995e-04 1.395400e-04
448 9.729205e-04 1.379010e-04
449 9.649519e-04 1.362812e-04
450 9.570925e-04 1.346805e-04
451 9.493409e-04 1.330985e-04
452 9.416960e-04 1.315352e-04
453 9.341564e-04 1.299902e-04
454 9.267209e-04 1.284633e-04
455 9.193884e-04 1.269544e-04
456 9.121576e-04 1.254632e-04
457 9.050273e-04 1.239895e-04
458 8.979964e-04 1.225331e-04
459 8.910636e-04 1.210939e-04
460 8.842278e-04 1.196715e-04
461 8.774879e-04 1.182659e-04
462 8.708427e-04 1.168767e-04
463 8.642911e-04 1.155039e-04
464 8.578320e-04 1.141472e-04
465 8.514642e-04 1.128065e-04
466 8.451868e-04 1.114814e-04
467 8.389985e-04 1.101720e-04
468 8.328984e-04 1.088779e-04
469 8.268854e-04 1.075991e-04
470 8.209584e-04 1.063352e-04
471 8.151163e-04 1.050862e-04
472 8.093582e-04 1.038519e-04
473 8.036831e-04 1.026320e-04
474 7.980898e-04 1.014265e-04
475 7.925774e-04 1.002352e-04
476 7.871450e-04 9.905783e-05
477 7.817915e-04 9.789431e-05
478 7.765159e-04 9.674445e-05
479 7.713173e-04 9.560810e-05
480 7.661948e-04 9.448510e-05
481 7.611473e-04 9.337529e-05
482 7.561740e-04 9.227851e-05
483 7.512739e-04 9.119462e-05
484 7.464461e-04 9.012345e-05
485 7.416897e-04 8.906487e-05
486 7.370038e-04 8.801872e-05
487 7.323874e-04 8.698486e-05
488 7.278398e-04 8.596315e-05
489 7.233600e-04 8.495343e-05
490 7.189471e-04 8.395558e-05
491 7.146003e-04 8.296945e-05
492 7.103187e-04 8.199489e-05
493 7.061015e-04 8.103179e-05
494 7.019479e-04 8.008000e-05
495 6.978570e-04 7.913939e-05
496 6.938280e-04 7.820982e-05
497 6.898601e-04 7.729118e-05
498 6.859525e-04 7.638332e-05
499 6.821044e-04 7.548613e-05
500 6.783149e-04 7.459948e-05
501 6.745834e-04 7.372324e-05
502 6.709090e-04 7.285730e-05
503 6.672909e-04 7.200152e-05
504 6.637285e-04 7.115580e-05
505 6.602209e-04 7.032001e-05
506 6.567675e-04 6.949404e-05
507 6.533674e-04 6.867777e-05
508 6.500200e-04 6.787109e-05
509 6.467245e-04 6.707388e-05
510 6.434802e-04 6.628604e-05
511 6.402864e-04 6.550745e-05
512 6.371424e-04 6.473800e-05
513 6.340475e-04 6.397760e-05
514 6.310010e-04 6.322612e-05
515 6.280023e-04 6.248347e-05
516 6.250506e-04 6.174955e-05
517 6.221454e-04 6.102424e-05
518 6.192858e-04 6.030746e-05
519 6.164714e-04 5.959909e-05
520 6.137015e-04 5.889905e-05
521 6.109753e-04 5.820723e-05
522 6.082924e-04 5.752353e-05
523 6.056520e-04 5.684786e-05
524 6.030535e-04 5.618014e-05
525 6.004964e-04 5.552025e-05
526 5.979800e-04 5.486811e-05
527 5.955038e-04 5.422364e-05
528 5.930671e-04 5.358673e-05
529 5.906693e-04 5.295731e-05
530 5.883100e-04 5.233528e-05
531 5.859885e-04 5.172055e-05
532 5.837042e-04 5.111305e-05
533 5.814567e-04 5.051268e-05
534 5.792453e-04 4.991936e-05
535 5.770695e-04 4.933301e-05
536 5.749288e-04 4.875355e-05
537 5.728226e-04 4.818090e-05
538 5.707505e-04 4.761497e-05
539 5.687118e-04 4.705569e-05
540 5.667062e-04 4.650298e-05
541 5.647330e-04 4.595676e-05
542 5.627918e-04 4.541696e-05
543 5.608822e-04 4.488349e-05
544 5.590035e-04 4.435629e-05
545 5.571554e-04 4.383529e-05
546 5.553373e-04 4.332041e-05
547 5.535488e-04 4.281157e-05
548 5.517894e-04 4.230871e-05
549 5.500587e-04 4.181175e-05
550 5.483563e-04 4.132064e-05
551 5.466816e-04 4.083529e-05
552 5.450343e-04 4.035564e-05
553 5.434138e-04 3.988163e-05
554 5.418199e-04 3.941318e-05
555 5.402520e-04 3.895024e-05
556 5.387097e-04 3.849273e-05
557 5.371927e-04 3.804060e-05
558 5.357006e-04 3.759378e-05
559 5.342328e-04 3.715221e-05
560 5.327891e-04 3.671582e-05
561 5.313691e-04 3.628456e-05
562 5.299723e-04 3.585837e-05
563 5.285985e-04 3.543718e-05
564 5.272471e-04 3.502094e-05
565 5.259180e-04 3.460958e-05
566 5.246106e-04 3.420306e-05
567 5.233247e-04 3.380132e-05
568 5.220598e-04 3.340429e-05
569 5.208158e-04 3.301193e-05
570 5.195921e-04 3.262417e-05
571 5.183885e-04 3.224097e-05
572 5.172046e-04 3.186227e-05
573 5.160402e-04 3.148802e-05
574 5.148949e-04 3.111817e-05
575 5.137683e-04 3.075265e-05
576 5.126603e-04 3.039144e-05
577 5.115704e-04 3.003446e-05
578 5.104983e-04 2.968168e-05
579 5.094438e-04 2.933304e-05
580 5.084066e-04 2.898850e-05
581 5.073864e-04 2.864800e-05
582 5.063829e-04 2.831151e-05
583 5.053959e-04 2.797896e-05
584 5.044249e-04 2.765032e-05
585 5.034699e-04 2.732555e-05
586 5.025305e-04 2.700458e-05
587 5.016064e-04 2.668739e-05
588 5.006974e-04 2.637392e-05
589 4.998033e-04 2.606414e-05
590 4.989237e-04 2.575799e-05
591 4.980585e-04 2.545544e-05
592 4.972074e-04 2.515644e-05
593 4.963702e-04 2.486096e-05
594 4.955466e-04 2.456894e-05
595 4.947364e-04 2.428036e-05
596 4.939394e-04 2.399516e-05
597 4.931553e-04 2.371332e-05
598 4.923840e-04 2.343478e-05
599 4.916252e-04 2.315952e-05
600 4.908787e-04 2.288749e-05
601 4.901443e-04 2.261866e-05
602 4.894217e-04 2.235298e-05
603 4.887109e-04 2.209043e-05
604 4.880116e-04 2.183095e-05
605 4.873235e-04 2.157453e-05
606 4.866466e-04 2.132112e-05
607 4.859806e-04 2.107068e-05
608 4.853253e-04 2.082319e-05
609 4.846805e-04 2.057860e-05
610 4.840461e-04 2.033689e-05
611 4.834220e-04 2.009801e-05
612 4.828078e-04 1.986194e-05
613 4.822035e-04 1.962865e-05
614 4.816088e-04 1.939809e-05
615 4.810237e-04 1.917024e-05
616 4.804479e-04 1.894507e-05
617 4.798814e-04 1.872254e-05
618 4.793238e-04 1.850263e-05
619 4.787752e-04 1.828530e-05
620 4.782353e-04 1.807052e-05
621 4.777039e-04 1.785827e-05
622 4.771810e-04 1.764851e-05
623 4.766665e-04 1.744121e-05
624 4.761600e-04 1.723635e-05
625 4.756616e-04 1.703389e-05
626 4.751710e-04 1.683381e-05
627 4.746883e-04 1.663608e-05
628 4.742131e-04 1.644068e-05
629 4.737454e-04 1.624757e-05
630 4.732851e-04 1.605672e-05
631 4.728320e-04 1.586812e-05
632 4.723860e-04 1.568174e-05
633 4.719470e-04 1.549754e-05
634 4.715149e-04 1.531551e-05
635 4.710895e-04 1.513561e-05
636 4.706708e-04 1.495783e-05
637 4.702586e-04 1.478214e-05
638 4.698528e-04 1.460851e-05
639 4.694534e-04 1.443692e-05
640 4.690601e-04 1.426735e-05
641 4.686730e-04 1.409976e-05
642 4.682918e-04 1.393415e-05
643 4.679166e-04 1.377048e-05
644 4.675471e-04 1.360873e-05
645 4.671833e-04 1.344889e-05
646 4.668252e-04 1.329092e-05
647 4.664726e-04 1.313480e-05
648 4.661254e-04 1.298052e-05
649 4.657835e-04 1.282805e-05
650 4.654468e-04 1.267738e-05
651 4.651153e-04 1.252847e-05
652 4.647889e-04 1.238131e-05
653 4.644675e-04 1.223588e-05
654 4.641509e-04 1.209216e-05
655 4.638392e-04 1.195013e-05
656 4.635322e-04 1.180976e-05
657 4.632298e-04 1.167105e-05
658 4.629321e-04 1.153396e-05
659 4.626388e-04 1.139848e-05
660 4.623500e-04 1.126460e-05
661 4.620656e-04 1.113228e-05
662 4.617854e-04 1.100153e-05
663 4.615094e-04 1.087230e-05
664 4.612376e-04 1.074460e-05
665 4.609699e-04 1.061839e-05
666 4.607061e-04 1.049367e-05
667 4.604464e-04 1.037041e-05
668 4.601904e-04 1.024860e-05
669 4.599384e-04 1.012822e-05
670 4.596900e-04 1.000926e-05
671 4.594454e-04 9.891690e-06
672 4.592044e-04 9.775504e-06
673 4.589669e-04 9.660681e-06
674 4.587330e-04 9.547208e-06
675 4.585025e-04 9.435068e-06
676 4.582755e-04 9.324244e-06
677 4.580517e-04 9.214722e-06
678 4.578313e-04 9.106487e-06
679 4.576141e-04 8.999523e-06
680 4.574001e-04 8.893816e-06
681 4.571892e-04 8.789350e-06
682 4.569815e-04 8.686111e-06
683 4.567767e-04 8.584085e-06
684 4.565749e-04 8.483257e-06
685 4.563761e-04 8.383614e-06
686 4.561802e-04 8.285140e-06
687 4.559871e-04 8.187824e-06
688 4.557968e-04 8.091651e-06
689 4.556093e-04 7.996607e-06
690 4.554244e-04 7.902680e-06
691 4.552423e-04 7.809855e-06
692 4.550628e-04 7.718122e-06
693 4.548858e-04 7.627465e-06
694 4.547114e-04 7.537874e-06
695 4.545395e-04 7.449335e-06
696 4.543701e-04 7.361836e-06
697 4.542030e-04 7.275364e-06
698 4.540384e-04 7.189909e-06
699 4.538761e-04 7.105457e-06
700 4.537162e-04 7.021997e-06
701 4.535585e-04 6.939517e-06
702 4.534030e-04 6.858006e-06
703 4.532498e-04 6.777453e-06
704 4.530987e-04 6.697845e-06
705 4.529498e-04 6.619173e-06
706 4.528029e-04 6.541425e-06
707 4.526582e-04 6.464590e-06
708 4.525154e-04 6.388657e-06
709 4.523747e-04 6.313617e-06
710 4.522360e-04 6.239458e-06
711 4.520992e-04 6.166170e-06
712 4.519643e-04 6.093743e-06
713 4.518313e-04 6.022166e-06
714 4.517002e-04 5.951430e-06
715 4.515709e-04 5.881525e-06
716 4.514434e-04 5.812442e-06
717 4.513176e-04 5.744169e-06
718 4.511937e-04 5.676699e-06
719 4.510714e-04 5.610021e-06
720 4.509508e-04 5.544126e-06
721 4.508319e-04 5.479005e-06
722 4.507147e-04 5.414649e-06
723 4.505990e-04 5.351049e-06
724 4.504850e-04 5.288197e-06
725 4.503725e-04 5.226082e-06
726 4.502616e-04 5.164697e-06
727 4.501521e-04 5.104033e-06
728 4.500442e-04 5.044081e-06
729 4.499378e-04 4.984834e-06
730 4.498328e-04 4.926283e-06
731 4.497293e-04 4.868419e-06
732 4.496271e-04 4.811235e-06
733 4.495264e-04 4.754723e-06
734 4.494270e-04 4.698874e-06
735 4.493290e-04 4.643682e-06
736 4.492323e-04 4.589138e-06
737 4.491369e-04 4.535234e-06
738 4.490429e-04 4.481964e-06
739 4.489500e-04 4.429319e-06
740 4.488585e-04 4.377293e-06
741 4.487681e-04 4.325877e-06
742 4.486790e-04 4.275066e-06
743 4.485911e-04 4.224851e-06
744 4.485044e-04 4.175227e-06
745 4.484188e-04 4.126185e-06
746 4.483344e-04 4.077719e-06
747 4.482511e-04 4.029823e-06
748 4.481689e-04 3.982489e-06
749 4.480878e-04 3.935711e-06
750 4.480078e-04 3.889482e-06
751 4.479289e-04 3.843797e-06
752 4.478510e-04 3.798648e-06
753 4.477742e-04 3.754030e-06
754 4.476984e-04 3.709935e-06
755 4.476235e-04 3.666359e-06
756 4.475497e-04 3.623294e-06
757 4.474769e-04 3.580735e-06
758 4.474050e-04 3.538676e-06
759 4.473340e-04 3.497111e-06
760 4.472640e-04 3.456034e-06
761 4.471949e-04 3.415440e-06
762 4.471268e-04 3.375323e-06
763 4.470595e-04 3.335677e-06
764 4.469931e-04 3.296496e-06
765 4.469276e-04 3.257776e-06
766 4.468629e-04 3.219510e-06
767 4.467991e-04 3.181694e-06
768 4.467361e-04 3.144322e-06
769 4.466740e-04 3.107389e-06
770 4.466126e-04 3.070890e-06
771 4.465521e-04 3.034820e-06
772 4.464923e-04 2.999173e-06
773 4.464334e-04 2.963945e-06
774 4.463752e-04 2.929131e-06
775 4.463177e-04 2.894726e-06
776 4.462610e-04 2.860725e-06
777 4.462050e-04 2.827123e-06
778 4.461498e-04 2.793916e-06
779 4.460952e-04 2.761099e-06
780 4.460414e-04 2.728667e-06
781 4.459883e-04 2.696616e-06
782 4.459358e-04 2.664942e-06
783 4.458841e-04 2.633640e-06
784 4.458330e-04 2.602706e-06
785 4.457825e-04 2.572134e-06
786 4.457327e-04 2.541922e-06
787 4.456836e-04 2.512065e-06
788 4.456350e-04 2.482559e-06
789 4.455871e-04 2.453399e-06
790 4.455398e-04 2.424581e-06
791 4.454932e-04 2.396103e-06
792 4.454471e-04 2.367958e-06
793 4.454016e-04 2.340144e-06
794 4.453567e-04 2.312657e-06
795 4.453123e-04 2.285493e-06
796 4.452685e-04 2.258648e-06
797 4.452253e-04 2.232118e-06
798 4.451826e-04 2.205900e-06
799 4.451405e-04 2.179989e-06
800 4.450989e-04 2.154384e-06
801 4.450578e-04 2.129078e-06
802 4.450173e-04 2.104070e-06
803 4.449773e-04 2.079356e-06
804 4.449377e-04 2.054932e-06
805 4.448987e-04 2.030795e-06
806 4.448602e-04 2.006942e-06
807 4.448222e-04 1.983368e-06
808 4.447846e-04 1.960072e-06
809 4.447475e-04 1.937049e-06
810 4.447109e-04 1.914297e-06
811 4.446747e-04 1.891812e-06
812 4.446390e-04 1.869591e-06
813 4.446038e-04 1.847631e-06
814 4.445690e-04 1.825928e-06
815 4.445346e-04 1.804481e-06
816 4.445006e-04 1.783286e-06
817 4.444671e-04 1.762340e-06
818 4.444340e-04 1.741639e-06
819 4.444013e-04 1.721182e-06
820 4.443691e-04 1.700965e-06
821 4.443372e-04 1.680986e-06
822 4.443057e-04 1.661241e-06
823 4.442747e-04 1.641729e-06
824 4.442440e-04 1.622445e-06
825 4.442137e-04 1.603388e-06
826 4.441837e-04 1.584555e-06
827 4.441542e-04 1.565943e-06
828 4.441250e-04 1.547549e-06
829 4.440962e-04 1.529372e-06
830 4.440677e-04 1.511408e-06
831 4.440396e-04 1.493655e-06
832 4.440118e-04 1.476111e-06
833 4.439844e-04 1.458773e-06
834 4.439573e-04 1.441638e-06
835 4.439306e-04 1.424705e-06
836 4.439042e-04 1.407970e-06
837 4.438781e-04 1.391432e-06
838 4.438524e-04 1.375089e-06
839 4.438269e-04 1.358937e-06
840 4.438018e-04 1.342975e-06
841 4.437770e-04 1.327201e-06
842 4.437525e-04 1.311612e-06
843 4.437283e-04 1.296205e-06
844 4.437044e-04 1.280980e-06
845 4.436808e-04 1.265934e-06
846 4.436574e-04 1.251065e-06
847 4.436344e-04 1.236370e-06
848 4.436117e-04 1.221847e-06
849 4.435892e-04 1.207496e-06
850 4.435670e-04 1.193313e-06
851 4.435451e-04 1.179296e-06
852 4.435234e-04 1.165444e-06
853 4.435020e-04 1.151755e-06
854 4.434809e-04 1.138227e-06
855 4.434601e-04 1.124857e-06
856 4.434394e-04 1.111645e-06
857 4.434191e-04 1.098587e-06
858 4.433990e-04 1.085683e-06
859 4.433791e-04 1.072931e-06
860 4.433595e-04 1.060329e-06
861 4.433401e-04 1.047874e-06
862 4.433210e-04 1.035566e-06
863 4.433021e-04 1.023402e-06
864 4.432834e-04 1.011381e-06
865 4.432650e-04 9.995018e-07
866 4.432468e-04 9.877618e-07
867 4.432288e-04 9.761596e-07
868 4.432110e-04 9.646937e-07
869 4.431934e-04 9.533625e-07
870 4.431761e-04 9.421644e-07
871 4.431590e-04 9.310979e-07
872 4.431420e-04 9.201613e-07
873 4.431253e-04 9.093531e-07
874 4.431088e-04 8.986720e-07
875 4.430925e-04 8.881163e-07
876 4.430764e-04 8.776845e-07
877 4.430604e-04 8.673753e-07
878 4.430447e-04 8.571872e-07
879 4.430292e-04 8.471188e-07
880 4.430138e-04 8.371686e-07
881 4.429987e-04 8.273353e-07
882 4.429837e-04 8.176175e-07
883 4.429689e-04 8.080139e-07
884 4.429543e-04 7.985230e-07
885 4.429398e-04 7.891436e-07
886 4.429256e-04 7.798744e-07
887 4.429115e-04 7.707141e-07
888 4.428976e-04 7.616614e-07
889 4.428838e-04 7.527150e-07
890 4.428702e-04 7.438737e-07
891 4.428568e-04 7.351362e-07
892 4.428436e-04 7.265014e-07
893 4.428305e-04 7.179679e-07
894 4.428175e-04 7.095348e-07
895 4.428047e-04 7.012006e-07
896 4.427921e-04 6.929644e-07
897 4.427796e-04 6.848249e-07
898 4.427673e-04 6.767810e-07
899 4.427551e-04 6.688316e-07
900 4.427431e-04 6.609756e-07
901 4.427312e-04 6.532118e-07
902 4.427195e-04 6.455393e-07
903 4.427079e-04 6.379568e-07
904 4.426964e-04 6.304635e-07
905 4.426851e-04 6.230581e-07
906 4.426739e-04 6.157397e-07
907 4.426628e-04 6.085073e-07
908 4.426519e-04 6.013598e-07
909 4.426411e-04 5.942963e-07
910 4.426305e-04 5.873158e-07
911 4.426199e-04 5.804172e-07
912 4.426095e-04 5.735997e-07
913 4.425993e-04 5.668622e-07
914 4.425891e-04 5.602039e-07
915 4.425791e-04 5.536238e-07
916 4.425692e-04 5.471210e-07
917 4.425594e-04 5.406946e-07
918 4.425497e-04 5.343437e-07
919 4.425401e-04 5.280673e-07
920 4.425307e-04 5.218647e-07
921 4.425214e-04 5.157349e-07
922 4.425121e-04 5.096771e-07
923 4.425030e-04 5.036905e-07
924 4.424940e-04 4.977742e-07
925 4.424851e-04 4.919274e-07
926 4.424764e-04 4.861493e-07
927 4.424677e-04 4.804390e-07
928 4.424591e-04 4.747958e-07
929 4.424506e-04 4.692189e-07
930 4.424423e-04 4.637075e-07
931 4.424340e-04 4.582609e-07
932 4.424258e-04 4.528782e-07
933 4.424177e-04 4.475587e-07
934 4.424098e-04 4.423017e-07
935 4.424019e-04 4.371065e-07
936 4.423941e-04 4.319723e-07
937 4.423864e-04 4.268984e-07
938 4.423788e-04 4.218841e-07
939 4.423713e-04 4.169287e-07
940 4.423639e-04 4.120315e-07
941 4.423565e-04 4.071918e-07
942 4.423493e-04 4.024090e-07
943 4.423421e-04 3.976823e-07
944 4.423350e-04 3.930112e-07
945 4.423281e-04 3.883949e-07
946 4.423211e-04 3.838328e-07
947 4.423143e-04 3.793244e-07
948 4.423076e-04 3.748689e-07
949 4.423009e-04 3.704657e-07
950 4.422943e-04 3.661142e-07
951 4.422878e-04 3.618139e-07
952 4.422814e-04 3.575641e-07
953 4.422751e-04 3.533642e-07
954 4.422688e-04 3.492136e-07
955 4.422626e-04 3.451117e-07
956 4.422565e-04 3.410581e-07
957 4.422504e-04 3.370521e-07
958 4.422444e-04 3.330931e-07
959 4.422385e-04 3.291806e-07
960 4.422327e-04 3.253141e-07
961 4.422269e-04 3.214930e-07
962 4.422212e-04 3.177168e-07
963 4.422156e-04 3.139849e-07
964 4.422100e-04 3.102968e-07
965 4.422045e-04 3.066521e-07
966 4.421991e-04 3.030502e-07
967 4.421937e-04 2.994906e-07
968 4.421884e-04 2.959728e-07
969 4.421831e-04 2.924964e-07
970 4.421780e-04 2.890607e-07
971 4.421728e-04 2.856655e-07
972 4.421678e-04 2.823101e-07
973 4.421628e-04 2.789941e-07
974 4.421578e-04 2.757170e-07
975 4.421530e-04 2.724785e-07
976 4.421481e-04 2.692780e-07
977 4.421434e-04 2.661151e-07
978 4.421387e-04 2.629893e-07
979 4.421340e-04 2.599003e-07
980 4.421294e-04 2.568475e-07
981 4.421249e-04 2.538306e-07
982 4.421204e-04 2.508491e-07
983 4.421160e-04 2.479027e-07
984 4.421116e-04 2.449908e-07
985 4.421072e-04 2.421132e-07
986 4.421030e-04 2.392694e-07
987 4.420987e-04 2.364589e-07
988 4.420946e-04 2.336815e-07
989 4.420904e-04 2.309367e-07
990 4.420863e-04 2.282241e-07
991 4.420823e-04 2.255434e-07
992 4.420783e-04 2.228942e-07
993 4.420744e-04 2.202761e-07
994 4.420705e-04 2.176888e-07
995 4.420667e-04 2.151318e-07
996 4.420629e-04 2.126049e-07
997 4.420591e-04 2.101077e-07
998 4.420554e-04 2.076398e-07
999 4.420517e-04 2.052009e-07
1000 4.420481e-04 2.027906e-07
1001 4.420445e-04 2.004086e-07
1002 4.420410e-04 1.980547e-07
1003 4.420375e-04 1.957283e-07
1004 4.420340e-04 1.934293e-07
1005 4.420306e-04 1.911573e-07
1006 4.420273e-04 1.889120e-07
1007 4.420239e-04 1.866931e-07
1008 4.420206e-04 1.845002e-07
1009 4.420174e-04 1.823331e-07
1010 4.420142e-04 1.801914e-07
1011 4.420110e-04 1.780749e-07
1012 4.420079e-04 1.759832e-07
1013 4.420048e-04 1.739162e-07
1014 4.420017e-04 1.718734e-07
1015 4.419987e-04 1.698546e-07
1016 4.419957e-04 1.678595e-07
1017 4.419927e-04 1.658878e-07
1018 4.419898e-04 1.639393e-07
1019 4.419869e-04 1.620137e-07
1020 4.419840e-04 1.601107e-07
1021 4.419812e-04 1.582300e-07
1022 4.419784e-04 1.563715e-07
1023 4.419757e-04 1.545348e-07
1024 4.419730e-04 1.527196e-07
1025 4.419703e-04 1.509258e-07
1026 4.419676e-04 1.491530e-07
1027 4.419650e-04 1.474011e-07
1028 4.419624e-04 1.456697e-07
1029 4.419598e-04 1.439587e-07
1030 4.419573e-04 1.422678e-07
1031 4.419548e-04 1.405967e-07
1032 4.419523e-04 1.389453e-07
1033 4.419499e-04 1.373132e-07
1034 4.419474e-04 1.357004e-07
1035 4.419451e-04 1.341065e-07
1036 4.419427e-04 1.325312e-07
1037 4.419404e-04 1.309746e-07
1038 4.419381e-04 1.294361e-07
1039 4.419358e-04 1.279158e-07
1040 4.419335e-04 1.264133e-07
1041 4.419313e-04 1.249285e-07
1042 4.419291e-04 1.234611e-07
1043 4.419269e-04 1.220109e-07
1044 4.419248e-04 1.205778e-07
1045 4.419227e-04 1.191615e-07
1046 4.419206e-04 1.177618e-07
1047 4.419185e-04 1.163786e-07
1048 4.419165e-04 1.150116e-07
1049 4.419144e-04 1.136607e-07
1050 4.419124e-04 1.123257e-07
1051 4.419105e-04 1.110063e-07
1052 4.419085e-04 1.097024e-07
1053 4.419066e-04 1.084139e-07
1054 4.419047e-04 1.071405e-07
1055 4.419028e-04 1.058820e-07
1056 4.419009e-04 1.046383e-07
1057 4.418991e-04 1.034093e-07
1058 4.418973e-04 1.021946e-07
1059 4.418955e-04 1.009942e-07
1060 4.418937e-04 9.980798e-08
1061 4.418920e-04 9.863565e-08
1062 4.418902e-04 9.747708e-08
1063 4.418885e-04 9.633213e-08
1064 4.418868e-04 9.520062e-08
1065 4.418851e-04 9.408240e-08
1066 4.418835e-04 9.297732e-08
1067 4.418819e-04 9.188522e-08
1068 4.418802e-04 9.080594e-08
1069 4.418787e-04 8.973934e-08
1070 4.418771e-04 8.868527e-08
1071 4.418755e-04 8.764359e-08
1072 4.418740e-04 8.661413e-08
1073 4.418725e-04 8.559677e-08
1074 4.418710e-04 8.459136e-08
1075 4.418695e-04 8.359776e-08
1076 4.418680e-04 8.261583e-08
1077 4.418666e-04 8.164543e-08
1078 4.418651e-04 8.068643e-08
1079 4.418637e-04 7.973870e-08
1080 4.418623e-04 7.880209e-08
1081 4.418609e-04 7.787649e-08
1082 4.418596e-04 7.696176e-08
1083 4.418582e-04 7.605778e-08
1084 4.418569e-04 7.516441e-08
1085 4.418555e-04 7.428154e-08
1086 4.418542e-04 7.340903e-08
1087 4.418530e-04 7.254678e-08
1088 4.418517e-04 7.169465e-08
1089 4.418504e-04 7.085253e-08
1090 4.418492e-04 7.002030e-08
1091 4.418479e-04 6.919785e-08
1092 4.418467e-04 6.838506e-08
1093 4.418455e-04 6.758182e-08
1094 4.418443e-04 6.678801e-08
1095 4.418432e-04 6.600352e-08
1096 4.418420e-04 6.522825e-08
1097 4.418409e-04 6.446209e-08
1098 4.418397e-04 6.370492e-08
1099 4.418386e-04 6.295665e-08
1100 4.418375e-04 6.221717e-08
1101 4.418364e-04 6.148637e-08
1102 4.418353e-04 6.076416e-08
1103 4.418343e-04 6.005043e-08
1104 4.418332e-04 5.934508e-08
1105 4.418322e-04 5.864802e-08
1106 4.418312e-04 5.795915e-08
1107 4.418301e-04 5.727836e-08
1108 4.418291e-04 5.660558e-08
1109 4.418281e-04 5.594069e-08
1110 4.418272e-04 5.528362e-08
1111 4.418262e-04 5.463426e-08
1112 4.418252e-04 5.399254e-08
1113 4.418243e-04 5.335834e-08
1114 4.418234e-04 5.273160e-08
1115 4.418224e-04 5.211222e-08
1116 4.418215e-04 5.150012e-08
1117 4.418206e-04 5.089520e-08
1118 4.418197e-04 5.029739e-08
1119 4.418188e-04 4.970660e-08
1120 4.418180e-04 4.912275e-08
1121 4.418171e-04 4.854576e-08
1122 4.418163e-04 4.797555e-08
1123 4.418154e-04 4.741203e-08
1124 4.418146e-04 4.685514e-08
1125 4.418138e-04 4.630478e-08
1126 4.418129e-04 4.576089e-08
1127 4.418121e-04 4.522339e-08
1128 4.418114e-04 4.469220e-08
1129 4.418106e-04 4.416725e-08
1130 4.418098e-04 4.364846e-08
1131 4.418090e-04 4.313577e-08
1132 4.418083e-04 4.262910e-08
1133 4.418075e-04 4.212839e-08
1134 4.418068e-04 4.163355e-08
1135 4.418061e-04 4.114453e-08
1136 4.418053e-04 4.066125e-08
1137 4.418046e-04 4.018364e-08
1138 4.418039e-04 3.971165e-08
1139 4.418032e-04 3.924520e-08
1140 4.418025e-04 3.878423e-08
1141 4.418019e-04 3.832868e-08
1142 4.418012e-04 3.787847e-08
1143 4.418005e-04 3.743355e-08
1144 4.417999e-04 3.699386e-08
1145 4.417992e-04 3.655934e-08
1146 4.417986e-04 3.612991e-08
1147 4.417979e-04 3.570554e-08
1148 4.417973e-04 3.528614e-08
1149 4.417967e-04 3.487168e-08
1150 4.417961e-04 3.446208e-08
1151 4.417955e-04 3.405729e-08
1152 4.417949e-04 3.365725e-08
1153 4.417943e-04 3.326192e-08
1154 4.417937e-04 3.287123e-08
1155 4.417931e-04 3.248513e-08
1156 4.417926e-04 3.210356e-08
1157 4.417920e-04 3.172647e-08
1158 4.417915e-04 3.135382e-08
1159 4.417909e-04 3.098554e-08
1160 4.417904e-04 3.062159e-08
1161 4.417898e-04 3.026191e-08
1162 4.417893e-04 2.990645e-08
1163 4.417888e-04 2.955518e-08
1164 4.417882e-04 2.920802e-08
1165 4.417877e-04 2.886495e-08
1166 4.417872e-04 2.852590e-08
1167 4.417867e-04 2.819084e-08
1168 4.417862e-04 2.785971e-08
1169 4.417858e-04 2.753248e-08
1170 4.417853e-04 2.720908e-08
1171 4.417848e-04 2.688949e-08
1172 4.417843e-04 2.657365e-08
1173 4.417839e-04 2.626152e-08
1174 4.417834e-04 2.595305e-08
1175 4.417829e-04 2.564821e-08
1176 4.417825e-04 2.534695e-08
1177 4.417820e-04 2.504922e-08
1178 4.417816e-04 2.475500e-08
1179 4.417812e-04 2.446423e-08
1180 4.417807e-04 2.417687e-08
1181 4.417803e-04 2.389290e-08
1182 4.417799e-04 2.361225e-08
1183 4.417795e-04 2.333490e-08
1184 4.417791e-04 2.306082e-08
1185 4.417787e-04 2.278994e-08
1186 4.417783e-04 2.252226e-08
1187 4.417779e-04 2.225771e-08
1188 4.417775e-04 2.199628e-08
1189 4.417771e-04 2.173791e-08
1190 4.417767e-04 2.148258e-08
1191 4.417764e-04 2.123025e-08
1192 4.417760e-04 2.098088e-08
1193 4.417756e-04 2.073444e-08
1194 4.417753e-04 2.049089e-08
1195 4.417749e-04 2.025021e-08
1196 4.417745e-04 2.001235e-08
1197 4.417742e-04 1.977729e-08
1198 4.417738e-04 1.954499e-08
1199 4.417735e-04 1.931541e-08
1200 4.417732e-04 1.908854e-08
1201 4.417728e-04 1.886432e-08
1202 4.417725e-04 1.864275e-08
1203 4.417722e-04 1.842377e-08
1204 4.417718e-04 1.820737e-08
1205 4.417715e-04 1.799350e-08
1206 4.417712e-04 1.778215e-08
1207 4.417709e-04 1.757329e-08
1208 4.417706e-04 1.736687e-08
1209 4.417703e-04 1.716288e-08
1210 4.417700e-04 1.696129e-08
1211 4.417697e-04 1.676206e-08
1212 4.417694e-04 1.656518e-08
1213 4.417691e-04 1.637061e-08
1214 4.417688e-04 1.617832e-08
1215 4.417685e-04 1.598829e-08
1216 4.417683e-04 1.580049e-08
1217 4.417680e-04 1.561490e-08
1218 4.417677e-04 1.543149e-08
1219 4.417674e-04 1.525023e-08
1220 4.417672e-04 1.507111e-08
1221 4.417669e-04 1.489408e-08
1222 4.417666e-04 1.471914e-08
1223 4.417664e-04 1.454625e-08
1224 4.417661e-04 1.437539e-08
1225 4.417659e-04 1.420654e-08
1226 4.417656e-04 1.403967e-08
1227 4.417654e-04 1.387476e-08
1228 4.417651e-04 1.371179e-08
1229 4.417649e-04 1.355073e-08
1230 4.417647e-04 1.339157e-08
1231 4.417644e-04 1.323427e-08
1232 4.417642e-04 1.307882e-08
1233 4.417640e-04 1.292520e-08
1234 4.417637e-04 1.277338e-08
1235 4.417635e-04 1.262335e-08
1236 4.417633e-04 1.247507e-08
1237 4.417631e-04 1.232854e-08
1238 4.417629e-04 1.218373e-08
1239 4.417627e-04 1.204062e-08
1240 4.417624e-04 1.189920e-08
1241 4.417622e-04 1.175943e-08
1242 4.417620e-04 1.162130e-08
1243 4.417618e-04 1.148480e-08
1244 4.417616e-04 1.134990e-08
1245 4.417614e-04 1.121659e-08
1246 4.417612e-04 1.108484e-08
1247 4.417610e-04 1.095464e-08
1248 4.417608e-04 1.082596e-08
1249 4.417607e-04 1.069880e-08
1250 4.417605e-04 1.057314e-08
1251 4.417603e-04 1.044895e-08
1252 4.417601e-04 1.032621e-08
1253 4.417599e-04 1.020492e-08
1254 4.417597e-04 1.008506e-08
1255 4.417596e-04 9.966598e-09
