# step err_l2 res_l2
0 2.462974e-01 1.000000e+00
1 2.315869e-01 1.129150e+00
2 2.195995e-01 6.496231e-01
3 2.115827e-01 3.147588e-01
4 2.059700e-01 2.380032e-01
5 2.010314e-01 1.680028e-01
6 1.967385e-01 1.297042e-01
7 1.929314e-01 1.137104e-01
8 1.894264e-01 1.010671e-01
9 1.861901e-01 9.119102e-02
10 1.831804e-01 8.381654e-02
11 1.803540e-01 7.765890e-02
12 1.776882e-01 7.234569e-02
13 1.751631e-01 6.781952e-02
14 1.727614e-01 6.387438e-02
15 1.704697e-01 6.038383e-02
16 1.682770e-01 5.728566e-02
17 1.661739e-01 5.451125e-02
18 1.641522e-01 5.200751e-02
19 1.622050e-01 4.973684e-02
20 1.603264e-01 4.766644e-02
21 1.585112e-01 4.576935e-02
22 1.567546e-01 4.402393e-02
23 1.550527e-01 4.241185e-02
24 1.534017e-01 4.091762e-02
25 1.517985e-01 3.952822e-02
26 1.502400e-01 3.823247e-02
27 1.487237e-01 3.702077e-02
28 1.472471e-01 3.588482e-02
29 1.458080e-01 3.481740e-02
30 1.444045e-01 3.381220e-02
31 1.430346e-01 3.286368e-02
32 1.416968e-01 3.196696e-02
33 1.403893e-01 3.111771e-02
34 1.391109e-01 3.031208e-02
35 1.378602e-01 2.954664e-02
36 1.366359e-01 2.881832e-02
37 1.354369e-01 2.812435e-02
38 1.342621e-01 2.746226e-02
39 1.331105e-01 2.682979e-02
40 1.319812e-01 2.622492e-02
41 1.308732e-01 2.564579e-02
42 1.297858e-01 2.509072e-02
43 1.287182e-01 2.455818e-02
44 1.276696e-01 2.404676e-02
45 1.266393e-01 2.355519e-02
46 1.256268e-01 2.308228e-02
47 1.246313e-01 2.262695e-02
48 1.236523e-01 2.218820e-02
49 1.226892e-01 2.176510e-02
50 1.217415e-01 2.135682e-02
51 1.208086e-01 2.096255e-02
52 1.198902e-01 2.058157e-02
53 1.189858e-01 2.021321e-02
54 1.180949e-01 1.985682e-02
55 1.172171e-01 1.951183e-02
56 1.163520e-01 1.917768e-02
57 1.154993e-01 1.885388e-02
58 1.146585e-01 1.853993e-02
59 1.138294e-01 1.823541e-02
60 1.130116e-01 1.793988e-02
61 1.122047e-01 1.765297e-02
62 1.114086e-01 1.737430e-02
63 1.106228e-01 1.710353e-02
64 1.098471e-01 1.684034e-02
65 1.090813e-01 1.658441e-02
66 1.083250e-01 1.633547e-02
67 1.075781e-01 1.609324e-02
68 1.068403e-01 1.585746e-02
69 1.061113e-01 1.562790e-02
70 1.053910e-01 1.540432e-02
71 1.046791e-01 1.518651e-02
72 1.039754e-01 1.497426e-02
73 1.032798e-01 1.476737e-02
74 1.025919e-01 1.456566e-02
75 1.019117e-01 1.436895e-02
76 1.012390e-01 1.417707e-02
77 1.005736e-01 1.398986e-02
78 9.991529e-02 1.380716e-02
79 9.926395e-02 1.362884e-02
80 9.861943e-02 1.345475e-02
81 9.798156e-02 1.328475e-02
82 9.735022e-02 1.311871e-02
83 9.672524e-02 1.295652e-02
84 9.610651e-02 1.279805e-02
85 9.549388e-02 1.264320e-02
86 9.488724e-02 1.249184e-02
87 9.428645e-02 1.234388e-02
88 9.369140e-02 1.219922e-02
89 9.310198e-02 1.205775e-02
90 9.251807e-02 1.191938e-02
91 9.193956e-02 1.178403e-02
92 9.136635e-02 1.165160e-02
93 9.079834e-02 1.152201e-02
94 9.023543e-02 1.139518e-02
95 8.967752e-02 1.127104e-02
96 8.912452e-02 1.114949e-02
97 8.857635e-02 1.103048e-02
98 8.803290e-02 1.091392e-02
99 8.749411e-02 1.079976e-02
100 8.695988e-02 1.068791e-02
101 8.643015e-02 1.057833e-02
102 8.590482e-02 1.047094e-02
103 8.538383e-02 1.036569e-02
104 8.486710e-02 1.026251e-02
105 8.435457e-02 1.016135e-02
106 8.384616e-02 1.006215e-02
107 8.334181e-02 9.964864e-03
108 8.284145e-02 9.869433e-03
109 8.234502e-02 9.775809e-03
110 8.185246e-02 9.683941e-03
111 8.136371e-02 9.593783e-03
112 8.087870e-02 9.505288e-03
113 8.039740e-02 9.418410e-03
114 7.991973e-02 9.333107e-03
115 7.944566e-02 9.249336e-03
116 7.897512e-02 9.167055e-03
117 7.850806e-02 9.086225e-03
118 7.804444e-02 9.006806e-03
119 7.758421e-02 8.928762e-03
120 7.712732e-02 8.852054e-03
121 7.667373e-02 8.776649e-03
122 7.622339e-02 8.702510e-03
123 7.577626e-02 8.629605e-03
124 7.533230e-02 8.557901e-03
125 7.489147e-02 8.487366e-03
126 7.445373e-02 8.417969e-03
127 7.401903e-02 8.349681e-03
128 7.358735e-02 8.282473e-03
129 7.315864e-02 8.216316e-03
130 7.273287e-02 8.151183e-03
131 7.231000e-02 8.087047e-03
132 7.189000e-02 8.023883e-03
133 7.147284e-02 7.961665e-03
134 7.105849e-02 7.900370e-03
135 7.064690e-02 7.839974e-03
136 7.023806e-02 7.780453e-03
137 6.983192e-02 7.721786e-03
138 6.942847e-02 7.663950e-03
139 6.902766e-02 7.606926e-03
140 6.862948e-02 7.550692e-03
141 6.823390e-02 7.495229e-03
142 6.784089e-02 7.440517e-03
143 6.745041e-02 7.386539e-03
144 6.706245e-02 7.333275e-03
145 6.667699e-02 7.280709e-03
146 6.629399e-02 7.228823e-03
147 6.591343e-02 7.177601e-03
148 6.553528e-02 7.127027e-03
149 6.515954e-02 7.077086e-03
150 6.478616e-02 7.027761e-03
151 6.441513e-02 6.979040e-03
152 6.404643e-02 6.930906e-03
153 6.368003e-02 6.883348e-03
154 6.331592e-02 6.836350e-03
155 6.295408e-02 6.789901e-03
156 6.259447e-02 6.743988e-03
157 6.223709e-02 6.698599e-03
158 6.188191e-02 6.653720e-03
159 6.152892e-02 6.609343e-03
160 6.117809e-02 6.565454e-03
161 6.082941e-02 6.522043e-03
162 6.048286e-02 6.479100e-03
163 6.013842e-02 6.436615e-03
164 5.979607e-02 6.394578e-03
165 5.945580e-02 6.352978e-03
166 5.911759e-02 6.311807e-03
167 5.878142e-02 6.271056e-03
168 5.844728e-02 6.230717e-03
169 5.811515e-02 6.190779e-03
170 5.778501e-02 6.151236e-03
171 5.745685e-02 6.112079e-03
172 5.713065e-02 6.073301e-03
173 5.680640e-02 6.034893e-03
174 5.648409e-02 5.996850e-03
175 5.616369e-02 5.959163e-03
176 5.584519e-02 5.921825e-03
177 5.552859e-02 5.884830e-03
178 5.521386e-02 5.848172e-03
179 5.490099e-02 5.811845e-03
180 5.458997e-02 5.775841e-03
181 5.428078e-02 5.740155e-03
182 5.397341e-02 5.704782e-03
183 5.366785e-02 5.669715e-03
184 5.336409e-02 5.634950e-03
185 5.306211e-02 5.600481e-03
186 5.276190e-02 5.566302e-03
187 5.246344e-02 5.532410e-03
188 5.216673e-02 5.498798e-03
189 5.187175e-02 5.465463e-03
190 5.157850e-02 5.432400e-03
191 5.128695e-02 5.399604e-03
192 5.099710e-02 5.367071e-03
193 5.070893e-02 5.334796e-03
194 5.042244e-02 5.302777e-03
195 5.013761e-02 5.271008e-03
196 4.985443e-02 5.239486e-03
197 4.957289e-02 5.208207e-03
198 4.929299e-02 5.177168e-03
199 4.901470e-02 5.146364e-03
200 4.873802e-02 5.115793e-03
201 4.846293e-02 5.085451e-03
202 4.818944e-02 5.055334e-03
203 4.791752e-02 5.025440e-03
204 4.764716e-02 4.995766e-03
205 4.737837e-02 4.966308e-03
206 4.711112e-02 4.937064e-03
207 4.684541e-02 4.908030e-03
208 4.658122e-02 4.879204e-03
209 4.631855e-02 4.850583e-03
210 4.605739e-02 4.822165e-03
211 4.579772e-02 4.793946e-03
212 4.553955e-02 4.765925e-03
213 4.528285e-02 4.738099e-03
214 4.502762e-02 4.710465e-03
215 4.477386e-02 4.683021e-03
216 4.452154e-02 4.655765e-03
217 4.427067e-02 4.628695e-03
218 4.402123e-02 4.601808e-03
219 4.377322e-02 4.575103e-03
220 4.352662e-02 4.548576e-03
221 4.328143e-02 4.522227e-03
222 4.303763e-02 4.496053e-03
223 4.279523e-02 4.470053e-03
224 4.255421e-02 4.444223e-03
225 4.231456e-02 4.418564e-03
226 4.207628e-02 4.393072e-03
227 4.183935e-02 4.367746e-03
228 4.160377e-02 4.342584e-03
229 4.136953e-02 4.317585e-03
230 4.113663e-02 4.292747e-03
231 4.090505e-02 4.268068e-03
232 4.067478e-02 4.243547e-03
233 4.044582e-02 4.219182e-03
234 4.021817e-02 4.194972e-03
235 3.999180e-02 4.170914e-03
236 3.976672e-02 4.147009e-03
237 3.954292e-02 4.123253e-03
238 3.932039e-02 4.099647e-03
239 3.909912e-02 4.076188e-03
240 3.887910e-02 4.052875e-03
241 3.866033e-02 4.029707e-03
242 3.844280e-02 4.006682e-03
243 3.822651e-02 3.983800e-03
244 3.801144e-02 3.961059e-03
245 3.779759e-02 3.938457e-03
246 3.758495e-02 3.915994e-03
247 3.737351e-02 3.893668e-03
248 3.716327e-02 3.871479e-03
249 3.695422e-02 3.849424e-03
250 3.674635e-02 3.827504e-03
251 3.653966e-02 3.805716e-03
252 3.633414e-02 3.784061e-03
253 3.612978e-02 3.762536e-03
254 3.592658e-02 3.741140e-03
255 3.572452e-02 3.719873e-03
256 3.552361e-02 3.698734e-03
257 3.532383e-02 3.677721e-03
258 3.512518e-02 3.656834e-03
259 3.492766e-02 3.636072e-03
260 3.473125e-02 3.615433e-03
261 3.453595e-02 3.594917e-03
262 3.434175e-02 3.574523e-03
263 3.414865e-02 3.554250e-03
264 3.395664e-02 3.534097e-03
265 3.376572e-02 3.514063e-03
266 3.357587e-02 3.494147e-03
267 3.338709e-02 3.474349e-03
268 3.319938e-02 3.454667e-03
269 3.301273e-02 3.435101e-03
270 3.282713e-02 3.415649e-03
271 3.264258e-02 3.396312e-03
272 3.245907e-02 3.377088e-03
273 3.227660e-02 3.357976e-03
274 3.209515e-02 3.338977e-03
275 3.191473e-02 3.320088e-03
276 3.173533e-02 3.301309e-03
277 3.155694e-02 3.282639e-03
278 3.137955e-02 3.264079e-03
279 3.120316e-02 3.245626e-03
280 3.102777e-02 3.227280e-03
281 3.085337e-02 3.209040e-03
282 3.067995e-02 3.190907e-03
283 3.050751e-02 3.172878e-03
284 3.033604e-02 3.154954e-03
285 3.016554e-02 3.137133e-03
286 2.999600e-02 3.119415e-03
287 2.982741e-02 3.101800e-03
288 2.965977e-02 3.084286e-03
289 2.949308e-02 3.066873e-03
290 2.932733e-02 3.049560e-03
291 2.916251e-02 3.032347e-03
292 2.899862e-02 3.015233e-03
293 2.883565e-02 2.998218e-03
294 2.867360e-02 2.981300e-03
295 2.851247e-02 2.964479e-03
296 2.835224e-02 2.947755e-03
297 2.819291e-02 2.931126e-03
298 2.803449e-02 2.914593e-03
299 2.787695e-02 2.898154e-03
300 2.772030e-02 2.881810e-03
301 2.756453e-02 2.865559e-03
302 2.740965e-02 2.849401e-03
303 2.725563e-02 2.833336e-03
304 2.710248e-02 2.817362e-03
305 2.695019e-02 2.801479e-03
306 2.679876e-02 2.785687e-03
307 2.664818e-02 2.769986e-03
308 2.649846e-02 2.754373e-03
309 2.634957e-02 2.738850e-03
310 2.620152e-02 2.723415e-03
311 2.605431e-02 2.708068e-03
312 2.590792e-02 2.692808e-03
313 2.576236e-02 2.677636e-03
314 2.561762e-02 2.662549e-03
315 2.547369e-02 2.647549e-03
316 2.533057e-02 2.632633e-03
317 2.518826e-02 2.617803e-03
318 2.504675e-02 2.603057e-03
319 2.490604e-02 2.588394e-03
320 2.476612e-02 2.573815e-03
321 2.462698e-02 2.559318e-03
322 2.448863e-02 2.544904e-03
323 2.435106e-02 2.530572e-03
324 2.421426e-02 2.516321e-03
325 2.407823e-02 2.502150e-03
326 2.394297e-02 2.488060e-03
327 2.380847e-02 2.474050e-03
328 2.367472e-02 2.460119e-03
329 2.354173e-02 2.446268e-03
330 2.340949e-02 2.432494e-03
331 2.327799e-02 2.418799e-03
332 2.314723e-02 2.405181e-03
333 2.301720e-02 2.391641e-03
334 2.288791e-02 2.378177e-03
335 2.275935e-02 2.364789e-03
336 2.263151e-02 2.351477e-03
337 2.250439e-02 2.338240e-03
338 2.237798e-02 2.325078e-03
339 2.225228e-02 2.311990e-03
340 2.212730e-02 2.298977e-03
341 2.200301e-02 2.286037e-03
342 2.187943e-02 2.273170e-03
343 2.175654e-02 2.260376e-03
344 2.163434e-02 2.247654e-03
345 2.151283e-02 2.235004e-03
346 2.139200e-02 2.222426e-03
347 2.127185e-02 2.209918e-03
348 2.115238e-02 2.197481e-03
349 2.103358e-02 2.185115e-03
350 2.091545e-02 2.172818e-03
351 2.079799e-02 2.160591e-03
352 2.068118e-02 2.148432e-03
353 2.056503e-02 2.136343e-03
354 2.044954e-02 2.124321e-03
355 2.033469e-02 2.112367e-03
356 2.022050e-02 2.100481e-03
357 2.010694e-02 2.088662e-03
358 1.999402e-02 2.076910e-03
359 1.988174e-02 2.065224e-03
360 1.977009e-02 2.053603e-03
361 1.965907e-02 2.042049e-03
362 1.954867e-02 2.030559e-03
363 1.943889e-02 2.019134e-03
364 1.932973e-02 2.007774e-03
365 1.922119e-02 1.996478e-03
366 1.911325e-02 1.985245e-03
367 1.900593e-02 1.974076e-03
368 1.889920e-02 1.962970e-03
369 1.879308e-02 1.951926e-03
370 1.868755e-02 1.940944e-03
371 1.858262e-02 1.930025e-03
372 1.847828e-02 1.919167e-03
373 1.837452e-02 1.908370e-03
374 1.827135e-02 1.897634e-03
375 1.816876e-02 1.886958e-03
376 1.806675e-02 1.876343e-03
377 1.796531e-02 1.865787e-03
378 1.786444e-02 1.855291e-03
379 1.776413e-02 1.844854e-03
380 1.766440e-02 1.834476e-03
381 1.756522e-02 1.824156e-03
382 1.746660e-02 1.813895e-03
383 1.736854e-02 1.803691e-03
384 1.727102e-02 1.793544e-03
385 1.717406e-02 1.783455e-03
386 1.707764e-02 1.773423e-03
387 1.698176e-02 1.763447e-03
388 1.688643e-02 1.753527e-03
389 1.679163e-02 1.743663e-03
390 1.669736e-02 1.733855e-03
391 1.660362e-02 1.724102e-03
392 1.651041e-02 1.714404e-03
393 1.641772e-02 1.704760e-03
394 1.632556e-02 1.695171e-03
395 1.623391e-02 1.685635e-03
396 1.614278e-02 1.676154e-03
397 1.605217e-02 1.666725e-03
398 1.596206e-02 1.657350e-03
399 1.587246e-02 1.648028e-03
400 1.578336e-02 1.638758e-03
401 1.569476e-02 1.629540e-03
402 1.560667e-02 1.620374e-03
403 1.551906e-02 1.611260e-03
404 1.543195e-02 1.602197e-03
405 1.534533e-02 1.593185e-03
406 1.525920e-02 1.584224e-03
407 1.517355e-02 1.575313e-03
408 1.508839e-02 1.566452e-03
409 1.500370e-02 1.557641e-03
410 1.491949e-02 1.548880e-03
411 1.483575e-02 1.540168e-03
412 1.475249e-02 1.531505e-03
413 1.466969e-02 1.522891e-03
414 1.458736e-02 1.514326e-03
415 1.450549e-02 1.505808e-03
416 1.442408e-02 1.497339e-03
417 1.434313e-02 1.488917e-03
418 1.426264e-02 1.480542e-03
419 1.418259e-02 1.472215e-03
420 1.410300e-02 1.463934e-03
421 1.402386e-02 1.455700e-03
422 1.394516e-02 1.447513e-03
423 1.386690e-02 1.439371e-03
424 1.378909e-02 1.431276e-03
425 1.371171e-02 1.423225e-03
426 1.363476e-02 1.415220e-03
427 1.355825e-02 1.407261e-03
428 1.348217e-02 1.399346e-03
429 1.340652e-02 1.391475e-03
430 1.333129e-02 1.383649e-03
431 1.325649e-02 1.375867e-03
432 1.318211e-02 1.368128e-03
433 1.310814e-02 1.360433e-03
434 1.303459e-02 1.352782e-03
435 1.296146e-02 1.345173e-03
436 1.288874e-02 1.337607e-03
437 1.281642e-02 1.330084e-03
438 1.274451e-02 1.322603e-03
439 1.267301e-02 1.315164e-03
440 1.260191e-02 1.307768e-03
441 1.253121e-02 1.300412e-03
442 1.246091e-02 1.293098e-03
443 1.239100e-02 1.285825e-03
444 1.232148e-02 1.278594e-03
445 1.225236e-02 1.271402e-03
446 1.218362e-02 1.264252e-03
447 1.211528e-02 1.257141e-03
448 1.204731e-02 1.250070e-03
449 1.197973e-02 1.243040e-03
450 1.191253e-02 1.236048e-03
451 1.184571e-02 1.229097e-03
452 1.177926e-02 1.222184e-03
453 1.171318e-02 1.215310e-03
454 1.164748e-02 1.208475e-03
455 1.158215e-02 1.201678e-03
456 1.151718e-02 1.194919e-03
457 1.145258e-02 1.188199e-03
458 1.138835e-02 1.181516e-03
459 1.132447e-02 1.174871e-03
460 1.126096e-02 1.168263e-03
461 1.119780e-02 1.161693e-03
462 1.113500e-02 1.155159e-03
463 1.107255e-02 1.148662e-03
464 1.101045e-02 1.142202e-03
465 1.094870e-02 1.135778e-03
466 1.088730e-02 1.129390e-03
467 1.082624e-02 1.123038e-03
468 1.076553e-02 1.116722e-03
469 1.070515e-02 1.110441e-03
470 1.064512e-02 1.104196e-03
471 1.058543e-02 1.097985e-03
472 1.052607e-02 1.091810e-03
473 1.046704e-02 1.085670e-03
474 1.040835e-02 1.079564e-03
475 1.034999e-02 1.073492e-03
476 1.029195e-02 1.067454e-03
477 1.023425e-02 1.061451e-03
478 1.017686e-02 1.055481e-03
479 1.011980e-02 1.049545e-03
480 1.006306e-02 1.043642e-03
481 1.000664e-02 1.037772e-03
482 9.950538e-03 1.031936e-03
483 9.894750e-03 1.026132e-03
484 9.839276e-03 1.020361e-03
485 9.784115e-03 1.014622e-03
486 9.729263e-03 1.008916e-03
487 9.674720e-03 1.003241e-03
488 9.620484e-03 9.975988e-04
489 9.566553e-03 9.919881e-04
490 9.512925e-03 9.864090e-04
491 9.459599e-03 9.808613e-04
492 9.406573e-03 9.753448e-04
493 9.353845e-03 9.698592e-04
494 9.301414e-03 9.644046e-04
495 9.249278e-03 9.589806e-04
496 9.197434e-03 9.535872e-04
497 9.145883e-03 9.482240e-04
498 9.094622e-03 9.428911e-04
499 9.043648e-03 9.375881e-04
500 8.992962e-03 9.323149e-04
501 8.942561e-03 9.270715e-04
502 8.892443e-03 9.218575e-04
503 8.842607e-03 9.166728e-04
504 8.793052e-03 9.115173e-04
505 8.743775e-03 9.063908e-04
506 8.694775e-03 9.012931e-04
507 8.646051e-03 8.962241e-04
508 8.597601e-03 8.911836e-04
509 8.549424e-03 8.861714e-04
510 8.501518e-03 8.811874e-04
511 8.453881e-03 8.762315e-04
512 8.406512e-03 8.713035e-04
513 8.359409e-03 8.664031e-04
514 8.312572e-03 8.615303e-04
515 8.265998e-03 8.566850e-04
516 8.219686e-03 8.518668e-04
517 8.173634e-03 8.470758e-04
518 8.127842e-03 8.423117e-04
519 8.082307e-03 8.375744e-04
520 8.037028e-03 8.328638e-04
521 7.992004e-03 8.281797e-04
522 7.947233e-03 8.235219e-04
523 7.902714e-03 8.188903e-04
524 7.858445e-03 8.142847e-04
525 7.814426e-03 8.097050e-04
526 7.770654e-03 8.051511e-04
527 7.727128e-03 8.006229e-04
528 7.683848e-03 7.961200e-04
529 7.640810e-03 7.916426e-04
530 7.598015e-03 7.871902e-04
531 7.555460e-03 7.827630e-04
532 7.513145e-03 7.783606e-04
533 7.471068e-03 7.739830e-04
534 7.429228e-03 7.696300e-04
535 7.387623e-03 7.653015e-04
536 7.346252e-03 7.609973e-04
537 7.305114e-03 7.567174e-04
538 7.264207e-03 7.524615e-04
539 7.223530e-03 7.482296e-04
540 7.183082e-03 7.440214e-04
541 7.142862e-03 7.398369e-04
542 7.102868e-03 7.356760e-04
543 7.063098e-03 7.315385e-04
544 7.023553e-03 7.274242e-04
545 6.984230e-03 7.233331e-04
546 6.945128e-03 7.192649e-04
547 6.906247e-03 7.152197e-04
548 6.867583e-03 7.111972e-04
549 6.829138e-03 7.071973e-04
550 6.790909e-03 7.032200e-04
551 6.752894e-03 6.992650e-04
552 6.715094e-03 6.953322e-04
553 6.677506e-03 6.914216e-04
554 6.640130e-03 6.875329e-04
555 6.602964e-03 6.836661e-04
556 6.566007e-03 6.798211e-04
557 6.529258e-03 6.759977e-04
558 6.492716e-03 6.721958e-04
559 6.456379e-03 6.684153e-04
560 6.420247e-03 6.646560e-04
561 6.384318e-03 6.609179e-04
562 6.348591e-03 6.572008e-04
563 6.313065e-03 6.535046e-04
564 6.277739e-03 6.498292e-04
565 6.242612e-03 6.461745e-04
566 6.207682e-03 6.425404e-04
567 6.172949e-03 6.389266e-04
568 6.138412e-03 6.353332e-04
569 6.104068e-03 6.317600e-04
570 6.069918e-03 6.282069e-04
571 6.035960e-03 6.246738e-04
572 6.002193e-03 6.211606e-04
573 5.968616e-03 6.176671e-04
574 5.935227e-03 6.141932e-04
575 5.902027e-03 6.107389e-04
576 5.869013e-03 6.073041e-04
577 5.836186e-03 6.038885e-04
578 5.803543e-03 6.004921e-04
579 5.771083e-03 5.971149e-04
580 5.738806e-03 5.937567e-04
581 5.706711e-03 5.904173e-04
582 5.674796e-03 5.870967e-04
583 5.643061e-03 5.837948e-04
584 5.611504e-03 5.805115e-04
585 5.580125e-03 5.772466e-04
586 5.548923e-03 5.740001e-04
587 5.517896e-03 5.707718e-04
588 5.487044e-03 5.675617e-04
589 5.456365e-03 5.643697e-04
590 5.425859e-03 5.611956e-04
591 5.395524e-03 5.580394e-04
592 5.365360e-03 5.549009e-04
593 5.335366e-03 5.517801e-04
594 5.305541e-03 5.486768e-04
595 5.275883e-03 5.455909e-04
596 5.246392e-03 5.425225e-04
597 5.217067e-03 5.394713e-04
598 5.187908e-03 5.364372e-04
599 5.158912e-03 5.334202e-04
600 5.130079e-03 5.304202e-04
601 5.101409e-03 5.274370e-04
602 5.072900e-03 5.244707e-04
603 5.044551e-03 5.215210e-04
604 5.016362e-03 5.185879e-04
605 4.988332e-03 5.156713e-04
606 4.960459e-03 5.127711e-04
607 4.932743e-03 5.098872e-04
608 4.905183e-03 5.070195e-04
609 4.877778e-03 5.041680e-04
610 4.850527e-03 5.013325e-04
611 4.823430e-03 4.985129e-04
612 4.796485e-03 4.957092e-04
613 4.769691e-03 4.929213e-04
614 4.743049e-03 4.901490e-04
615 4.716556e-03 4.873924e-04
616 4.690213e-03 4.846512e-04
617 4.664017e-03 4.819255e-04
618 4.637969e-03 4.792151e-04
619 4.612068e-03 4.765199e-04
620 4.586313e-03 4.738399e-04
621 4.560702e-03 4.711750e-04
622 4.535235e-03 4.685250e-04
623 4.509912e-03 4.658900e-04
624 4.484731e-03 4.632697e-04
625 4.459692e-03 4.606642e-04
626 4.434794e-03 4.580734e-04
627 4.410036e-03 4.554972e-04
628 4.385417e-03 4.529354e-04
629 4.360937e-03 4.503880e-04
630 4.336595e-03 4.478550e-04
631 4.312390e-03 4.453362e-04
632 4.288320e-03 4.428316e-04
633 4.264387e-03 4.403410e-04
634 4.240588e-03 4.378645e-04
635 4.216922e-03 4.354019e-04
636 4.193391e-03 4.329531e-04
637 4.169991e-03 4.305181e-04
638 4.146723e-03 4.280968e-04
639 4.123586e-03 4.256892e-04
640 4.100580e-03 4.232950e-04
641 4.077703e-03 4.209144e-04
642 4.054954e-03 4.185471e-04
643 4.032334e-03 4.161931e-04
644 4.009841e-03 4.138524e-04
645 3.987474e-03 4.115249e-04
646 3.965234e-03 4.092104e-04
647 3.943118e-03 4.069089e-04
648 3.921127e-03 4.046204e-04
649 3.899260e-03 4.023448e-04
650 3.877516e-03 4.000820e-04
651 3.855894e-03 3.978319e-04
652 3.834394e-03 3.955944e-04
653 3.813015e-03 3.933695e-04
654 3.791756e-03 3.911572e-04
655 3.770617e-03 3.889573e-04
656 3.749597e-03 3.867697e-04
657 3.728696e-03 3.845945e-04
658 3.707911e-03 3.824315e-04
659 3.687244e-03 3.802806e-04
660 3.666694e-03 3.781419e-04
661 3.646259e-03 3.760152e-04
662 3.625938e-03 3.739004e-04
663 3.605733e-03 3.717975e-04
664 3.585641e-03 3.697065e-04
665 3.565662e-03 3.676272e-04
666 3.545796e-03 3.655596e-04
667 3.526041e-03 3.635037e-04
668 3.506398e-03 3.614593e-04
669 3.486865e-03 3.594264e-04
670 3.467442e-03 3.574049e-04
671 3.448129e-03 3.553949e-04
672 3.428924e-03 3.533961e-04
673 3.409827e-03 3.514085e-04
674 3.390838e-03 3.494322e-04
675 3.371956e-03 3.474669e-04
676 3.353180e-03 3.455127e-04
677 3.334510e-03 3.435695e-04
678 3.315945e-03 3.416372e-04
679 3.297484e-03 3.397158e-04
680 3.279128e-03 3.378052e-04
681 3.260874e-03 3.359054e-04
682 3.242724e-03 3.340162e-04
683 3.224675e-03 3.321376e-04
684 3.206729e-03 3.302696e-04
685 3.188883e-03 3.284122e-04
686 3.171138e-03 3.265651e-04
687 3.153493e-03 3.247285e-04
688 3.135947e-03 3.229022e-04
689 3.118499e-03 3.210861e-04
690 3.101151e-03 3.192803e-04
691 3.083899e-03 3.174846e-04
692 3.066745e-03 3.156991e-04
693 3.049688e-03 3.139235e-04
694 3.032726e-03 3.121580e-04
695 3.015860e-03 3.104024e-04
696 2.999090e-03 3.086566e-04
697 2.982413e-03 3.069207e-04
698 2.965830e-03 3.051945e-04
699 2.949341e-03 3.034781e-04
700 2.932945e-03 3.017713e-04
701 2.916641e-03 3.000741e-04
702 2.900429e-03 2.983864e-04
703 2.884308e-03 2.967083e-04
704 2.868278e-03 2.950396e-04
705 2.852338e-03 2.933802e-04
706 2.836488e-03 2.917302e-04
707 2.820727e-03 2.900895e-04
708 2.805055e-03 2.884580e-04
709 2.789471e-03 2.868357e-04
710 2.773975e-03 2.852225e-04
711 2.758566e-03 2.836183e-04
712 2.743245e-03 2.820232e-04
713 2.728009e-03 2.804371e-04
714 2.712859e-03 2.788599e-04
715 2.697795e-03 2.772915e-04
716 2.682815e-03 2.757320e-04
717 2.667920e-03 2.741813e-04
718 2.653109e-03 2.726392e-04
719 2.638381e-03 2.711059e-04
720 2.623736e-03 2.695811e-04
721 2.609173e-03 2.680650e-04
722 2.594693e-03 2.665573e-04
723 2.580294e-03 2.650582e-04
724 2.565976e-03 2.635675e-04
725 2.551739e-03 2.620851e-04
726 2.537583e-03 2.606111e-04
727 2.523506e-03 2.591454e-04
728 2.509508e-03 2.576880e-04
729 2.495589e-03 2.562387e-04
730 2.481748e-03 2.547976e-04
731 2.467986e-03 2.533646e-04
732 2.454301e-03 2.519396e-04
733 2.440693e-03 2.505227e-04
734 2.427162e-03 2.491137e-04
735 2.413707e-03 2.477127e-04
736 2.400328e-03 2.463195e-04
737 2.387024e-03 2.449342e-04
738 2.373796e-03 2.435566e-04
739 2.360642e-03 2.421868e-04
740 2.347562e-03 2.408247e-04
741 2.334555e-03 2.394703e-04
742 2.321622e-03 2.381235e-04
743 2.308762e-03 2.367843e-04
744 2.295974e-03 2.354526e-04
745 2.283259e-03 2.341283e-04
746 2.270615e-03 2.328116e-04
747 2.258042e-03 2.315022e-04
748 2.245541e-03 2.302002e-04
749 2.233109e-03 2.289055e-04
750 2.220748e-03 2.276181e-04
751 2.208456e-03 2.263380e-04
752 2.196234e-03 2.250650e-04
753 2.184081e-03 2.237992e-04
754 2.171996e-03 2.225406e-04
755 2.159979e-03 2.212890e-04
756 2.148030e-03 2.200444e-04
757 2.136149e-03 2.188069e-04
758 2.124334e-03 2.175763e-04
759 2.112586e-03 2.163526e-04
760 2.100904e-03 2.151358e-04
761 2.089288e-03 2.139258e-04
762 2.077738e-03 2.127227e-04
763 2.066253e-03 2.115263e-04
764 2.054832e-03 2.103367e-04
765 2.043476e-03 2.091537e-04
766 2.032184e-03 2.079774e-04
767 2.020956e-03 2.068077e-04
768 2.009791e-03 2.056446e-04
769 1.998688e-03 2.044880e-04
770 1.987649e-03 2.033380e-04
771 1.976672e-03 2.021944e-04
772 1.965756e-03 2.010572e-04
773 1.954903e-03 1.999264e-04
774 1.944110e-03 1.988020e-04
775 1.933379e-03 1.976839e-04
776 1.922707e-03 1.965721e-04
777 1.912097e-03 1.954666e-04
778 1.901546e-03 1.943672e-04
779 1.891054e-03 1.932741e-04
780 1.880622e-03 1.921871e-04
781 1.870248e-03 1.911062e-04
782 1.859933e-03 1.900314e-04
783 1.849677e-03 1.889627e-04
784 1.839478e-03 1.878999e-04
785 1.829336e-03 1.868431e-04
786 1.819252e-03 1.857923e-04
787 1.809225e-03 1.847474e-04
788 1.799255e-03 1.837083e-04
789 1.789340e-03 1.826751e-04
790 1.779482e-03 1.816478e-04
791 1.769679e-03 1.806261e-04
792 1.759932e-03 1.796103e-04
793 1.750239e-03 1.786001e-04
794 1.740602e-03 1.775957e-04
795 1.731019e-03 1.765968e-04
796 1.721489e-03 1.756036e-04
797 1.712014e-03 1.746160e-04
798 1.702592e-03 1.736340e-04
799 1.693223e-03 1.726574e-04
800 1.683908e-03 1.716864e-04
801 1.674645e-03 1.707208e-04
802 1.665434e-03 1.697606e-04
803 1.656275e-03 1.688059e-04
804 1.647168e-03 1.678565e-04
805 1.638112e-03 1.669124e-04
806 1.629107e-03 1.659737e-04
807 1.620154e-03 1.650403e-04
808 1.611251e-03 1.641120e-04
809 1.602398e-03 1.631891e-04
810 1.593595e-03 1.622713e-04
811 1.584842e-03 1.613586e-04
812 1.576138e-03 1.604511e-04
813 1.567484e-03 1.595487e-04
814 1.558878e-03 1.586514e-04
815 1.550321e-03 1.577591e-04
816 1.541812e-03 1.568719e-04
817 1.533352e-03 1.559896e-04
818 1.524939e-03 1.551123e-04
819 1.516574e-03 1.542399e-04
820 1.508256e-03 1.533725e-04
821 1.499985e-03 1.525099e-04
822 1.491761e-03 1.516521e-04
823 1.483583e-03 1.507992e-04
824 1.475452e-03 1.499511e-04
825 1.467366e-03 1.491078e-04
826 1.459327e-03 1.482692e-04
827 1.451332e-03 1.474353e-04
828 1.443383e-03 1.466061e-04
829 1.435479e-03 1.457816e-04
830 1.427620e-03 1.449617e-04
831 1.419804e-03 1.441464e-04
832 1.412034e-03 1.433357e-04
833 1.404307e-03 1.425296e-04
834 1.396624e-03 1.417280e-04
835 1.388984e-03 1.409309e-04
836 1.381387e-03 1.401382e-04
837 1.373834e-03 1.393501e-04
838 1.366323e-03 1.385664e-04
839 1.358855e-03 1.377871e-04
840 1.351429e-03 1.370121e-04
841 1.344045e-03 1.362415e-04
842 1.336702e-03 1.354753e-04
843 1.329402e-03 1.347134e-04
844 1.322142e-03 1.339557e-04
845 1.314924e-03 1.332023e-04
846 1.307747e-03 1.324532e-04
847 1.300610e-03 1.317083e-04
848 1.293513e-03 1.309675e-04
849 1.286457e-03 1.302309e-04
850 1.279441e-03 1.294985e-04
851 1.272464e-03 1.287702e-04
852 1.265527e-03 1.280460e-04
853 1.258630e-03 1.273258e-04
854 1.251771e-03 1.266097e-04
855 1.244951e-03 1.258977e-04
856 1.238170e-03 1.251896e-04
857 1.231427e-03 1.244855e-04
858 1.224723e-03 1.237854e-04
859 1.218056e-03 1.230892e-04
860 1.211427e-03 1.223969e-04
861 1.204836e-03 1.217086e-04
862 1.198282e-03 1.210241e-04
863 1.191765e-03 1.203434e-04
864 1.185285e-03 1.196666e-04
865 1.178842e-03 1.189936e-04
866 1.172436e-03 1.183243e-04
867 1.166066e-03 1.176589e-04
868 1.159731e-03 1.169971e-04
869 1.153433e-03 1.163391e-04
870 1.147171e-03 1.156848e-04
871 1.140944e-03 1.150342e-04
872 1.134752e-03 1.143872e-04
873 1.128596e-03 1.137439e-04
874 1.122474e-03 1.131042e-04
875 1.116387e-03 1.124681e-04
876 1.110335e-03 1.118355e-04
877 1.104317e-03 1.112066e-04
878 1.098333e-03 1.105811e-04
879 1.092383e-03 1.099592e-04
880 1.086467e-03 1.093408e-04
881 1.080585e-03 1.087258e-04
882 1.074736e-03 1.081143e-04
883 1.068920e-03 1.075063e-04
884 1.063137e-03 1.069017e-04
885 1.057387e-03 1.063004e-04
886 1.051669e-03 1.057026e-04
887 1.045984e-03 1.051081e-04
888 1.040332e-03 1.045170e-04
889 1.034711e-03 1.039291e-04
890 1.029123e-03 1.033446e-04
891 1.023566e-03 1.027634e-04
892 1.018041e-03 1.021855e-04
893 1.012547e-03 1.016108e-04
894 1.007085e-03 1.010393e-04
895 1.001653e-03 1.004710e-04
896 9.962525e-04 9.990596e-05
897 9.908826e-04 9.934408e-05
898 9.855432e-04 9.878536e-05
899 9.802343e-04 9.822977e-05
900 9.749555e-04 9.767732e-05
901 9.697067e-04 9.712797e-05
902 9.644878e-04 9.658171e-05
903 9.592987e-04 9.603852e-05
904 9.541390e-04 9.549839e-05
905 9.490087e-04 9.496129e-05
906 9.439077e-04 9.442722e-05
907 9.388356e-04 9.389615e-05
908 9.337925e-04 9.336807e-05
909 9.287781e-04 9.284295e-05
910 9.237922e-04 9.232079e-05
911 9.188348e-04 9.180157e-05
912 9.139056e-04 9.128526e-05
913 9.090044e-04 9.077186e-05
914 9.041313e-04 9.026135e-05
915 8.992858e-04 8.975371e-05
916 8.944681e-04 8.924892e-05
917 8.896777e-04 8.874698e-05
918 8.849147e-04 8.824785e-05
919 8.801789e-04 8.775154e-05
920 8.754701e-04 8.725801e-05
921 8.707881e-04 8.676726e-05
922 8.661329e-04 8.627927e-05
923 8.615042e-04 8.579403e-05
924 8.569019e-04 8.531151e-05
925 8.523260e-04 8.483171e-05
926 8.477761e-04 8.435460e-05
927 8.432522e-04 8.388018e-05
928 8.387542e-04 8.340843e-05
929 8.342818e-04 8.293933e-05
930 8.298350e-04 8.247287e-05
931 8.254136e-04 8.200903e-05
932 8.210175e-04 8.154780e-05
933 8.166465e-04 8.108917e-05
934 8.123005e-04 8.063311e-05
935 8.079793e-04 8.017962e-05
936 8.036829e-04 7.972868e-05
937 7.994110e-04 7.928028e-05
938 7.951636e-04 7.883439e-05
939 7.909405e-04 7.839102e-05
940 7.867415e-04 7.795014e-05
941 7.825666e-04 7.751174e-05
942 7.784155e-04 7.707580e-05
943 7.742883e-04 7.664232e-05
944 7.701847e-04 7.621127e-05
945 7.661045e-04 7.578265e-05
946 7.620478e-04 7.535644e-05
947 7.580143e-04 7.493262e-05
948 7.540039e-04 7.451119e-05
949 7.500165e-04 7.409213e-05
950 7.460520e-04 7.367543e-05
951 7.421102e-04 7.326107e-05
952 7.381910e-04 7.284904e-05
953 7.342943e-04 7.243933e-05
954 7.304200e-04 7.203192e-05
955 7.265679e-04 7.162680e-05
956 7.227379e-04 7.122397e-05
957 7.189299e-04 7.082339e-05
958 7.151438e-04 7.042507e-05
959 7.113794e-04 7.002899e-05
960 7.076367e-04 6.963514e-05
961 7.039154e-04 6.924351e-05
962 7.002156e-04 6.885407e-05
963 6.965370e-04 6.846683e-05
964 6.928796e-04 6.808176e-05
965 6.892432e-04 6.769886e-05
966 6.856277e-04 6.731811e-05
967 6.820330e-04 6.693951e-05
968 6.784591e-04 6.656303e-05
969 6.749057e-04 6.618867e-05
970 6.713728e-04 6.581642e-05
971 6.678602e-04 6.544626e-05
972 6.643678e-04 6.507818e-05
973 6.608956e-04 6.471217e-05
974 6.574434e-04 6.434823e-05
975 6.540111e-04 6.398632e-05
976 6.505986e-04 6.362646e-05
977 6.472058e-04 6.326861e-05
978 6.438325e-04 6.291278e-05
979 6.404788e-04 6.255895e-05
980 6.371444e-04 6.220711e-05
981 6.338292e-04 6.185725e-05
982 6.305332e-04 6.150936e-05
983 6.272562e-04 6.116342e-05
984 6.239982e-04 6.081943e-05
985 6.207590e-04 6.047738e-05
986 6.175386e-04 6.013724e-05
987 6.143367e-04 5.979902e-05
988 6.111534e-04 5.946271e-05
989 6.079885e-04 5.912828e-05
990 6.048420e-04 5.879574e-05
991 6.017136e-04 5.846506e-05
992 5.986034e-04 5.813625e-05
993 5.955112e-04 5.780928e-05
994 5.924369e-04 5.748416e-05
995 5.893805e-04 5.716086e-05
996 5.863418e-04 5.683938e-05
997 5.833207e-04 5.651971e-05
998 5.803171e-04 5.620183e-05
999 5.773309e-04 5.588575e-05
1000 5.743622e-04 5.557144e-05
1001 5.714106e-04 5.525890e-05
1002 5.684762e-04 5.494811e-05
1003 5.655588e-04 5.463908e-05
1004 5.626585e-04 5.433178e-05
1005 5.597749e-04 5.402621e-05
1006 5.569082e-04 5.372236e-05
1007 5.540581e-04 5.342022e-05
1008 5.512247e-04 5.311978e-05
1009 5.484077e-04 5.282103e-05
1010 5.456071e-04 5.252396e-05
1011 5.428229e-04 5.222855e-05
1012 5.400549e-04 5.193481e-05
1013 5.373030e-04 5.164273e-05
1014 5.345672e-04 5.135228e-05
1015 5.318474e-04 5.106347e-05
1016 5.291434e-04 5.077628e-05
1017 5.264552e-04 5.049071e-05
1018 5.237828e-04 5.020674e-05
1019 5.211259e-04 4.992437e-05
1020 5.184846e-04 4.964359e-05
1021 5.158587e-04 4.936439e-05
1022 5.132482e-04 4.908676e-05
1023 5.106530e-04 4.881069e-05
1024 5.080730e-04 4.853617e-05
1025 5.055080e-04 4.826320e-05
1026 5.029581e-04 4.799176e-05
1027 5.004232e-04 4.772185e-05
1028 4.979031e-04 4.745346e-05
1029 4.953978e-04 4.718657e-05
1030 4.929073e-04 4.692119e-05
1031 4.904313e-04 4.665730e-05
1032 4.879699e-04 4.639489e-05
1033 4.855229e-04 4.613396e-05
1034 4.830904e-04 4.587450e-05
1035 4.806721e-04 4.561649e-05
1036 4.782681e-04 4.535994e-05
1037 4.758782e-04 4.510483e-05
1038 4.735024e-04 4.485116e-05
1039 4.711406e-04 4.459891e-05
1040 4.687927e-04 4.434808e-05
1041 4.664587e-04 4.409866e-05
1042 4.641384e-04 4.385064e-05
1043 4.618318e-04 4.360402e-05
1044 4.595389e-04 4.335879e-05
1045 4.572595e-04 4.311493e-05
1046 4.549936e-04 4.287245e-05
1047 4.527410e-04 4.263133e-05
1048 4.505018e-04 4.239156e-05
1049 4.482758e-04 4.215315e-05
1050 4.460631e-04 4.191607e-05
1051 4.438634e-04 4.168033e-05
1052 4.416768e-04 4.144592e-05
1053 4.395031e-04 4.121282e-05
1054 4.373423e-04 4.098103e-05
1055 4.351944e-04 4.075055e-05
1056 4.330592e-04 4.052136e-05
1057 4.309367e-04 4.029347e-05
1058 4.288268e-04 4.006685e-05
1059 4.267295e-04 3.984151e-05
1060 4.246446e-04 3.961744e-05
1061 4.225722e-04 3.939462e-05
1062 4.205121e-04 3.917306e-05
1063 4.184643e-04 3.895275e-05
1064 4.164287e-04 3.873367e-05
1065 4.144052e-04 3.851583e-05
1066 4.123939e-04 3.829921e-05
1067 4.103945e-04 3.808381e-05
1068 4.084071e-04 3.786962e-05
1069 4.064316e-04 3.765664e-05
1070 4.044678e-04 3.744486e-05
1071 4.025159e-04 3.723426e-05
1072 4.005756e-04 3.702485e-05
1073 3.986470e-04 3.681662e-05
1074 3.967299e-04 3.660956e-05
1075 3.948243e-04 3.640366e-05
1076 3.929302e-04 3.619892e-05
1077 3.910475e-04 3.599533e-05
1078 3.891760e-04 3.579289e-05
1079 3.873158e-04 3.559159e-05
1080 3.854668e-04 3.539142e-05
1081 3.836290e-04 3.519237e-05
1082 3.818022e-04 3.499445e-05
1083 3.799864e-04 3.479763e-05
1084 3.781816e-04 3.460193e-05
1085 3.763877e-04 3.440732e-05
1086 3.746046e-04 3.421381e-05
1087 3.728323e-04 3.402139e-05
1088 3.710707e-04 3.383005e-05
1089 3.693197e-04 3.363978e-05
1090 3.675794e-04 3.345059e-05
1091 3.658496e-04 3.326246e-05
1092 3.641303e-04 3.307538e-05
1093 3.624214e-04 3.288936e-05
1094 3.607229e-04 3.270439e-05
1095 3.590347e-04 3.252046e-05
1096 3.573568e-04 3.233756e-05
1097 3.556890e-04 3.215569e-05
1098 3.540315e-04 3.197484e-05
1099 3.523840e-04 3.179501e-05
1100 3.507466e-04 3.161619e-05
1101 3.491191e-04 3.143838e-05
1102 3.475016e-04 3.126156e-05
1103 3.458940e-04 3.108574e-05
1104 3.442961e-04 3.091091e-05
1105 3.427081e-04 3.073707e-05
1106 3.411298e-04 3.056420e-05
1107 3.395611e-04 3.039230e-05
1108 3.380021e-04 3.022137e-05
1109 3.364526e-04 3.005140e-05
1110 3.349126e-04 2.988239e-05
1111 3.333821e-04 2.971433e-05
1112 3.318610e-04 2.954721e-05
1113 3.303492e-04 2.938103e-05
1114 3.288468e-04 2.921579e-05
1115 3.273536e-04 2.905148e-05
1116 3.258696e-04 2.888809e-05
1117 3.243948e-04 2.872562e-05
1118 3.229291e-04 2.856406e-05
1119 3.214724e-04 2.840341e-05
1120 3.200247e-04 2.824367e-05
1121 3.185860e-04 2.808482e-05
1122 3.171562e-04 2.792687e-05
1123 3.157353e-04 2.776981e-05
1124 3.143232e-04 2.761363e-05
1125 3.129198e-04 2.745832e-05
1126 3.115252e-04 2.730389e-05
1127 3.101392e-04 2.715033e-05
1128 3.087619e-04 2.699764e-05
1129 3.073931e-04 2.684580e-05
1130 3.060329e-04 2.669481e-05
1131 3.046812e-04 2.654468e-05
1132 3.033378e-04 2.639539e-05
1133 3.020029e-04 2.624694e-05
1134 3.006764e-04 2.609932e-05
1135 2.993581e-04 2.595254e-05
1136 2.980481e-04 2.580658e-05
1137 2.967463e-04 2.566144e-05
1138 2.954526e-04 2.551711e-05
1139 2.941671e-04 2.537360e-05
1140 2.928897e-04 2.523090e-05
1141 2.916203e-04 2.508900e-05
1142 2.903589e-04 2.494789e-05
1143 2.891054e-04 2.480758e-05
1144 2.878599e-04 2.466806e-05
1145 2.866222e-04 2.452932e-05
1146 2.853923e-04 2.439137e-05
1147 2.841702e-04 2.425419e-05
1148 2.829558e-04 2.411778e-05
1149 2.817492e-04 2.398214e-05
1150 2.805501e-04 2.384726e-05
1151 2.793587e-04 2.371314e-05
1152 2.781748e-04 2.357977e-05
1153 2.769985e-04 2.344716e-05
1154 2.758297e-04 2.331529e-05
1155 2.746683e-04 2.318416e-05
1156 2.735143e-04 2.305377e-05
1157 2.723676e-04 2.292411e-05
1158 2.712283e-04 2.279518e-05
1159 2.700963e-04 2.266698e-05
1160 2.689715e-04 2.253950e-05
1161 2.678539e-04 2.241273e-05
1162 2.667435e-04 2.228668e-05
1163 2.656401e-04 2.216134e-05
1164 2.645439e-04 2.203670e-05
1165 2.634547e-04 2.191276e-05
1166 2.623726e-04 2.178952e-05
1167 2.612974e-04 2.166698e-05
1168 2.602291e-04 2.154512e-05
1169 2.591677e-04 2.142395e-05
1170 2.581132e-04 2.130346e-05
1171 2.570655e-04 2.118364e-05
1172 2.560245e-04 2.106450e-05
1173 2.549903e-04 2.094603e-05
1174 2.539629e-04 2.082823e-05
1175 2.529420e-04 2.071109e-05
1176 2.519278e-04 2.059461e-05
1177 2.509202e-04 2.047878e-05
1178 2.499192e-04 2.036361e-05
1179 2.489247e-04 2.024908e-05
1180 2.479367e-04 2.013520e-05
1181 2.469551e-04 2.002195e-05
1182 2.459799e-04 1.990935e-05
1183 2.450111e-04 1.979737e-05
1184 2.440487e-04 1.968603e-05
1185 2.430925e-04 1.957531e-05
1186 2.421427e-04 1.946522e-05
1187 2.411990e-04 1.935575e-05
1188 2.402616e-04 1.924689e-05
1189 2.393303e-04 1.913864e-05
1190 2.384052e-04 1.903100e-05
1191 2.374862e-04 1.892397e-05
1192 2.365732e-04 1.881754e-05
1193 2.356663e-04 1.871171e-05
1194 2.347654e-04 1.860647e-05
1195 2.338704e-04 1.850182e-05
1196 2.329813e-04 1.839777e-05
1197 2.320982e-04 1.829430e-05
1198 2.312209e-04 1.819141e-05
1199 2.303495e-04 1.808910e-05
1200 2.294839e-04 1.798736e-05
1201 2.286240e-04 1.788620e-05
1202 2.277698e-04 1.778560e-05
1203 2.269214e-04 1.768557e-05
1204 2.260786e-04 1.758611e-05
1205 2.252415e-04 1.748720e-05
1206 2.244100e-04 1.738885e-05
1207 2.235840e-04 1.729105e-05
1208 2.227636e-04 1.719381e-05
1209 2.219487e-04 1.709711e-05
1210 2.211393e-04 1.700095e-05
1211 2.203353e-04 1.690534e-05
1212 2.195368e-04 1.681026e-05
1213 2.187436e-04 1.671572e-05
1214 2.179558e-04 1.662170e-05
1215 2.171733e-04 1.652822e-05
1216 2.163961e-04 1.643526e-05
1217 2.156242e-04 1.634283e-05
1218 2.148575e-04 1.625092e-05
1219 2.140961e-04 1.615952e-05
1220 2.133398e-04 1.606864e-05
1221 2.125886e-04 1.597826e-05
1222 2.118425e-04 1.588840e-05
1223 2.111016e-04 1.579904e-05
1224 2.103657e-04 1.571019e-05
1225 2.096348e-04 1.562183e-05
1226 2.089090e-04 1.553397e-05
1227 2.081880e-04 1.544661e-05
1228 2.074721e-04 1.535973e-05
1229 2.067610e-04 1.527335e-05
1230 2.060549e-04 1.518745e-05
1231 2.053536e-04 1.510203e-05
1232 2.046571e-04 1.501710e-05
1233 2.039654e-04 1.493264e-05
1234 2.032785e-04 1.484866e-05
1235 2.025963e-04 1.476514e-05
1236 2.019189e-04 1.468210e-05
1237 2.012461e-04 1.459953e-05
1238 2.005780e-04 1.451742e-05
1239 1.999146e-04 1.443577e-05
1240 1.992557e-04 1.435458e-05
1241 1.986014e-04 1.427385e-05
1242 1.979517e-04 1.419357e-05
1243 1.973065e-04 1.411375e-05
1244 1.966658e-04 1.403437e-05
1245 1.960296e-04 1.395544e-05
1246 1.953978e-04 1.387695e-05
1247 1.947704e-04 1.379891e-05
1248 1.941475e-04 1.372130e-05
1249 1.935289e-04 1.364413e-05
1250 1.929146e-04 1.356739e-05
1251 1.923046e-04 1.349109e-05
1252 1.916990e-04 1.341521e-05
1253 1.910976e-04 1.333976e-05
1254 1.905004e-04 1.326474e-05
1255 1.899075e-04 1.319014e-05
1256 1.893187e-04 1.311595e-05
1257 1.887341e-04 1.304219e-05
1258 1.881537e-04 1.296884e-05
1259 1.875773e-04 1.289590e-05
1260 1.870050e-04 1.282337e-05
1261 1.864368e-04 1.275125e-05
1262 1.858727e-04 1.267954e-05
1263 1.853125e-04 1.260822e-05
1264 1.847564e-04 1.253731e-05
1265 1.842042e-04 1.246680e-05
1266 1.836559e-04 1.239669e-05
1267 1.831116e-04 1.232697e-05
1268 1.825711e-04 1.225764e-05
1269 1.820345e-04 1.218870e-05
1270 1.815018e-04 1.212015e-05
1271 1.809729e-04 1.205198e-05
1272 1.804478e-04 1.198420e-05
1273 1.799264e-04 1.191680e-05
1274 1.794088e-04 1.184978e-05
1275 1.788949e-04 1.178314e-05
1276 1.783848e-04 1.171687e-05
1277 1.778783e-04 1.165097e-05
1278 1.773754e-04 1.158544e-05
1279 1.768763e-04 1.152028e-05
1280 1.763807e-04 1.145549e-05
1281 1.758887e-04 1.139107e-05
1282 1.754003e-04 1.132700e-05
1283 1.749154e-04 1.126330e-05
1284 1.744340e-04 1.119995e-05
1285 1.739562e-04 1.113696e-05
1286 1.734818e-04 1.107432e-05
1287 1.730108e-04 1.101204e-05
1288 1.725434e-04 1.095011e-05
1289 1.720793e-04 1.088852e-05
1290 1.716186e-04 1.082728e-05
1291 1.711613e-04 1.076639e-05
1292 1.707073e-04 1.070584e-05
1293 1.702567e-04 1.064563e-05
1294 1.698093e-04 1.058576e-05
1295 1.693653e-04 1.052622e-05
1296 1.689245e-04 1.046702e-05
1297 1.684869e-04 1.040815e-05
1298 1.680526e-04 1.034961e-05
1299 1.676214e-04 1.029141e-05
1300 1.671935e-04 1.023353e-05
1301 1.667687e-04 1.017597e-05
1302 1.663470e-04 1.011874e-05
1303 1.659285e-04 1.006183e-05
1304 1.655131e-04 1.000524e-05
1305 1.651007e-04 9.948973e-06
1306 1.646914e-04 9.893018e-06
1307 1.642851e-04 9.837379e-06
1308 1.638819e-04 9.782052e-06
1309 1.634816e-04 9.727037e-06
1310 1.630843e-04 9.672331e-06
1311 1.626900e-04 9.617932e-06
1312 1.622986e-04 9.563840e-06
1313 1.619102e-04 9.510051e-06
1314 1.615246e-04 9.456566e-06
1315 1.611419e-04 9.403381e-06
1316 1.607621e-04 9.350495e-06
1317 1.603851e-04 9.297907e-06
1318 1.600110e-04 9.245614e-06
1319 1.596396e-04 9.193616e-06
1320 1.592711e-04 9.141910e-06
1321 1.589053e-04 9.090494e-06
1322 1.585422e-04 9.039368e-06
1323 1.581819e-04 8.988530e-06
1324 1.578243e-04 8.937977e-06
1325 1.574694e-04 8.887709e-06
1326 1.571171e-04 8.837723e-06
1327 1.567675e-04 8.788019e-06
1328 1.564206e-04 8.738594e-06
1329 1.560762e-04 8.689447e-06
1330 1.557345e-04 8.640576e-06
1331 1.553954e-04 8.591981e-06
1332 1.550588e-04 8.543658e-06
1333 1.547248e-04 8.495608e-06
1334 1.543933e-04 8.447827e-06
1335 1.540643e-04 8.400316e-06
1336 1.537379e-04 8.353071e-06
1337 1.534139e-04 8.306093e-06
1338 1.530923e-04 8.259378e-06
1339 1.527732e-04 8.212926e-06
1340 1.524566e-04 8.166736e-06
1341 1.521423e-04 8.120805e-06
1342 1.518305e-04 8.075133e-06
1343 1.515210e-04 8.029717e-06
1344 1.512139e-04 7.984557e-06
1345 1.509091e-04 7.939651e-06
1346 1.506067e-04 7.894997e-06
1347 1.503066e-04 7.850595e-06
1348 1.500088e-04 7.806442e-06
1349 1.497132e-04 7.762538e-06
1350 1.494199e-04 7.718880e-06
1351 1.491289e-04 7.675468e-06
1352 1.488401e-04 7.632300e-06
1353 1.485535e-04 7.589375e-06
1354 1.482692e-04 7.546692e-06
1355 1.479870e-04 7.504248e-06
1356 1.477069e-04 7.462043e-06
1357 1.474291e-04 7.420076e-06
1358 1.471533e-04 7.378344e-06
1359 1.468797e-04 7.336848e-06
1360 1.466082e-04 7.295584e-06
1361 1.463388e-04 7.254553e-06
1362 1.460715e-04 7.213753e-06
1363 1.458062e-04 7.173181e-06
1364 1.455430e-04 7.132839e-06
1365 1.452819e-04 7.092723e-06
1366 1.450227e-04 7.052832e-06
1367 1.447655e-04 7.013166e-06
1368 1.445104e-04 6.973723e-06
1369 1.442572e-04 6.934502e-06
1370 1.440060e-04 6.895502e-06
1371 1.437567e-04 6.856721e-06
1372 1.435093e-04 6.818158e-06
1373 1.432639e-04 6.779811e-06
1374 1.430204e-04 6.741681e-06
1375 1.427787e-04 6.703765e-06
1376 1.425390e-04 6.666062e-06
1377 1.423011e-04 6.628571e-06
1378 1.420651e-04 6.591291e-06
1379 1.418308e-04 6.554221e-06
1380 1.415985e-04 6.517359e-06
1381 1.413679e-04 6.480705e-06
1382 1.411391e-04 6.444257e-06
1383 1.409121e-04 6.408013e-06
1384 1.406869e-04 6.371974e-06
1385 1.404634e-04 6.336137e-06
1386 1.402417e-04 6.300502e-06
1387 1.400217e-04 6.265067e-06
1388 1.398034e-04 6.229831e-06
1389 1.395868e-04 6.194794e-06
1390 1.393719e-04 6.159954e-06
1391 1.391587e-04 6.125309e-06
1392 1.389472e-04 6.090860e-06
1393 1.387373e-04 6.056604e-06
1394 1.385290e-04 6.022541e-06
1395 1.383224e-04 5.988670e-06
1396 1.381174e-04 5.954988e-06
1397 1.379140e-04 5.921497e-06
1398 1.377122e-04 5.888194e-06
1399 1.375120e-04 5.855078e-06
1400 1.373133e-04 5.822148e-06
1401 1.371162e-04 5.789404e-06
1402 1.369207e-04 5.756843e-06
1403 1.367266e-04 5.724466e-06
1404 1.365341e-04 5.692271e-06
1405 1.363431e-04 5.660257e-06
1406 1.361536e-04 5.628423e-06
1407 1.359656e-04 5.596768e-06
1408 1.357791e-04 5.565291e-06
1409 1.355940e-04 5.533991e-06
1410 1.354104e-04 5.502867e-06
1411 1.352283e-04 5.471918e-06
1412 1.350475e-04 5.441144e-06
1413 1.348682e-04 5.410542e-06
1414 1.346903e-04 5.380112e-06
1415 1.345138e-04 5.349854e-06
1416 1.343386e-04 5.319766e-06
1417 1.341649e-04 5.289847e-06
1418 1.339925e-04 5.260096e-06
1419 1.338215e-04 5.230513e-06
1420 1.336518e-04 5.201095e-06
1421 1.334834e-04 5.171844e-06
1422 1.333164e-04 5.142757e-06
1423 1.331507e-04 5.113833e-06
1424 1.329863e-04 5.085072e-06
1425 1.328232e-04 5.056473e-06
1426 1.326613e-04 5.028035e-06
1427 1.325008e-04 4.999757e-06
1428 1.323415e-04 4.971638e-06
1429 1.321834e-04 4.943676e-06
1430 1.320266e-04 4.915873e-06
1431 1.318711e-04 4.888225e-06
1432 1.317167e-04 4.860733e-06
1433 1.315636e-04 4.833396e-06
1434 1.314117e-04 4.806212e-06
1435 1.312610e-04 4.779181e-06
1436 1.311114e-04 4.752303e-06
1437 1.309631e-04 4.725575e-06
1438 1.308159e-04 4.698998e-06
1439 1.306699e-04 4.672570e-06
1440 1.305250e-04 4.646291e-06
1441 1.303812e-04 4.620160e-06
1442 1.302386e-04 4.594175e-06
1443 1.300971e-04 4.568337e-06
1444 1.299568e-04 4.542644e-06
1445 1.298175e-04 4.517096e-06
1446 1.296793e-04 4.491691e-06
1447 1.295422e-04 4.466429e-06
1448 1.294062e-04 4.441309e-06
1449 1.292713e-04 4.416331e-06
1450 1.291374e-04 4.391493e-06
1451 1.290046e-04 4.366795e-06
1452 1.288728e-04 4.342235e-06
1453 1.287421e-04 4.317814e-06
1454 1.286124e-04 4.293530e-06
1455 1.284837e-04 4.269383e-06
1456 1.283560e-04 4.245371e-06
1457 1.282293e-04 4.221495e-06
1458 1.281036e-04 4.197752e-06
1459 1.279789e-04 4.174144e-06
1460 1.278552e-04 4.150668e-06
1461 1.277325e-04 4.127324e-06
1462 1.276107e-04 4.104111e-06
1463 1.274899e-04 4.081029e-06
1464 1.273700e-04 4.058077e-06
1465 1.272511e-04 4.035254e-06
1466 1.271331e-04 4.012559e-06
1467 1.270160e-04 3.989992e-06
1468 1.268999e-04 3.967552e-06
1469 1.267847e-04 3.945238e-06
1470 1.266703e-04 3.923049e-06
1471 1.265569e-04 3.900986e-06
1472 1.264444e-04 3.879046e-06
1473 1.263327e-04 3.857230e-06
1474 1.262219e-04 3.835536e-06
1475 1.261120e-04 3.813965e-06
1476 1.260029e-04 3.792514e-06
1477 1.258947e-04 3.771185e-06
1478 1.257874e-04 3.749975e-06
1479 1.256809e-04 3.728885e-06
1480 1.255752e-04 3.707913e-06
1481 1.254703e-04 3.687059e-06
1482 1.253663e-04 3.666323e-06
1483 1.252631e-04 3.645703e-06
1484 1.251607e-04 3.625199e-06
1485 1.250591e-04 3.604811e-06
1486 1.249582e-04 3.584537e-06
1487 1.248582e-04 3.564377e-06
1488 1.247590e-04 3.544330e-06
1489 1.246605e-04 3.524397e-06
1490 1.245628e-04 3.504575e-06
1491 1.244659e-04 3.484865e-06
1492 1.243697e-04 3.465265e-06
1493 1.242743e-04 3.445776e-06
1494 1.241796e-04 3.426397e-06
1495 1.240856e-04 3.407126e-06
1496 1.239924e-04 3.387964e-06
1497 1.238999e-04 3.368910e-06
1498 1.238081e-04 3.349963e-06
1499 1.237171e-04 3.331122e-06
1500 1.236267e-04 3.312388e-06
1501 1.235371e-04 3.293758e-06
1502 1.234481e-04 3.275234e-06
1503 1.233599e-04 3.256813e-06
1504 1.232723e-04 3.238497e-06
1505 1.231854e-04 3.220283e-06
1506 1.230992e-04 3.202172e-06
1507 1.230137e-04 3.184162e-06
1508 1.229288e-04 3.166254e-06
1509 1.228446e-04 3.148447e-06
1510 1.227610e-04 3.130740e-06
1511 1.226781e-04 3.113132e-06
1512 1.225958e-04 3.095623e-06
1513 1.225141e-04 3.078213e-06
1514 1.224331e-04 3.060901e-06
1515 1.223528e-04 3.043686e-06
1516 1.222730e-04 3.026568e-06
1517 1.221938e-04 3.009546e-06
1518 1.221153e-04 2.992620e-06
1519 1.220374e-04 2.975789e-06
1520 1.219601e-04 2.959053e-06
1521 1.218833e-04 2.942411e-06
1522 1.218072e-04 2.925862e-06
1523 1.217316e-04 2.909407e-06
1524 1.216567e-04 2.893044e-06
1525 1.215823e-04 2.876773e-06
1526 1.215085e-04 2.860594e-06
1527 1.214352e-04 2.844506e-06
1528 1.213625e-04 2.828508e-06
1529 1.212904e-04 2.812600e-06
1530 1.212188e-04 2.796781e-06
1531 1.211478e-04 2.781052e-06
1532 1.210773e-04 2.765411e-06
1533 1.210074e-04 2.749858e-06
1534 1.209380e-04 2.734392e-06
1535 1.208691e-04 2.719014e-06
1536 1.208008e-04 2.703722e-06
1537 1.207330e-04 2.688516e-06
1538 1.206657e-04 2.673395e-06
1539 1.205989e-04 2.658360e-06
1540 1.205326e-04 2.643409e-06
1541 1.204669e-04 2.628542e-06
1542 1.204016e-04 2.613759e-06
1543 1.203369e-04 2.599058e-06
1544 1.202726e-04 2.584441e-06
1545 1.202088e-04 2.569906e-06
1546 1.201455e-04 2.555452e-06
1547 1.200827e-04 2.541080e-06
1548 1.200204e-04 2.526789e-06
1549 1.199585e-04 2.512578e-06
1550 1.198971e-04 2.498447e-06
1551 1.198362e-04 2.484395e-06
1552 1.197758e-04 2.470423e-06
1553 1.197158e-04 2.456529e-06
1554 1.196562e-04 2.442713e-06
1555 1.195971e-04 2.428975e-06
1556 1.195385e-04 2.415314e-06
1557 1.194803e-04 2.401730e-06
1558 1.194225e-04 2.388222e-06
1559 1.193652e-04 2.374791e-06
1560 1.193083e-04 2.361434e-06
1561 1.192519e-04 2.348153e-06
1562 1.191958e-04 2.334947e-06
1563 1.191402e-04 2.321815e-06
1564 1.190850e-04 2.308757e-06
1565 1.190303e-04 2.295772e-06
1566 1.189759e-04 2.282860e-06
1567 1.189220e-04 2.270021e-06
1568 1.188684e-04 2.257254e-06
1569 1.188153e-04 2.244559e-06
1570 1.187625e-04 2.231936e-06
1571 1.187102e-04 2.219383e-06
1572 1.186582e-04 2.206901e-06
1573 1.186067e-04 2.194489e-06
1574 1.185555e-04 2.182147e-06
1575 1.185047e-04 2.169874e-06
1576 1.184543e-04 2.157671e-06
1577 1.184043e-04 2.145536e-06
1578 1.183546e-04 2.133469e-06
1579 1.183053e-04 2.121470e-06
1580 1.182564e-04 2.109539e-06
1581 1.182079e-04 2.097674e-06
1582 1.181597e-04 2.085877e-06
1583 1.181119e-04 2.074145e-06
1584 1.180644e-04 2.062480e-06
1585 1.180173e-04 2.050881e-06
1586 1.179705e-04 2.039346e-06
1587 1.179241e-04 2.027877e-06
1588 1.178780e-04 2.016472e-06
1589 1.178323e-04 2.005131e-06
1590 1.177869e-04 1.993854e-06
1591 1.177418e-04 1.982640e-06
1592 1.176971e-04 1.971489e-06
1593 1.176527e-04 1.960401e-06
1594 1.176086e-04 1.949376e-06
1595 1.175649e-04 1.938412e-06
1596 1.175215e-04 1.927510e-06
1597 1.174784e-04 1.916670e-06
1598 1.174356e-04 1.905890e-06
1599 1.173932e-04 1.895171e-06
1600 1.173510e-04 1.884513e-06
1601 1.173092e-04 1.873914e-06
1602 1.172677e-04 1.863375e-06
1603 1.172264e-04 1.852895e-06
1604 1.171855e-04 1.842474e-06
1605 1.171449e-04 1.832112e-06
1606 1.171046e-04 1.821808e-06
1607 1.170646e-04 1.811562e-06
1608 1.170248e-04 1.801373e-06
1609 1.169854e-04 1.791242e-06
1610 1.169463e-04 1.781168e-06
1611 1.169074e-04 1.771150e-06
1612 1.168688e-04 1.761189e-06
1613 1.168305e-04 1.751284e-06
1614 1.167925e-04 1.741435e-06
1615 1.167548e-04 1.731641e-06
1616 1.167173e-04 1.721902e-06
1617 1.166801e-04 1.712217e-06
1618 1.166432e-04 1.702588e-06
1619 1.166066e-04 1.693012e-06
1620 1.165702e-04 1.683490e-06
1621 1.165341e-04 1.674022e-06
1622 1.164982e-04 1.664607e-06
1623 1.164626e-04 1.655245e-06
1624 1.164273e-04 1.645936e-06
1625 1.163922e-04 1.636679e-06
1626 1.163574e-04 1.627474e-06
1627 1.163228e-04 1.618321e-06
1628 1.162885e-04 1.609219e-06
1629 1.162544e-04 1.600169e-06
1630 1.162206e-04 1.591169e-06
1631 1.161870e-04 1.582220e-06
1632 1.161537e-04 1.573322e-06
1633 1.161206e-04 1.564473e-06
1634 1.160877e-04 1.555675e-06
1635 1.160551e-04 1.546925e-06
1636 1.160227e-04 1.538225e-06
1637 1.159906e-04 1.529574e-06
1638 1.159586e-04 1.520971e-06
1639 1.159269e-04 1.512417e-06
1640 1.158955e-04 1.503911e-06
1641 1.158642e-04 1.495453e-06
1642 1.158332e-04 1.487042e-06
1643 1.158024e-04 1.478679e-06
1644 1.157718e-04 1.470363e-06
1645 1.157415e-04 1.462093e-06
1646 1.157113e-04 1.453870e-06
1647 1.156814e-04 1.445694e-06
1648 1.156517e-04 1.437563e-06
1649 1.156222e-04 1.429478e-06
1650 1.155929e-04 1.421438e-06
1651 1.155638e-04 1.413444e-06
1652 1.155350e-04 1.405495e-06
1653 1.155063e-04 1.397590e-06
1654 1.154778e-04 1.389730e-06
1655 1.154496e-04 1.381914e-06
1656 1.154215e-04 1.374142e-06
1657 1.153936e-04 1.366413e-06
1658 1.153660e-04 1.358728e-06
1659 1.153385e-04 1.351087e-06
1660 1.153112e-04 1.343488e-06
1661 1.152841e-04 1.335932e-06
1662 1.152573e-04 1.328419e-06
1663 1.152306e-04 1.320947e-06
1664 1.152040e-04 1.313518e-06
1665 1.151777e-04 1.306131e-06
1666 1.151516e-04 1.298785e-06
1667 1.151256e-04 1.291480e-06
1668 1.150998e-04 1.284217e-06
1669 1.150743e-04 1.276994e-06
1670 1.150488e-04 1.269812e-06
1671 1.150236e-04 1.262671e-06
1672 1.149986e-04 1.255569e-06
1673 1.149737e-04 1.248508e-06
1674 1.149490e-04 1.241486e-06
1675 1.149244e-04 1.234504e-06
1676 1.149001e-04 1.227561e-06
1677 1.148759e-04 1.220657e-06
1678 1.148519e-04 1.213792e-06
1679 1.148280e-04 1.206965e-06
1680 1.148043e-04 1.200177e-06
1681 1.147808e-04 1.193427e-06
1682 1.147574e-04 1.186715e-06
1683 1.147342e-04 1.180041e-06
1684 1.147112e-04 1.173404e-06
1685 1.146883e-04 1.166805e-06
1686 1.146656e-04 1.160243e-06
1687 1.146431e-04 1.153717e-06
1688 1.146207e-04 1.147229e-06
1689 1.145984e-04 1.140777e-06
1690 1.145763e-04 1.134361e-06
1691 1.145544e-04 1.127981e-06
1692 1.145326e-04 1.121637e-06
1693 1.145109e-04 1.115329e-06
1694 1.144895e-04 1.109056e-06
1695 1.144681e-04 1.102819e-06
1696 1.144469e-04 1.096616e-06
1697 1.144259e-04 1.090449e-06
1698 1.144050e-04 1.084316e-06
1699 1.143842e-04 1.078217e-06
1700 1.143636e-04 1.072153e-06
1701 1.143431e-04 1.066124e-06
1702 1.143228e-04 1.060128e-06
1703 1.143026e-04 1.054165e-06
1704 1.142826e-04 1.048236e-06
1705 1.142626e-04 1.042341e-06
1706 1.142429e-04 1.036479e-06
1707 1.142232e-04 1.030650e-06
1708 1.142037e-04 1.024853e-06
1709 1.141843e-04 1.019089e-06
1710 1.141651e-04 1.013358e-06
1711 1.141460e-04 1.007658e-06
1712 1.141270e-04 1.001991e-06
1713 1.141081e-04 9.963559e-07
1714 1.140894e-04 9.907522e-07
1715 1.140708e-04 9.851801e-07
1716 1.140523e-04 9.796393e-07
1717 1.140340e-04 9.741297e-07
1718 1.140158e-04 9.686511e-07
1719 1.139977e-04 9.632033e-07
1720 1.139797e-04 9.577861e-07
1721 1.139619e-04 9.523994e-07
1722 1.139441e-04 9.470430e-07
1723 1.139265e-04 9.417167e-07
1724 1.139090e-04 9.364204e-07
1725 1.138917e-04 9.311538e-07
1726 1.138744e-04 9.259169e-07
1727 1.138573e-04 9.207094e-07
1728 1.138402e-04 9.155312e-07
1729 1.138233e-04 9.103822e-07
1730 1.138065e-04 9.052621e-07
1731 1.137898e-04 9.001708e-07
1732 1.137733e-04 8.951081e-07
1733 1.137568e-04 8.900739e-07
1734 1.137405e-04 8.850680e-07
1735 1.137242e-04 8.800903e-07
1736 1.137081e-04 8.751405e-07
1737 1.136921e-04 8.702186e-07
1738 1.136762e-04 8.653244e-07
1739 1.136604e-04 8.604577e-07
1740 1.136447e-04 8.556184e-07
1741 1.136291e-04 8.508063e-07
1742 1.136136e-04 8.460213e-07
1743 1.135982e-04 8.412631e-07
1744 1.135829e-04 8.365318e-07
1745 1.135677e-04 8.318270e-07
1746 1.135526e-04 8.271487e-07
1747 1.135377e-04 8.224967e-07
1748 1.135228e-04 8.178709e-07
1749 1.135080e-04 8.132711e-07
1750 1.134933e-04 8.086971e-07
1751 1.134787e-04 8.041489e-07
1752 1.134642e-04 7.996263e-07
1753 1.134498e-04 7.951291e-07
1754 1.134355e-04 7.906572e-07
1755 1.134213e-04 7.862104e-07
1756 1.134072e-04 7.817887e-07
1757 1.133932e-04 7.773918e-07
1758 1.133793e-04 7.730197e-07
1759 1.133655e-04 7.686721e-07
1760 1.133517e-04 7.643490e-07
1761 1.133381e-04 7.600502e-07
1762 1.133245e-04 7.557756e-07
1763 1.133110e-04 7.515250e-07
1764 1.132977e-04 7.472983e-07
1765 1.132844e-04 7.430954e-07
1766 1.132712e-04 7.389162e-07
1767 1.132580e-04 7.347604e-07
1768 1.132450e-04 7.306280e-07
1769 1.132321e-04 7.265189e-07
1770 1.132192e-04 7.224328e-07
1771 1.132064e-04 7.183698e-07
1772 1.131937e-04 7.143296e-07
1773 1.131811e-04 7.103121e-07
1774 1.131686e-04 7.063172e-07
1775 1.131561e-04 7.023448e-07
1776 1.131438e-04 6.983947e-07
1777 1.131315e-04 6.944669e-07
1778 1.131193e-04 6.905611e-07
1779 1.131072e-04 6.866773e-07
1780 1.130951e-04 6.828153e-07
1781 1.130832e-04 6.789751e-07
1782 1.130713e-04 6.751565e-07
1783 1.130595e-04 6.713593e-07
1784 1.130477e-04 6.675835e-07
1785 1.130361e-04 6.638289e-07
1786 1.130245e-04 6.600955e-07
1787 1.130130e-04 6.563830e-07
1788 1.130016e-04 6.526914e-07
1789 1.129902e-04 6.490206e-07
1790 1.129789e-04 6.453704e-07
1791 1.129677e-04 6.417408e-07
1792 1.129566e-04 6.381316e-07
1793 1.129455e-04 6.345426e-07
1794 1.129345e-04 6.309739e-07
1795 1.129236e-04 6.274252e-07
1796 1.129127e-04 6.238965e-07
1797 1.129019e-04 6.203876e-07
1798 1.128912e-04 6.168985e-07
1799 1.128806e-04 6.134290e-07
1800 1.128700e-04 6.099790e-07
1801 1.128595e-04 6.065484e-07
1802 1.128491e-04 6.031371e-07
1803 1.128387e-04 5.997449e-07
1804 1.128284e-04 5.963719e-07
1805 1.128182e-04 5.930178e-07
1806 1.128080e-04 5.896826e-07
1807 1.127979e-04 5.863662e-07
1808 1.127878e-04 5.830684e-07
1809 1.127779e-04 5.797891e-07
1810 1.127679e-04 5.765283e-07
1811 1.127581e-04 5.732859e-07
1812 1.127483e-04 5.700616e-07
1813 1.127386e-04 5.668555e-07
1814 1.127289e-04 5.636675e-07
1815 1.127193e-04 5.604973e-07
1816 1.127098e-04 5.573450e-07
1817 1.127003e-04 5.542104e-07
1818 1.126909e-04 5.510935e-07
1819 1.126815e-04 5.479941e-07
1820 1.126722e-04 5.449121e-07
1821 1.126630e-04 5.418474e-07
1822 1.126538e-04 5.388000e-07
1823 1.126447e-04 5.357697e-07
1824 1.126356e-04 5.327565e-07
1825 1.126266e-04 5.297602e-07
1826 1.126177e-04 5.267808e-07
1827 1.126088e-04 5.238181e-07
1828 1.125999e-04 5.208721e-07
1829 1.125912e-04 5.179426e-07
1830 1.125824e-04 5.150296e-07
1831 1.125738e-04 5.121331e-07
1832 1.125651e-04 5.092528e-07
1833 1.125566e-04 5.063887e-07
1834 1.125481e-04 5.035407e-07
1835 1.125396e-04 5.007087e-07
1836 1.125312e-04 4.978926e-07
1837 1.125229e-04 4.950924e-07
1838 1.125146e-04 4.923080e-07
1839 1.125064e-04 4.895392e-07
1840 1.124982e-04 4.867859e-07
1841 1.124900e-04 4.840482e-07
1842 1.124820e-04 4.813258e-07
1843 1.124739e-04 4.786188e-07
1844 1.124659e-04 4.759270e-07
1845 1.124580e-04 4.732503e-07
1846 1.124501e-04 4.705887e-07
1847 1.124423e-04 4.679420e-07
1848 1.124345e-04 4.653103e-07
1849 1.124268e-04 4.626933e-07
1850 1.124191e-04 4.600911e-07
1851 1.124114e-04 4.575035e-07
1852 1.124038e-04 4.549304e-07
1853 1.123963e-04 4.523718e-07
1854 1.123888e-04 4.498276e-07
1855 1.123814e-04 4.472977e-07
1856 1.123740e-04 4.447821e-07
1857 1.123666e-04 4.422806e-07
1858 1.123593e-04 4.397931e-07
1859 1.123520e-04 4.373197e-07
1860 1.123448e-04 4.348601e-07
1861 1.123376e-04 4.324144e-07
1862 1.123305e-04 4.299825e-07
1863 1.123234e-04 4.275642e-07
1864 1.123164e-04 4.251595e-07
1865 1.123094e-04 4.227684e-07
1866 1.123024e-04 4.203907e-07
1867 1.122955e-04 4.180263e-07
1868 1.122887e-04 4.156753e-07
1869 1.122818e-04 4.133375e-07
1870 1.122751e-04 4.110128e-07
1871 1.122683e-04 4.087013e-07
1872 1.122616e-04 4.064027e-07
1873 1.122550e-04 4.041170e-07
1874 1.122483e-04 4.018442e-07
1875 1.122418e-04 3.995842e-07
1876 1.122352e-04 3.973369e-07
1877 1.122287e-04 3.951022e-07
1878 1.122223e-04 3.928801e-07
1879 1.122159e-04 3.906705e-07
1880 1.122095e-04 3.884733e-07
1881 1.122032e-04 3.862885e-07
1882 1.121969e-04 3.841159e-07
1883 1.121906e-04 3.819556e-07
1884 1.121844e-04 3.798075e-07
1885 1.121782e-04 3.776714e-07
1886 1.121721e-04 3.755473e-07
1887 1.121660e-04 3.734352e-07
1888 1.121599e-04 3.713349e-07
1889 1.121539e-04 3.692465e-07
1890 1.121479e-04 3.671698e-07
1891 1.121420e-04 3.651048e-07
1892 1.121360e-04 3.630514e-07
1893 1.121302e-04 3.610096e-07
1894 1.121243e-04 3.589792e-07
1895 1.121185e-04 3.569603e-07
1896 1.121127e-04 3.549527e-07
1897 1.121070e-04 3.529564e-07
1898 1.121013e-04 3.509713e-07
1899 1.120956e-04 3.489974e-07
1900 1.120900e-04 3.470346e-07
1901 1.120844e-04 3.450828e-07
1902 1.120788e-04 3.431420e-07
1903 1.120733e-04 3.412122e-07
1904 1.120678e-04 3.392931e-07
1905 1.120624e-04 3.373849e-07
1906 1.120569e-04 3.354874e-07
1907 1.120515e-04 3.336006e-07
1908 1.120462e-04 3.317244e-07
1909 1.120408e-04 3.298587e-07
1910 1.120355e-04 3.280036e-07
1911 1.120303e-04 3.261588e-07
1912 1.120251e-04 3.243245e-07
1913 1.120199e-04 3.225004e-07
1914 1.120147e-04 3.206866e-07
1915 1.120095e-04 3.188831e-07
1916 1.120044e-04 3.170896e-07
1917 1.119994e-04 3.153063e-07
1918 1.119943e-04 3.135329e-07
1919 1.119893e-04 3.117696e-07
1920 1.119843e-04 3.100162e-07
1921 1.119794e-04 3.082726e-07
1922 1.119745e-04 3.065388e-07
1923 1.119696e-04 3.048148e-07
1924 1.119647e-04 3.031005e-07
1925 1.119599e-04 3.013958e-07
1926 1.119551e-04 2.997007e-07
1927 1.119503e-04 2.980152e-07
1928 1.119456e-04 2.963391e-07
1929 1.119408e-04 2.946725e-07
1930 1.119361e-04 2.930152e-07
1931 1.119315e-04 2.913672e-07
1932 1.119269e-04 2.897285e-07
1933 1.119223e-04 2.880991e-07
1934 1.119177e-04 2.864788e-07
1935 1.119131e-04 2.848676e-07
1936 1.119086e-04 2.832654e-07
1937 1.119041e-04 2.816723e-07
1938 1.118997e-04 2.800882e-07
1939 1.118952e-04 2.785129e-07
1940 1.118908e-04 2.769465e-07
1941 1.118864e-04 2.753889e-07
1942 1.118821e-04 2.738401e-07
1943 1.118777e-04 2.723000e-07
1944 1.118734e-04 2.707686e-07
1945 1.118691e-04 2.692457e-07
1946 1.118649e-04 2.677315e-07
1947 1.118607e-04 2.662257e-07
1948 1.118565e-04 2.647284e-07
1949 1.118523e-04 2.632395e-07
1950 1.118481e-04 2.617591e-07
1951 1.118440e-04 2.602869e-07
1952 1.118399e-04 2.588230e-07
1953 1.118358e-04 2.573673e-07
1954 1.118318e-04 2.559199e-07
1955 1.118277e-04 2.544806e-07
1956 1.118237e-04 2.530493e-07
1957 1.118198e-04 2.516261e-07
1958 1.118158e-04 2.502110e-07
1959 1.118119e-04 2.488038e-07
1960 1.118080e-04 2.474044e-07
1961 1.118041e-04 2.460130e-07
1962 1.118002e-04 2.446294e-07
1963 1.117964e-04 2.432536e-07
1964 1.117926e-04 2.418855e-07
1965 1.117888e-04 2.405251e-07
1966 1.117850e-04 2.391724e-07
1967 1.117812e-04 2.378272e-07
1968 1.117775e-04 2.364896e-07
1969 1.117738e-04 2.351596e-07
1970 1.117701e-04 2.338370e-07
1971 1.117665e-04 2.325219e-07
1972 1.117628e-04 2.312142e-07
1973 1.117592e-04 2.299138e-07
1974 1.117556e-04 2.286207e-07
1975 1.117521e-04 2.273349e-07
1976 1.117485e-04 2.260564e-07
1977 1.117450e-04 2.247850e-07
1978 1.117415e-04 2.235208e-07
1979 1.117380e-04 2.222637e-07
1980 1.117345e-04 2.210136e-07
1981 1.117311e-04 2.197706e-07
1982 1.117276e-04 2.185346e-07
1983 1.117242e-04 2.173056e-07
1984 1.117208e-04 2.160834e-07
1985 1.117175e-04 2.148681e-07
1986 1.117141e-04 2.136597e-07
1987 1.117108e-04 2.124580e-07
1988 1.117075e-04 2.112631e-07
1989 1.117042e-04 2.100750e-07
1990 1.117009e-04 2.088935e-07
1991 1.116977e-04 2.077186e-07
1992 1.116945e-04 2.065504e-07
1993 1.116913e-04 2.053887e-07
1994 1.116881e-04 2.042336e-07
1995 1.116849e-04 2.030850e-07
1996 1.116818e-04 2.019428e-07
1997 1.116786e-04 2.008070e-07
1998 1.116755e-04 1.996777e-07
1999 1.116724e-04 1.985547e-07
2000 1.116693e-04 1.974380e-07
2001 1.116663e-04 1.963275e-07
2002 1.116632e-04 1.952234e-07
2003 1.116602e-04 1.941254e-07
2004 1.116572e-04 1.930336e-07
2005 1.116542e-04 1.919480e-07
2006 1.116512e-04 1.908684e-07
2007 1.116483e-04 1.897950e-07
2008 1.116454e-04 1.887275e-07
2009 1.116424e-04 1.876661e-07
2010 1.116395e-04 1.866107e-07
2011 1.116367e-04 1.855611e-07
2012 1.116338e-04 1.845175e-07
2013 1.116309e-04 1.834798e-07
2014 1.116281e-04 1.824479e-07
2015 1.116253e-04 1.814217e-07
2016 1.116225e-04 1.804014e-07
2017 1.116197e-04 1.793868e-07
2018 1.116170e-04 1.783779e-07
2019 1.116142e-04 1.773747e-07
2020 1.116115e-04 1.763771e-07
2021 1.116088e-04 1.753852e-07
2022 1.116061e-04 1.743988e-07
2023 1.116034e-04 1.734179e-07
2024 1.116007e-04 1.724426e-07
2025 1.115980e-04 1.714728e-07
2026 1.115954e-04 1.705084e-07
2027 1.115928e-04 1.695494e-07
2028 1.115902e-04 1.685958e-07
2029 1.115876e-04 1.676476e-07
2030 1.115850e-04 1.667048e-07
2031 1.115824e-04 1.657672e-07
2032 1.115799e-04 1.648349e-07
2033 1.115774e-04 1.639079e-07
2034 1.115749e-04 1.629860e-07
2035 1.115724e-04 1.620694e-07
2036 1.115699e-04 1.611579e-07
2037 1.115674e-04 1.602515e-07
2038 1.115649e-04 1.593502e-07
2039 1.115625e-04 1.584540e-07
2040 1.115601e-04 1.575628e-07
2041 1.115576e-04 1.566767e-07
2042 1.115552e-04 1.557955e-07
2043 1.115529e-04 1.549193e-07
2044 1.115505e-04 1.540480e-07
2045 1.115481e-04 1.531816e-07
2046 1.115458e-04 1.523201e-07
2047 1.115435e-04 1.514635e-07
2048 1.115411e-04 1.506116e-07
2049 1.115388e-04 1.497646e-07
2050 1.115365e-04 1.489223e-07
2051 1.115343e-04 1.480847e-07
2052 1.115320e-04 1.472519e-07
2053 1.115298e-04 1.464237e-07
2054 1.115275e-04 1.456002e-07
2055 1.115253e-04 1.447813e-07
2056 1.115231e-04 1.439670e-07
2057 1.115209e-04 1.431574e-07
2058 1.115187e-04 1.423522e-07
2059 1.115165e-04 1.415516e-07
2060 1.115144e-04 1.407555e-07
2061 1.115122e-04 1.399639e-07
2062 1.115101e-04 1.391767e-07
2063 1.115080e-04 1.383940e-07
2064 1.115059e-04 1.376156e-07
2065 1.115038e-04 1.368416e-07
2066 1.115017e-04 1.360720e-07
2067 1.114996e-04 1.353067e-07
2068 1.114975e-04 1.345458e-07
2069 1.114955e-04 1.337891e-07
2070 1.114935e-04 1.330366e-07
2071 1.114914e-04 1.322884e-07
2072 1.114894e-04 1.315444e-07
2073 1.114874e-04 1.308046e-07
2074 1.114854e-04 1.300689e-07
2075 1.114835e-04 1.293374e-07
2076 1.114815e-04 1.286100e-07
2077 1.114795e-04 1.278867e-07
2078 1.114776e-04 1.271674e-07
2079 1.114757e-04 1.264522e-07
2080 1.114737e-04 1.257410e-07
2081 1.114718e-04 1.250338e-07
2082 1.114699e-04 1.243306e-07
2083 1.114680e-04 1.236314e-07
2084 1.114662e-04 1.229361e-07
2085 1.114643e-04 1.222447e-07
2086 1.114624e-04 1.215571e-07
2087 1.114606e-04 1.208735e-07
2088 1.114588e-04 1.201937e-07
2089 1.114569e-04 1.195177e-07
2090 1.114551e-04 1.188455e-07
2091 1.114533e-04 1.181771e-07
2092 1.114515e-04 1.175125e-07
2093 1.114498e-04 1.168516e-07
2094 1.114480e-04 1.161944e-07
2095 1.114462e-04 1.155409e-07
2096 1.114445e-04 1.148911e-07
2097 1.114427e-04 1.142449e-07
2098 1.114410e-04 1.136024e-07
2099 1.114393e-04 1.129635e-07
2100 1.114376e-04 1.123281e-07
2101 1.114359e-04 1.116964e-07
2102 1.114342e-04 1.110682e-07
2103 1.114325e-04 1.104435e-07
2104 1.114308e-04 1.098224e-07
2105 1.114292e-04 1.092047e-07
2106 1.114275e-04 1.085906e-07
2107 1.114259e-04 1.079798e-07
2108 1.114243e-04 1.073725e-07
2109 1.114226e-04 1.067687e-07
2110 1.114210e-04 1.061682e-07
2111 1.114194e-04 1.055711e-07
2112 1.114178e-04 1.049773e-07
2113 1.114162e-04 1.043869e-07
2114 1.114147e-04 1.037998e-07
2115 1.114131e-04 1.032161e-07
2116 1.114115e-04 1.026356e-07
2117 1.114100e-04 1.020583e-07
2118 1.114084e-04 1.014843e-07
2119 1.114069e-04 1.009136e-07
2120 1.114054e-04 1.003460e-07
2121 1.114039e-04 9.978166e-08
2122 1.114024e-04 9.922048e-08
2123 1.114009e-04 9.866245e-08
2124 1.113994e-04 9.810756e-08
2125 1.113979e-04 9.755579e-08
2126 1.113964e-04 9.700712e-08
2127 1.113950e-04 9.646154e-08
2128 1.113935e-04 9.591903e-08
2129 1.113921e-04 9.537957e-08
2130 1.113906e-04 9.484314e-08
2131 1.113892e-04 9.430973e-08
2132 1.113878e-04 9.377932e-08
2133 1.113864e-04 9.325190e-08
2134 1.113850e-04 9.272744e-08
2135 1.113836e-04 9.220593e-08
2136 1.113822e-04 9.168735e-08
2137 1.113808e-04 9.117169e-08
2138 1.113795e-04 9.065893e-08
2139 1.113781e-04 9.014905e-08
2140 1.113767e-04 8.964204e-08
2141 1.113754e-04 8.913788e-08
2142 1.113740e-04 8.863656e-08
2143 1.113727e-04 8.813806e-08
2144 1.113714e-04 8.764236e-08
2145 1.113701e-04 8.714944e-08
2146 1.113688e-04 8.665930e-08
2147 1.113675e-04 8.617192e-08
2148 1.113662e-04 8.568728e-08
2149 1.113649e-04 8.520536e-08
2150 1.113636e-04 8.472616e-08
2151 1.113623e-04 8.424965e-08
2152 1.113611e-04 8.377582e-08
2153 1.113598e-04 8.330465e-08
2154 1.113586e-04 8.283614e-08
2155 1.113573e-04 8.237026e-08
2156 1.113561e-04 8.190699e-08
2157 1.113549e-04 8.144634e-08
2158 1.113536e-04 8.098828e-08
2159 1.113524e-04 8.053279e-08
2160 1.113512e-04 8.007986e-08
2161 1.113500e-04 7.962948e-08
2162 1.113488e-04 7.918164e-08
2163 1.113476e-04 7.873631e-08
2164 1.113464e-04 7.829348e-08
2165 1.113453e-04 7.785315e-08
2166 1.113441e-04 7.741530e-08
2167 1.113429e-04 7.697990e-08
2168 1.113418e-04 7.654696e-08
2169 1.113406e-04 7.611645e-08
2170 1.113395e-04 7.568836e-08
2171 1.113384e-04 7.526268e-08
2172 1.113372e-04 7.483939e-08
2173 1.113361e-04 7.441849e-08
2174 1.113350e-04 7.399995e-08
2175 1.113339e-04 7.358376e-08
2176 1.113328e-04 7.316992e-08
2177 1.113317e-04 7.275840e-08
2178 1.113306e-04 7.234920e-08
2179 1.113295e-04 7.194230e-08
2180 1.113285e-04 7.153769e-08
2181 1.113274e-04 7.113535e-08
2182 1.113263e-04 7.073528e-08
2183 1.113253e-04 7.033745e-08
2184 1.113242e-04 6.994186e-08
2185 1.113232e-04 6.954850e-08
2186 1.113221e-04 6.915735e-08
2187 1.113211e-04 6.876840e-08
2188 1.113201e-04 6.838164e-08
2189 1.113191e-04 6.799705e-08
2190 1.113180e-04 6.761463e-08
2191 1.113170e-04 6.723436e-08
2192 1.113160e-04 6.685622e-08
2193 1.113150e-04 6.648022e-08
2194 1.113140e-04 6.610632e-08
2195 1.113130e-04 6.573453e-08
2196 1.113121e-04 6.536483e-08
2197 1.113111e-04 6.499721e-08
2198 1.113101e-04 6.463166e-08
2199 1.113092e-04 6.426816e-08
2200 1.113082e-04 6.390671e-08
2201 1.113072e-04 6.354729e-08
2202 1.113063e-04 6.318989e-08
2203 1.113053e-04 6.283451e-08
2204 1.113044e-04 6.248112e-08
2205 1.113035e-04 6.212972e-08
2206 1.113026e-04 6.178029e-08
2207 1.113016e-04 6.143283e-08
2208 1.113007e-04 6.108732e-08
2209 1.112998e-04 6.074376e-08
2210 1.112989e-04 6.040213e-08
2211 1.112980e-04 6.006242e-08
2212 1.112971e-04 5.972462e-08
2213 1.112962e-04 5.938872e-08
2214 1.112953e-04 5.905471e-08
2215 1.112944e-04 5.872258e-08
2216 1.112936e-04 5.839232e-08
2217 1.112927e-04 5.806391e-08
2218 1.112918e-04 5.773736e-08
2219 1.112910e-04 5.741263e-08
2220 1.112901e-04 5.708974e-08
2221 1.112893e-04 5.676866e-08
2222 1.112884e-04 5.644938e-08
2223 1.112876e-04 5.613191e-08
2224 1.112867e-04 5.581621e-08
2225 1.112859e-04 5.550230e-08
2226 1.112851e-04 5.519014e-08
2227 1.112843e-04 5.487975e-08
2228 1.112835e-04 5.457110e-08
2229 1.112826e-04 5.426418e-08
2230 1.112818e-04 5.395899e-08
2231 1.112810e-04 5.365552e-08
2232 1.112802e-04 5.335376e-08
2233 1.112794e-04 5.305369e-08
2234 1.112786e-04 5.275531e-08
2235 1.112779e-04 5.245860e-08
2236 1.112771e-04 5.216357e-08
2237 1.112763e-04 5.187020e-08
2238 1.112755e-04 5.157847e-08
2239 1.112748e-04 5.128839e-08
2240 1.112740e-04 5.099994e-08
2241 1.112732e-04 5.071311e-08
2242 1.112725e-04 5.042789e-08
2243 1.112717e-04 5.014428e-08
2244 1.112710e-04 4.986226e-08
2245 1.112703e-04 4.958183e-08
2246 1.112695e-04 4.930297e-08
2247 1.112688e-04 4.902569e-08
2248 1.112681e-04 4.874996e-08
2249 1.112673e-04 4.847578e-08
2250 1.112666e-04 4.820315e-08
2251 1.112659e-04 4.793205e-08
2252 1.112652e-04 4.766247e-08
2253 1.112645e-04 4.739441e-08
2254 1.112638e-04 4.712786e-08
2255 1.112631e-04 4.686281e-08
2256 1.112624e-04 4.659925e-08
2257 1.112617e-04 4.633717e-08
2258 1.112610e-04 4.607656e-08
2259 1.112603e-04 4.581742e-08
2260 1.112596e-04 4.555974e-08
2261 1.112590e-04 4.530350e-08
2262 1.112583e-04 4.504871e-08
2263 1.112576e-04 4.479535e-08
2264 1.112570e-04 4.454342e-08
2265 1.112563e-04 4.429290e-08
2266 1.112556e-04 4.404379e-08
2267 1.112550e-04 4.379608e-08
2268 1.112543e-04 4.354977e-08
2269 1.112537e-04 4.330484e-08
2270 1.112530e-04 4.306129e-08
2271 1.112524e-04 4.281910e-08
2272 1.112518e-04 4.257828e-08
2273 1.112511e-04 4.233882e-08
2274 1.112505e-04 4.210070e-08
2275 1.112499e-04 4.186392e-08
2276 1.112493e-04 4.162847e-08
2277 1.112486e-04 4.139435e-08
2278 1.112480e-04 4.116154e-08
2279 1.112474e-04 4.093004e-08
2280 1.112468e-04 4.069985e-08
2281 1.112462e-04 4.047095e-08
2282 1.112456e-04 4.024333e-08
2283 1.112450e-04 4.001700e-08
2284 1.112444e-04 3.979194e-08
2285 1.112438e-04 3.956814e-08
2286 1.112432e-04 3.934561e-08
2287 1.112427e-04 3.912432e-08
2288 1.112421e-04 3.890428e-08
2289 1.112415e-04 3.868548e-08
2290 1.112409e-04 3.846791e-08
2291 1.112404e-04 3.825156e-08
2292 1.112398e-04 3.803643e-08
2293 1.112392e-04 3.782251e-08
2294 1.112387e-04 3.760979e-08
2295 1.112381e-04 3.739827e-08
2296 1.112376e-04 3.718793e-08
2297 1.112370e-04 3.697878e-08
2298 1.112365e-04 3.677081e-08
2299 1.112359e-04 3.656401e-08
2300 1.112354e-04 3.635837e-08
2301 1.112348e-04 3.615388e-08
2302 1.112343e-04 3.595055e-08
2303 1.112338e-04 3.574836e-08
2304 1.112332e-04 3.554731e-08
2305 1.112327e-04 3.534738e-08
2306 1.112322e-04 3.514859e-08
2307 1.112317e-04 3.495090e-08
2308 1.112312e-04 3.475434e-08
2309 1.112306e-04 3.455887e-08
2310 1.112301e-04 3.436451e-08
2311 1.112296e-04 3.417124e-08
2312 1.112291e-04 3.397906e-08
2313 1.112286e-04 3.378795e-08
2314 1.112281e-04 3.359793e-08
2315 1.112276e-04 3.340897e-08
2316 1.112271e-04 3.322107e-08
2317 1.112266e-04 3.303423e-08
2318 1.112261e-04 3.284844e-08
2319 1.112257e-04 3.266370e-08
2320 1.112252e-04 3.247999e-08
2321 1.112247e-04 3.229732e-08
2322 1.112242e-04 3.211568e-08
2323 1.112237e-04 3.193506e-08
2324 1.112233e-04 3.175545e-08
2325 1.112228e-04 3.157685e-08
2326 1.112223e-04 3.139926e-08
2327 1.112219e-04 3.122267e-08
2328 1.112214e-04 3.104707e-08
2329 1.112210e-04 3.087245e-08
2330 1.112205e-04 3.069882e-08
2331 1.112200e-04 3.052617e-08
2332 1.112196e-04 3.035449e-08
2333 1.112191e-04 3.018377e-08
2334 1.112187e-04 3.001401e-08
2335 1.112183e-04 2.984521e-08
2336 1.112178e-04 2.967736e-08
2337 1.112174e-04 2.951045e-08
2338 1.112169e-04 2.934448e-08
2339 1.112165e-04 2.917944e-08
2340 1.112161e-04 2.901533e-08
2341 1.112156e-04 2.885215e-08
2342 1.112152e-04 2.868988e-08
2343 1.112148e-04 2.852852e-08
2344 1.112144e-04 2.836807e-08
2345 1.112140e-04 2.820853e-08
2346 1.112135e-04 2.804988e-08
2347 1.112131e-04 2.789212e-08
2348 1.112127e-04 2.773526e-08
2349 1.112123e-04 2.757927e-08
2350 1.112119e-04 2.742416e-08
2351 1.112115e-04 2.726992e-08
2352 1.112111e-04 2.711655e-08
2353 1.112107e-04 2.696405e-08
2354 1.112103e-04 2.681240e-08
2355 1.112099e-04 2.666160e-08
2356 1.112095e-04 2.651165e-08
2357 1.112091e-04 2.636255e-08
2358 1.112087e-04 2.621428e-08
2359 1.112083e-04 2.606685e-08
2360 1.112079e-04 2.592025e-08
2361 1.112076e-04 2.577447e-08
2362 1.112072e-04 2.562951e-08
2363 1.112068e-04 2.548536e-08
2364 1.112064e-04 2.534203e-08
2365 1.112061e-04 2.519950e-08
2366 1.112057e-04 2.505778e-08
2367 1.112053e-04 2.491685e-08
2368 1.112049e-04 2.477672e-08
2369 1.112046e-04 2.463737e-08
2370 1.112042e-04 2.449881e-08
2371 1.112039e-04 2.436102e-08
2372 1.112035e-04 2.422401e-08
2373 1.112031e-04 2.408777e-08
2374 1.112028e-04 2.395230e-08
2375 1.112024e-04 2.381759e-08
2376 1.112021e-04 2.368364e-08
2377 1.112017e-04 2.355044e-08
2378 1.112014e-04 2.341799e-08
2379 1.112010e-04 2.328628e-08
2380 1.112007e-04 2.315532e-08
2381 1.112004e-04 2.302509e-08
2382 1.112000e-04 2.289559e-08
2383 1.111997e-04 2.276682e-08
2384 1.111993e-04 2.263878e-08
2385 1.111990e-04 2.251146e-08
2386 1.111987e-04 2.238485e-08
2387 1.111983e-04 2.225895e-08
2388 1.111980e-04 2.213377e-08
2389 1.111977e-04 2.200928e-08
2390 1.111974e-04 2.188550e-08
2391 1.111970e-04 2.176241e-08
2392 1.111967e-04 2.164002e-08
2393 1.111964e-04 2.151831e-08
2394 1.111961e-04 2.139729e-08
2395 1.111958e-04 2.127695e-08
2396 1.111955e-04 2.115729e-08
2397 1.111951e-04 2.103829e-08
2398 1.111948e-04 2.091997e-08
2399 1.111945e-04 2.080232e-08
2400 1.111942e-04 2.068532e-08
2401 1.111939e-04 2.056898e-08
2402 1.111936e-04 2.045330e-08
2403 1.111933e-04 2.033827e-08
2404 1.111930e-04 2.022389e-08
2405 1.111927e-04 2.011014e-08
2406 1.111924e-04 1.999704e-08
2407 1.111921e-04 1.988458e-08
2408 1.111918e-04 1.977274e-08
2409 1.111915e-04 1.966154e-08
2410 1.111912e-04 1.955096e-08
2411 1.111910e-04 1.944100e-08
2412 1.111907e-04 1.933166e-08
2413 1.111904e-04 1.922294e-08
2414 1.111901e-04 1.911483e-08
2415 1.111898e-04 1.900732e-08
2416 1.111895e-04 1.890042e-08
2417 1.111893e-04 1.879413e-08
2418 1.111890e-04 1.868842e-08
2419 1.111887e-04 1.858332e-08
2420 1.111884e-04 1.847880e-08
2421 1.111882e-04 1.837488e-08
2422 1.111879e-04 1.827153e-08
2423 1.111876e-04 1.816877e-08
2424 1.111874e-04 1.806659e-08
2425 1.111871e-04 1.796498e-08
2426 1.111868e-04 1.786394e-08
2427 1.111866e-04 1.776347e-08
2428 1.111863e-04 1.766357e-08
2429 1.111860e-04 1.756423e-08
2430 1.111858e-04 1.746544e-08
2431 1.111855e-04 1.736722e-08
2432 1.111853e-04 1.726954e-08
2433 1.111850e-04 1.717242e-08
2434 1.111848e-04 1.707584e-08
2435 1.111845e-04 1.697980e-08
2436 1.111843e-04 1.688430e-08
2437 1.111840e-04 1.678934e-08
2438 1.111838e-04 1.669492e-08
2439 1.111835e-04 1.660102e-08
2440 1.111833e-04 1.650766e-08
2441 1.111830e-04 1.641482e-08
2442 1.111828e-04 1.632250e-08
2443 1.111826e-04 1.623070e-08
2444 1.111823e-04 1.613941e-08
2445 1.111821e-04 1.604864e-08
2446 1.111818e-04 1.595838e-08
2447 1.111816e-04 1.586863e-08
2448 1.111814e-04 1.577938e-08
2449 1.111811e-04 1.569064e-08
2450 1.111809e-04 1.560239e-08
2451 1.111807e-04 1.551464e-08
2452 1.111805e-04 1.542739e-08
2453 1.111802e-04 1.534062e-08
2454 1.111800e-04 1.525434e-08
2455 1.111798e-04 1.516855e-08
2456 1.111796e-04 1.508324e-08
2457 1.111793e-04 1.499841e-08
2458 1.111791e-04 1.491406e-08
2459 1.111789e-04 1.483018e-08
2460 1.111787e-04 1.474677e-08
2461 1.111785e-04 1.466384e-08
2462 1.111782e-04 1.458136e-08
2463 1.111780e-04 1.449936e-08
2464 1.111778e-04 1.441781e-08
2465 1.111776e-04 1.433672e-08
2466 1.111774e-04 1.425609e-08
2467 1.111772e-04 1.417591e-08
2468 1.111770e-04 1.409619e-08
2469 1.111768e-04 1.401691e-08
2470 1.111766e-04 1.393808e-08
2471 1.111764e-04 1.385969e-08
2472 1.111761e-04 1.378174e-08
2473 1.111759e-04 1.370423e-08
2474 1.111757e-04 1.362715e-08
2475 1.111755e-04 1.355051e-08
2476 1.111753e-04 1.347430e-08
2477 1.111751e-04 1.339852e-08
2478 1.111749e-04 1.332317e-08
2479 1.111748e-04 1.324823e-08
2480 1.111746e-04 1.317373e-08
2481 1.111744e-04 1.309963e-08
2482 1.111742e-04 1.302596e-08
2483 1.111740e-04 1.295270e-08
2484 1.111738e-04 1.287985e-08
2485 1.111736e-04 1.280742e-08
2486 1.111734e-04 1.273538e-08
2487 1.111732e-04 1.266376e-08
2488 1.111730e-04 1.259254e-08
2489 1.111729e-04 1.252171e-08
2490 1.111727e-04 1.245129e-08
2491 1.111725e-04 1.238126e-08
2492 1.111723e-04 1.231163e-08
2493 1.111721e-04 1.224239e-08
2494 1.111719e-04 1.217353e-08
2495 1.111718e-04 1.210507e-08
2496 1.111716e-04 1.203699e-08
2497 1.111714e-04 1.196929e-08
2498 1.111712e-04 1.190197e-08
2499 1.111711e-04 1.183504e-08
2500 1.111709e-04 1.176847e-08
2501 1.111707e-04 1.170229e-08
2502 1.111705e-04 1.163647e-08
2503 1.111704e-04 1.157103e-08
2504 1.111702e-04 1.150595e-08
2505 1.111700e-04 1.144124e-08
2506 1.111699e-04 1.137689e-08
2507 1.111697e-04 1.131291e-08
2508 1.111695e-04 1.124928e-08
2509 1.111694e-04 1.118601e-08
2510 1.111692e-04 1.112310e-08
2511 1.111690e-04 1.106055e-08
2512 1.111689e-04 1.099834e-08
2513 1.111687e-04 1.093648e-08
2514 1.111686e-04 1.087498e-08
2515 1.111684e-04 1.081381e-08
2516 1.111682e-04 1.075299e-08
2517 1.111681e-04 1.069252e-08
2518 1.111679e-04 1.063238e-08
2519 1.111678e-04 1.057258e-08
2520 1.111676e-04 1.051312e-08
2521 1.111675e-04 1.045400e-08
2522 1.111673e-04 1.039520e-08
2523 1.111671e-04 1.033674e-08
2524 1.111670e-04 1.027860e-08
2525 1.111668e-04 1.022079e-08
2526 1.111667e-04 1.016331e-08
2527 1.111665e-04 1.010615e-08
2528 1.111664e-04 1.004931e-08
2529 1.111662e-04 9.992795e-09
