# step err_l2 res_l2
0 2.460291e-01 1.000000e+00
1 2.160289e-01 1.636790e+00
2 1.916542e-01 1.373157e+00
3 1.688368e-01 1.021221e+00
4 1.496976e-01 9.510419e-01
5 1.355891e-01 7.517983e-01
6 1.233428e-01 5.554805e-01
7 1.131506e-01 4.856755e-01
8 1.048102e-01 3.784296e-01
9 9.747267e-02 2.807681e-01
10 9.108330e-02 2.393504e-01
11 8.538433e-02 1.863366e-01
12 8.019003e-02 1.403966e-01
13 7.543587e-02 1.195275e-01
14 7.098044e-02 9.585424e-02
15 6.682105e-02 7.624814e-02
16 6.294150e-02 6.659395e-02
17 5.927718e-02 5.660813e-02
18 5.584045e-02 4.832359e-02
19 5.261320e-02 4.396481e-02
20 4.956461e-02 3.950482e-02
21 4.669898e-02 3.579074e-02
22 4.400320e-02 3.330019e-02
23 4.145858e-02 3.085741e-02
24 3.906456e-02 2.869818e-02
25 3.681068e-02 2.692645e-02
26 3.468464e-02 2.524060e-02
27 3.268333e-02 2.368086e-02
28 3.079844e-02 2.228327e-02
29 2.902133e-02 2.096553e-02
30 2.734803e-02 1.972393e-02
31 2.577189e-02 1.857517e-02
32 2.428639e-02 1.749393e-02
33 2.288738e-02 1.647275e-02
34 2.156947e-02 1.551754e-02
35 2.032760e-02 1.461824e-02
36 1.915791e-02 1.376895e-02
37 1.805601e-02 1.297138e-02
38 1.701778e-02 1.222037e-02
39 1.603986e-02 1.151164e-02
40 1.511860e-02 1.084496e-02
41 1.425065e-02 1.021711e-02
42 1.343308e-02 9.625011e-03
43 1.266290e-02 9.067609e-03
44 1.193733e-02 8.542606e-03
45 1.125387e-02 8.047714e-03
46 1.061004e-02 7.581655e-03
47 1.000353e-02 7.142645e-03
48 9.432224e-03 6.728925e-03
49 8.894069e-03 6.339237e-03
50 8.387137e-03 5.972145e-03
51 7.909645e-03 5.626252e-03
52 7.459882e-03 5.300421e-03
53 7.036240e-03 4.993473e-03
54 6.637223e-03 4.704275e-03
55 6.261405e-03 4.431837e-03
56 5.907444e-03 4.175183e-03
57 5.574085e-03 3.933381e-03
58 5.260139e-03 3.705588e-03
59 4.964485e-03 3.490990e-03
60 4.686073e-03 3.288815e-03
61 4.423911e-03 3.098350e-03
62 4.177063e-03 2.918917e-03
63 3.944650e-03 2.749874e-03
64 3.725845e-03 2.590621e-03
65 3.519865e-03 2.440591e-03
66 3.325978e-03 2.299249e-03
67 3.143491e-03 2.166093e-03
68 2.971752e-03 2.040649e-03
69 2.810149e-03 1.922469e-03
70 2.658104e-03 1.811133e-03
71 2.515072e-03 1.706246e-03
72 2.380542e-03 1.607432e-03
73 2.254032e-03 1.514341e-03
74 2.135088e-03 1.426641e-03
75 2.023281e-03 1.344020e-03
76 1.918210e-03 1.266184e-03
77 1.819495e-03 1.192856e-03
78 1.726779e-03 1.123774e-03
79 1.639725e-03 1.058694e-03
80 1.558016e-03 9.973816e-04
81 1.481352e-03 9.396204e-04
82 1.409453e-03 8.852043e-04
83 1.342052e-03 8.339397e-04
84 1.278897e-03 7.856439e-04
85 1.219752e-03 7.401450e-04
86 1.164393e-03 6.972811e-04
87 1.112607e-03 6.568996e-04
88 1.064194e-03 6.188567e-04
89 1.018964e-03 5.830170e-04
90 9.767364e-04 5.492528e-04
91 9.373407e-04 5.174440e-04
92 9.006145e-04 4.874774e-04
93 8.664032e-04 4.592462e-04
94 8.345601e-04 4.326500e-04
95 8.049453e-04 4.075940e-04
96 7.774256e-04 3.839891e-04
97 7.518740e-04 3.617512e-04
98 7.281694e-04 3.408011e-04
99 7.061964e-04 3.210644e-04
100 6.858451e-04 3.024706e-04
101 6.670107e-04 2.849537e-04
102 6.495935e-04 2.684512e-04
103 6.334985e-04 2.529045e-04
104 6.186358e-04 2.382581e-04
105 6.049199e-04 2.244599e-04
106 5.922698e-04 2.114608e-04
107 5.806091e-04 1.992145e-04
108 5.698656e-04 1.876774e-04
109 5.599714e-04 1.768085e-04
110 5.508626e-04 1.665690e-04
111 5.424793e-04 1.569225e-04
112 5.347656e-04 1.478347e-04
113 5.276692e-04 1.392732e-04
114 5.211413e-04 1.312075e-04
115 5.151365e-04 1.236089e-04
116 5.096129e-04 1.164503e-04
117 5.045315e-04 1.097064e-04
118 4.998562e-04 1.033530e-04
119 4.955537e-04 9.736750e-05
120 4.915934e-04 9.172867e-05
121 4.879470e-04 8.641641e-05
122 4.845885e-04 8.141179e-05
123 4.814940e-04 7.669700e-05
124 4.786416e-04 7.225526e-05
125 4.760112e-04 6.807076e-05
126 4.735845e-04 6.412859e-05
127 4.713445e-04 6.041472e-05
128 4.692758e-04 5.691593e-05
129 4.673644e-04 5.361977e-05
130 4.655973e-04 5.051450e-05
131 4.639627e-04 4.758906e-05
132 4.624498e-04 4.483304e-05
133 4.610488e-04 4.223664e-05
134 4.597507e-04 3.979059e-05
135 4.585472e-04 3.748621e-05
136 4.574308e-04 3.531528e-05
137 4.563947e-04 3.327007e-05
138 4.554324e-04 3.134331e-05
139 4.545383e-04 2.952813e-05
140 4.537070e-04 2.781807e-05
141 4.529338e-04 2.620705e-05
142 4.522142e-04 2.468932e-05
143 4.515441e-04 2.325949e-05
144 4.509198e-04 2.191247e-05
145 4.503380e-04 2.064346e-05
146 4.497954e-04 1.944794e-05
147 4.492892e-04 1.832165e-05
148 4.488168e-04 1.726059e-05
149 4.483756e-04 1.626098e-05
150 4.479635e-04 1.531926e-05
151 4.475784e-04 1.443208e-05
152 4.472183e-04 1.359628e-05
153 4.468816e-04 1.280888e-05
154 4.465666e-04 1.206708e-05
155 4.462717e-04 1.136824e-05
156 4.459957e-04 1.070988e-05
157 4.457372e-04 1.008964e-05
158 4.454950e-04 9.505318e-06
159 4.452681e-04 8.954839e-06
160 4.450554e-04 8.436239e-06
161 4.448560e-04 7.947672e-06
162 4.446690e-04 7.487400e-06
163 4.444936e-04 7.053784e-06
164 4.443291e-04 6.645279e-06
165 4.441746e-04 6.260432e-06
166 4.440297e-04 5.897873e-06
167 4.438936e-04 5.556311e-06
168 4.437658e-04 5.234529e-06
169 4.436458e-04 4.931383e-06
170 4.435330e-04 4.645792e-06
171 4.434271e-04 4.376741e-06
172 4.433276e-04 4.123272e-06
173 4.432341e-04 3.884482e-06
174 4.431462e-04 3.659520e-06
175 4.430636e-04 3.447587e-06
176 4.429859e-04 3.247928e-06
177 4.429129e-04 3.059831e-06
178 4.428442e-04 2.882628e-06
179 4.427796e-04 2.715687e-06
180 4.427189e-04 2.558413e-06
181 4.426618e-04 2.410249e-06
182 4.426080e-04 2.270664e-06
183 4.425575e-04 2.139164e-06
184 4.425099e-04 2.015279e-06
185 4.424651e-04 1.898568e-06
186 4.424230e-04 1.788617e-06
187 4.423834e-04 1.685033e-06
188 4.423461e-04 1.587448e-06
189 4.423110e-04 1.495514e-06
190 4.422780e-04 1.408905e-06
191 4.422469e-04 1.327311e-06
192 4.422176e-04 1.250443e-06
193 4.421900e-04 1.178026e-06
194 4.421641e-04 1.109803e-06
195 4.421397e-04 1.045532e-06
196 4.421167e-04 9.849819e-07
197 4.420950e-04 9.279388e-07
198 4.420746e-04 8.741992e-07
199 4.420555e-04 8.235719e-07
200 4.420374e-04 7.758765e-07
201 4.420204e-04 7.309433e-07
202 4.420043e-04 6.886123e-07
203 4.419893e-04 6.487329e-07
204 4.419750e-04 6.111629e-07
205 4.419617e-04 5.757687e-07
206 4.419491e-04 5.424243e-07
207 4.419372e-04 5.110110e-07
208 4.419260e-04 4.814169e-07
209 4.419155e-04 4.535367e-07
210 4.419056e-04 4.272711e-07
211 4.418962e-04 4.025267e-07
212 4.418875e-04 3.792152e-07
213 4.418792e-04 3.572538e-07
214 4.418714e-04 3.365642e-07
215 4.418640e-04 3.170728e-07
216 4.418571e-04 2.987102e-07
217 4.418506e-04 2.814111e-07
218 4.418444e-04 2.651138e-07
219 4.418387e-04 2.497603e-07
220 4.418332e-04 2.352960e-07
221 4.418281e-04 2.216693e-07
222 4.418232e-04 2.088318e-07
223 4.418187e-04 1.967378e-07
224 4.418144e-04 1.853441e-07
225 4.418104e-04 1.746103e-07
226 4.418066e-04 1.644982e-07
227 4.418030e-04 1.549716e-07
228 4.417996e-04 1.459968e-07
229 4.417964e-04 1.375417e-07
230 4.417934e-04 1.295763e-07
231 4.417906e-04 1.220721e-07
232 4.417879e-04 1.150026e-07
233 4.417854e-04 1.083425e-07
234 4.417831e-04 1.020680e-07
235 4.417809e-04 9.615700e-08
236 4.417788e-04 9.058827e-08
237 4.417768e-04 8.534205e-08
238 4.417749e-04 8.039965e-08
239 4.417732e-04 7.574348e-08
240 4.417715e-04 7.135696e-08
241 4.417700e-04 6.722448e-08
242 4.417685e-04 6.333132e-08
243 4.417671e-04 5.966363e-08
244 4.417658e-04 5.620834e-08
245 4.417646e-04 5.295315e-08
246 4.417635e-04 4.988649e-08
247 4.417624e-04 4.699742e-08
248 4.417613e-04 4.427567e-08
249 4.417604e-04 4.171154e-08
250 4.417595e-04 3.929591e-08
251 4.417586e-04 3.702017e-08
252 4.417578e-04 3.487623e-08
253 4.417571e-04 3.285645e-08
254 4.417563e-04 3.095364e-08
255 4.417557e-04 2.916102e-08
256 4.417550e-04 2.747223e-08
257 4.417544e-04 2.588123e-08
258 4.417539e-04 2.438238e-08
259 4.417533e-04 2.297033e-08
260 4.417528e-04 2.164005e-08
261 4.417524e-04 2.038681e-08
262 4.417519e-04 1.920616e-08
263 4.417515e-04 1.809387e-08
264 4.417511e-04 1.704601e-08
265 4.417507e-04 1.605882e-08
266 4.417504e-04 1.512881e-08
267 4.417501e-04 1.425266e-08
268 4.417498e-04 1.342725e-08
269 4.417495e-04 1.264964e-08
270 4.417492e-04 1.191706e-08
271 4.417489e-04 1.122691e-08
272 4.417487e-04 1.057673e-08
273 4.417485e-04 9.964201e-09
