err_l2 = 6.170093985665532e-5
steps = 1020
runtime_s = 2.8447442054748535
err_max = 0.0001412122237889335
mg_levels_used = 5
history_file = "history_nx64_ny64_nz64_M2_steps1020.txt"
res_l2 = 9.974243e-9
exact_plot = "exact_nx64_ny64_nz64.png"
error_plot = "error_nx64_ny64_nz64_M2_steps1020.png"

[mg_coarsest_grid]
nz = 4
nx = 4
ny = 4
