# step err_l2 res_l2
0 2.462974e-01 1.000000e+00
1 2.261627e-01 2.586829e-01
2 2.181282e-01 1.337221e-01
3 2.121533e-01 9.606563e-02
4 2.072116e-01 7.645365e-02
5 2.029265e-01 6.413005e-02
6 1.991069e-01 5.556986e-02
7 1.956399e-01 4.923067e-02
8 1.924519e-01 4.432160e-02
9 1.894919e-01 4.039224e-02
10 1.867228e-01 3.716596e-02
11 1.841165e-01 3.446286e-02
12 1.816512e-01 3.216052e-02
13 1.793096e-01 3.017256e-02
14 1.770776e-01 2.843618e-02
15 1.749437e-01 2.690455e-02
16 1.728981e-01 2.554199e-02
17 1.709326e-01 2.432079e-02
18 1.690403e-01 2.321911e-02
19 1.672150e-01 2.221946e-02
20 1.654516e-01 2.130769e-02
21 1.637453e-01 2.047217e-02
22 1.620921e-01 1.970331e-02
23 1.604885e-01 1.899308e-02
24 1.589310e-01 1.833470e-02
25 1.574170e-01 1.772245e-02
26 1.559436e-01 1.715142e-02
27 1.545087e-01 1.661739e-02
28 1.531099e-01 1.611671e-02
29 1.517454e-01 1.564620e-02
30 1.504134e-01 1.520310e-02
31 1.491123e-01 1.478496e-02
32 1.478404e-01 1.438963e-02
33 1.465965e-01 1.401521e-02
34 1.453791e-01 1.366000e-02
35 1.441872e-01 1.332250e-02
36 1.430196e-01 1.300135e-02
37 1.418753e-01 1.269533e-02
38 1.407532e-01 1.240335e-02
39 1.396526e-01 1.212442e-02
40 1.385725e-01 1.185764e-02
41 1.375122e-01 1.160220e-02
42 1.364708e-01 1.135737e-02
43 1.354478e-01 1.112245e-02
44 1.344423e-01 1.089683e-02
45 1.334539e-01 1.067995e-02
46 1.324819e-01 1.047129e-02
47 1.315258e-01 1.027036e-02
48 1.305849e-01 1.007673e-02
49 1.296589e-01 9.889988e-03
50 1.287472e-01 9.709757e-03
51 1.278494e-01 9.535688e-03
52 1.269651e-01 9.367459e-03
53 1.260938e-01 9.204768e-03
54 1.252351e-01 9.047336e-03
55 1.243887e-01 8.894903e-03
56 1.235542e-01 8.747226e-03
57 1.227313e-01 8.604079e-03
58 1.219196e-01 8.465249e-03
59 1.211188e-01 8.330539e-03
60 1.203287e-01 8.199762e-03
61 1.195489e-01 8.072745e-03
62 1.187791e-01 7.949324e-03
63 1.180192e-01 7.829345e-03
64 1.172688e-01 7.712663e-03
65 1.165277e-01 7.599144e-03
66 1.157956e-01 7.488658e-03
67 1.150723e-01 7.381084e-03
68 1.143577e-01 7.276309e-03
69 1.136515e-01 7.174224e-03
70 1.129535e-01 7.074727e-03
71 1.122634e-01 6.977723e-03
72 1.115812e-01 6.883118e-03
73 1.109066e-01 6.790827e-03
74 1.102394e-01 6.700767e-03
75 1.095796e-01 6.612860e-03
76 1.089268e-01 6.527032e-03
77 1.082810e-01 6.443211e-03
78 1.076421e-01 6.361332e-03
79 1.070097e-01 6.281329e-03
80 1.063839e-01 6.203142e-03
81 1.057644e-01 6.126713e-03
82 1.051512e-01 6.051985e-03
83 1.045441e-01 5.978905e-03
84 1.039430e-01 5.907424e-03
85 1.033477e-01 5.837492e-03
86 1.027582e-01 5.769062e-03
87 1.021742e-01 5.702090e-03
88 1.015958e-01 5.636533e-03
89 1.010228e-01 5.572351e-03
90 1.004551e-01 5.509503e-03
91 9.989255e-02 5.447952e-03
92 9.933511e-02 5.387661e-03
93 9.878266e-02 5.328596e-03
94 9.823511e-02 5.270722e-03
95 9.769238e-02 5.214007e-03
96 9.715436e-02 5.158420e-03
97 9.662097e-02 5.103931e-03
98 9.609214e-02 5.050510e-03
99 9.556777e-02 4.998129e-03
100 9.504780e-02 4.946762e-03
101 9.453213e-02 4.896381e-03
102 9.402071e-02 4.846961e-03
103 9.351345e-02 4.798478e-03
104 9.301028e-02 4.750909e-03
105 9.251113e-02 4.704229e-03
106 9.201595e-02 4.658416e-03
107 9.152465e-02 4.613449e-03
108 9.103718e-02 4.569307e-03
109 9.055348e-02 4.525970e-03
110 9.007349e-02 4.483417e-03
111 8.959714e-02 4.441630e-03
112 8.912438e-02 4.400589e-03
113 8.865515e-02 4.360278e-03
114 8.818940e-02 4.320677e-03
115 8.772708e-02 4.281770e-03
116 8.726813e-02 4.243541e-03
117 8.681251e-02 4.205972e-03
118 8.636016e-02 4.169049e-03
119 8.591103e-02 4.132757e-03
120 8.546509e-02 4.097079e-03
121 8.502228e-02 4.062002e-03
122 8.458256e-02 4.027511e-03
123 8.414589e-02 3.993593e-03
124 8.371222e-02 3.960235e-03
125 8.328151e-02 3.927422e-03
126 8.285373e-02 3.895143e-03
127 8.242882e-02 3.863386e-03
128 8.200677e-02 3.832137e-03
129 8.158752e-02 3.801385e-03
130 8.117104e-02 3.771120e-03
131 8.075730e-02 3.741328e-03
132 8.034626e-02 3.712001e-03
133 7.993788e-02 3.683126e-03
134 7.953214e-02 3.654694e-03
135 7.912899e-02 3.626695e-03
136 7.872842e-02 3.599118e-03
137 7.833038e-02 3.571954e-03
138 7.793485e-02 3.545194e-03
139 7.754180e-02 3.518828e-03
140 7.715119e-02 3.492848e-03
141 7.676301e-02 3.467244e-03
142 7.637721e-02 3.442009e-03
143 7.599379e-02 3.417134e-03
144 7.561270e-02 3.392611e-03
145 7.523392e-02 3.368432e-03
146 7.485743e-02 3.344589e-03
147 7.448321e-02 3.321075e-03
148 7.411122e-02 3.297883e-03
149 7.374144e-02 3.275005e-03
150 7.337386e-02 3.252434e-03
151 7.300844e-02 3.230164e-03
152 7.264517e-02 3.208189e-03
153 7.228403e-02 3.186500e-03
154 7.192498e-02 3.165093e-03
155 7.156802e-02 3.143961e-03
156 7.121312e-02 3.123098e-03
157 7.086026e-02 3.102499e-03
158 7.050942e-02 3.082157e-03
159 7.016058e-02 3.062067e-03
160 6.981372e-02 3.042223e-03
161 6.946883e-02 3.022621e-03
162 6.912589e-02 3.003255e-03
163 6.878487e-02 2.984120e-03
164 6.844576e-02 2.965212e-03
165 6.810854e-02 2.946524e-03
166 6.777320e-02 2.928054e-03
167 6.743972e-02 2.909795e-03
168 6.710808e-02 2.891745e-03
169 6.677827e-02 2.873897e-03
170 6.645027e-02 2.856249e-03
171 6.612407e-02 2.838797e-03
172 6.579964e-02 2.821535e-03
173 6.547698e-02 2.804460e-03
174 6.515608e-02 2.787569e-03
175 6.483691e-02 2.770857e-03
176 6.451946e-02 2.754322e-03
177 6.420372e-02 2.737959e-03
178 6.388967e-02 2.721765e-03
179 6.357731e-02 2.705737e-03
180 6.326661e-02 2.689871e-03
181 6.295757e-02 2.674165e-03
182 6.265018e-02 2.658614e-03
183 6.234441e-02 2.643217e-03
184 6.204026e-02 2.627970e-03
185 6.173771e-02 2.612870e-03
186 6.143676e-02 2.597915e-03
187 6.113739e-02 2.583102e-03
188 6.083959e-02 2.568427e-03
189 6.054335e-02 2.553889e-03
190 6.024865e-02 2.539485e-03
191 5.995550e-02 2.525213e-03
192 5.966386e-02 2.511069e-03
193 5.937374e-02 2.497052e-03
194 5.908512e-02 2.483160e-03
195 5.879800e-02 2.469390e-03
196 5.851236e-02 2.455740e-03
197 5.822819e-02 2.442208e-03
198 5.794548e-02 2.428791e-03
199 5.766423e-02 2.415489e-03
200 5.738442e-02 2.402298e-03
201 5.710604e-02 2.389217e-03
202 5.682909e-02 2.376244e-03
203 5.655355e-02 2.363377e-03
204 5.627941e-02 2.350615e-03
205 5.600667e-02 2.337956e-03
206 5.573532e-02 2.325397e-03
207 5.546534e-02 2.312938e-03
208 5.519673e-02 2.300577e-03
209 5.492949e-02 2.288312e-03
210 5.466359e-02 2.276142e-03
211 5.439904e-02 2.264064e-03
212 5.413582e-02 2.252079e-03
213 5.387393e-02 2.240184e-03
214 5.361335e-02 2.228377e-03
215 5.335409e-02 2.216659e-03
216 5.309613e-02 2.205026e-03
217 5.283946e-02 2.193479e-03
218 5.258407e-02 2.182015e-03
219 5.232997e-02 2.170633e-03
220 5.207714e-02 2.159333e-03
221 5.182557e-02 2.148113e-03
222 5.157525e-02 2.136972e-03
223 5.132618e-02 2.125909e-03
224 5.107836e-02 2.114923e-03
225 5.083177e-02 2.104012e-03
226 5.058640e-02 2.093176e-03
227 5.034225e-02 2.082413e-03
228 5.009932e-02 2.071724e-03
229 4.985759e-02 2.061106e-03
230 4.961705e-02 2.050558e-03
231 4.937771e-02 2.040081e-03
232 4.913956e-02 2.029673e-03
233 4.890258e-02 2.019332e-03
234 4.866677e-02 2.009059e-03
235 4.843213e-02 1.998852e-03
236 4.819864e-02 1.988711e-03
237 4.796631e-02 1.978635e-03
238 4.773512e-02 1.968622e-03
239 4.750507e-02 1.958673e-03
240 4.727615e-02 1.948786e-03
241 4.704836e-02 1.938961e-03
242 4.682169e-02 1.929197e-03
243 4.659613e-02 1.919493e-03
244 4.637168e-02 1.909848e-03
245 4.614833e-02 1.900263e-03
246 4.592608e-02 1.890736e-03
247 4.570491e-02 1.881267e-03
248 4.548483e-02 1.871854e-03
249 4.526583e-02 1.862499e-03
250 4.504790e-02 1.853198e-03
251 4.483104e-02 1.843954e-03
252 4.461524e-02 1.834763e-03
253 4.440049e-02 1.825627e-03
254 4.418679e-02 1.816544e-03
255 4.397414e-02 1.807515e-03
256 4.376252e-02 1.798537e-03
257 4.355194e-02 1.789612e-03
258 4.334238e-02 1.780738e-03
259 4.313385e-02 1.771915e-03
260 4.292633e-02 1.763143e-03
261 4.271982e-02 1.754420e-03
262 4.251432e-02 1.745747e-03
263 4.230982e-02 1.737122e-03
264 4.210632e-02 1.728547e-03
265 4.190381e-02 1.720019e-03
266 4.170228e-02 1.711540e-03
267 4.150173e-02 1.703107e-03
268 4.130216e-02 1.694721e-03
269 4.110355e-02 1.686382e-03
270 4.090591e-02 1.678088e-03
271 4.070924e-02 1.669841e-03
272 4.051351e-02 1.661638e-03
273 4.031874e-02 1.653480e-03
274 4.012491e-02 1.645367e-03
275 3.993202e-02 1.637298e-03
276 3.974007e-02 1.629273e-03
277 3.954905e-02 1.621291e-03
278 3.935896e-02 1.613351e-03
279 3.916978e-02 1.605455e-03
280 3.898153e-02 1.597601e-03
281 3.879418e-02 1.589789e-03
282 3.860775e-02 1.582019e-03
283 3.842221e-02 1.574290e-03
284 3.823758e-02 1.566601e-03
285 3.805384e-02 1.558954e-03
286 3.787099e-02 1.551347e-03
287 3.768902e-02 1.543780e-03
288 3.750793e-02 1.536253e-03
289 3.732772e-02 1.528766e-03
290 3.714838e-02 1.521318e-03
291 3.696991e-02 1.513908e-03
292 3.679230e-02 1.506537e-03
293 3.661555e-02 1.499205e-03
294 3.643966e-02 1.491911e-03
295 3.626461e-02 1.484654e-03
296 3.609041e-02 1.477436e-03
297 3.591705e-02 1.470254e-03
298 3.574453e-02 1.463109e-03
299 3.557284e-02 1.456002e-03
300 3.540199e-02 1.448931e-03
301 3.523195e-02 1.441896e-03
302 3.506274e-02 1.434897e-03
303 3.489434e-02 1.427934e-03
304 3.472676e-02 1.421006e-03
305 3.455999e-02 1.414114e-03
306 3.439402e-02 1.407257e-03
307 3.422885e-02 1.400435e-03
308 3.406448e-02 1.393648e-03
309 3.390090e-02 1.386895e-03
310 3.373811e-02 1.380176e-03
311 3.357611e-02 1.373491e-03
312 3.341488e-02 1.366840e-03
313 3.325444e-02 1.360223e-03
314 3.309476e-02 1.353638e-03
315 3.293586e-02 1.347087e-03
316 3.277772e-02 1.340569e-03
317 3.262035e-02 1.334084e-03
318 3.246373e-02 1.327631e-03
319 3.230787e-02 1.321211e-03
320 3.215276e-02 1.314823e-03
321 3.199840e-02 1.308466e-03
322 3.184478e-02 1.302142e-03
323 3.169190e-02 1.295849e-03
324 3.153976e-02 1.289587e-03
325 3.138835e-02 1.283357e-03
326 3.123767e-02 1.277158e-03
327 3.108772e-02 1.270989e-03
328 3.093848e-02 1.264851e-03
329 3.078997e-02 1.258744e-03
330 3.064217e-02 1.252667e-03
331 3.049509e-02 1.246620e-03
332 3.034871e-02 1.240603e-03
333 3.020303e-02 1.234615e-03
334 3.005806e-02 1.228658e-03
335 2.991379e-02 1.222730e-03
336 2.977021e-02 1.216831e-03
337 2.962732e-02 1.210961e-03
338 2.948512e-02 1.205120e-03
339 2.934360e-02 1.199308e-03
340 2.920276e-02 1.193525e-03
341 2.906261e-02 1.187770e-03
342 2.892312e-02 1.182043e-03
343 2.878431e-02 1.176345e-03
344 2.864616e-02 1.170674e-03
345 2.850869e-02 1.165032e-03
346 2.837187e-02 1.159417e-03
347 2.823571e-02 1.153830e-03
348 2.810020e-02 1.148270e-03
349 2.796535e-02 1.142737e-03
350 2.783114e-02 1.137231e-03
351 2.769759e-02 1.131753e-03
352 2.756467e-02 1.126301e-03
353 2.743239e-02 1.120876e-03
354 2.730075e-02 1.115477e-03
355 2.716974e-02 1.110105e-03
356 2.703937e-02 1.104759e-03
357 2.690962e-02 1.099439e-03
358 2.678049e-02 1.094145e-03
359 2.665198e-02 1.088877e-03
360 2.652410e-02 1.083634e-03
361 2.639682e-02 1.078417e-03
362 2.627016e-02 1.073226e-03
363 2.614411e-02 1.068060e-03
364 2.601867e-02 1.062919e-03
365 2.589382e-02 1.057803e-03
366 2.576958e-02 1.052712e-03
367 2.564594e-02 1.047645e-03
368 2.552289e-02 1.042604e-03
369 2.540043e-02 1.037587e-03
370 2.527856e-02 1.032594e-03
371 2.515728e-02 1.027625e-03
372 2.503657e-02 1.022681e-03
373 2.491645e-02 1.017760e-03
374 2.479691e-02 1.012864e-03
375 2.467794e-02 1.007991e-03
376 2.455955e-02 1.003142e-03
377 2.444172e-02 9.983166e-04
378 2.432446e-02 9.935144e-04
379 2.420776e-02 9.887356e-04
380 2.409162e-02 9.839799e-04
381 2.397605e-02 9.792472e-04
382 2.386102e-02 9.745375e-04
383 2.374655e-02 9.698506e-04
384 2.363263e-02 9.651863e-04
385 2.351926e-02 9.605447e-04
386 2.340643e-02 9.559255e-04
387 2.329415e-02 9.513287e-04
388 2.318240e-02 9.467542e-04
389 2.307119e-02 9.422018e-04
390 2.296052e-02 9.376714e-04
391 2.285038e-02 9.331629e-04
392 2.274077e-02 9.286762e-04
393 2.263168e-02 9.242112e-04
394 2.252312e-02 9.197678e-04
395 2.241508e-02 9.153458e-04
396 2.230756e-02 9.109452e-04
397 2.220055e-02 9.065659e-04
398 2.209406e-02 9.022078e-04
399 2.198809e-02 8.978707e-04
400 2.188262e-02 8.935545e-04
401 2.177765e-02 8.892592e-04
402 2.167320e-02 8.849847e-04
403 2.156924e-02 8.807307e-04
404 2.146578e-02 8.764973e-04
405 2.136282e-02 8.722844e-04
406 2.126036e-02 8.680917e-04
407 2.115839e-02 8.639193e-04
408 2.105691e-02 8.597670e-04
409 2.095591e-02 8.556348e-04
410 2.085540e-02 8.515225e-04
411 2.075538e-02 8.474300e-04
412 2.065583e-02 8.433572e-04
413 2.055676e-02 8.393041e-04
414 2.045817e-02 8.352706e-04
415 2.036005e-02 8.312565e-04
416 2.026241e-02 8.272617e-04
417 2.016523e-02 8.232862e-04
418 2.006852e-02 8.193298e-04
419 1.997227e-02 8.153926e-04
420 1.987649e-02 8.114743e-04
421 1.978117e-02 8.075748e-04
422 1.968630e-02 8.036942e-04
423 1.959189e-02 7.998323e-04
424 1.949794e-02 7.959889e-04
425 1.940443e-02 7.921641e-04
426 1.931138e-02 7.883577e-04
427 1.921877e-02 7.845696e-04
428 1.912661e-02 7.807998e-04
429 1.903489e-02 7.770481e-04
430 1.894361e-02 7.733145e-04
431 1.885276e-02 7.695989e-04
432 1.876236e-02 7.659011e-04
433 1.867239e-02 7.622212e-04
434 1.858285e-02 7.585590e-04
435 1.849374e-02 7.549144e-04
436 1.840506e-02 7.512874e-04
437 1.831681e-02 7.476778e-04
438 1.822898e-02 7.440855e-04
439 1.814157e-02 7.405106e-04
440 1.805458e-02 7.369529e-04
441 1.796801e-02 7.334123e-04
442 1.788186e-02 7.298887e-04
443 1.779612e-02 7.263821e-04
444 1.771079e-02 7.228924e-04
445 1.762587e-02 7.194194e-04
446 1.754136e-02 7.159632e-04
447 1.745726e-02 7.125236e-04
448 1.737355e-02 7.091005e-04
449 1.729026e-02 7.056939e-04
450 1.720736e-02 7.023037e-04
451 1.712486e-02 6.989298e-04
452 1.704275e-02 6.955721e-04
453 1.696104e-02 6.922306e-04
454 1.687973e-02 6.889052e-04
455 1.679880e-02 6.855957e-04
456 1.671826e-02 6.823022e-04
457 1.663811e-02 6.790245e-04
458 1.655835e-02 6.757625e-04
459 1.647896e-02 6.725163e-04
460 1.639996e-02 6.692856e-04
461 1.632134e-02 6.660705e-04
462 1.624310e-02 6.628709e-04
463 1.616523e-02 6.596866e-04
464 1.608773e-02 6.565176e-04
465 1.601061e-02 6.533639e-04
466 1.593386e-02 6.502254e-04
467 1.585748e-02 6.471019e-04
468 1.578146e-02 6.439934e-04
469 1.570581e-02 6.408999e-04
470 1.563052e-02 6.378213e-04
471 1.555560e-02 6.347575e-04
472 1.548103e-02 6.317084e-04
473 1.540682e-02 6.286739e-04
474 1.533297e-02 6.256540e-04
475 1.525948e-02 6.226487e-04
476 1.518633e-02 6.196578e-04
477 1.511354e-02 6.166813e-04
478 1.504110e-02 6.137191e-04
479 1.496901e-02 6.107711e-04
480 1.489726e-02 6.078373e-04
481 1.482585e-02 6.049176e-04
482 1.475479e-02 6.020119e-04
483 1.468408e-02 5.991202e-04
484 1.461370e-02 5.962423e-04
485 1.454365e-02 5.933784e-04
486 1.447395e-02 5.905281e-04
487 1.440458e-02 5.876916e-04
488 1.433554e-02 5.848687e-04
489 1.426684e-02 5.820594e-04
490 1.419846e-02 5.792636e-04
491 1.413042e-02 5.764812e-04
492 1.406270e-02 5.737122e-04
493 1.399530e-02 5.709565e-04
494 1.392823e-02 5.682140e-04
495 1.386148e-02 5.654847e-04
496 1.379505e-02 5.627685e-04
497 1.372895e-02 5.600654e-04
498 1.366315e-02 5.573753e-04
499 1.359768e-02 5.546981e-04
500 1.353252e-02 5.520337e-04
501 1.346767e-02 5.493822e-04
502 1.340313e-02 5.467434e-04
503 1.333891e-02 5.441172e-04
504 1.327499e-02 5.415037e-04
505 1.321138e-02 5.389028e-04
506 1.314807e-02 5.363143e-04
507 1.308507e-02 5.337383e-04
508 1.302238e-02 5.311747e-04
509 1.295998e-02 5.286233e-04
510 1.289788e-02 5.260843e-04
511 1.283608e-02 5.235574e-04
512 1.277458e-02 5.210427e-04
513 1.271337e-02 5.185400e-04
514 1.265246e-02 5.160494e-04
515 1.259184e-02 5.135708e-04
516 1.253151e-02 5.111040e-04
517 1.247147e-02 5.086491e-04
518 1.241172e-02 5.062060e-04
519 1.235225e-02 5.037747e-04
520 1.229308e-02 5.013550e-04
521 1.223418e-02 4.989469e-04
522 1.217557e-02 4.965504e-04
523 1.211724e-02 4.941655e-04
524 1.205919e-02 4.917919e-04
525 1.200142e-02 4.894298e-04
526 1.194393e-02 4.870790e-04
527 1.188671e-02 4.847396e-04
528 1.182977e-02 4.824113e-04
529 1.177310e-02 4.800943e-04
530 1.171670e-02 4.777884e-04
531 1.166058e-02 4.754935e-04
532 1.160472e-02 4.732097e-04
533 1.154913e-02 4.709368e-04
534 1.149381e-02 4.686749e-04
535 1.143876e-02 4.664238e-04
536 1.138397e-02 4.641836e-04
537 1.132944e-02 4.619541e-04
538 1.127518e-02 4.597353e-04
539 1.122117e-02 4.575272e-04
540 1.116743e-02 4.553297e-04
541 1.111394e-02 4.531427e-04
542 1.106071e-02 4.509663e-04
543 1.100773e-02 4.488003e-04
544 1.095501e-02 4.466447e-04
545 1.090255e-02 4.444994e-04
546 1.085033e-02 4.423645e-04
547 1.079837e-02 4.402398e-04
548 1.074665e-02 4.381253e-04
549 1.069519e-02 4.360210e-04
550 1.064397e-02 4.339268e-04
551 1.059300e-02 4.318427e-04
552 1.054227e-02 4.297685e-04
553 1.049179e-02 4.277043e-04
554 1.044154e-02 4.256501e-04
555 1.039154e-02 4.236057e-04
556 1.034178e-02 4.215711e-04
557 1.029226e-02 4.195463e-04
558 1.024298e-02 4.175312e-04
559 1.019393e-02 4.155258e-04
560 1.014512e-02 4.135301e-04
561 1.009654e-02 4.115439e-04
562 1.004820e-02 4.095673e-04
563 1.000009e-02 4.076001e-04
564 9.952211e-03 4.056424e-04
565 9.904562e-03 4.036941e-04
566 9.857141e-03 4.017552e-04
567 9.809948e-03 3.998256e-04
568 9.762981e-03 3.979052e-04
569 9.716240e-03 3.959941e-04
570 9.669724e-03 3.940922e-04
571 9.623431e-03 3.921994e-04
572 9.577361e-03 3.903156e-04
573 9.531512e-03 3.884410e-04
574 9.485883e-03 3.865753e-04
575 9.440473e-03 3.847186e-04
576 9.395282e-03 3.828708e-04
577 9.350307e-03 3.810319e-04
578 9.305549e-03 3.792018e-04
579 9.261005e-03 3.773805e-04
580 9.216676e-03 3.755680e-04
581 9.172559e-03 3.737642e-04
582 9.128654e-03 3.719690e-04
583 9.084961e-03 3.701824e-04
584 9.041477e-03 3.684045e-04
585 8.998202e-03 3.666350e-04
586 8.955135e-03 3.648741e-04
587 8.912275e-03 3.631216e-04
588 8.869620e-03 3.613776e-04
589 8.827171e-03 3.596419e-04
590 8.784926e-03 3.579146e-04
591 8.742883e-03 3.561955e-04
592 8.701042e-03 3.544847e-04
593 8.659403e-03 3.527822e-04
594 8.617963e-03 3.510878e-04
595 8.576723e-03 3.494015e-04
596 8.535680e-03 3.477234e-04
597 8.494835e-03 3.460533e-04
598 8.454186e-03 3.443912e-04
599 8.413732e-03 3.427371e-04
600 8.373473e-03 3.410910e-04
601 8.333407e-03 3.394527e-04
602 8.293533e-03 3.378224e-04
603 8.253851e-03 3.361998e-04
604 8.214360e-03 3.345851e-04
605 8.175058e-03 3.329781e-04
606 8.135945e-03 3.313788e-04
607 8.097020e-03 3.297872e-04
608 8.058282e-03 3.282033e-04
609 8.019730e-03 3.266269e-04
610 7.981363e-03 3.250582e-04
611 7.943181e-03 3.234970e-04
612 7.905182e-03 3.219432e-04
613 7.867365e-03 3.203969e-04
614 7.829731e-03 3.188581e-04
615 7.792277e-03 3.173267e-04
616 7.755003e-03 3.158026e-04
617 7.717908e-03 3.142858e-04
618 7.680991e-03 3.127763e-04
619 7.644251e-03 3.112740e-04
620 7.607688e-03 3.097790e-04
621 7.571301e-03 3.082912e-04
622 7.535088e-03 3.068105e-04
623 7.499050e-03 3.053369e-04
624 7.463184e-03 3.038704e-04
625 7.427491e-03 3.024109e-04
626 7.391969e-03 3.009585e-04
627 7.356618e-03 2.995130e-04
628 7.321437e-03 2.980744e-04
629 7.286425e-03 2.966428e-04
630 7.251581e-03 2.952181e-04
631 7.216904e-03 2.938001e-04
632 7.182394e-03 2.923890e-04
633 7.148050e-03 2.909847e-04
634 7.113871e-03 2.895871e-04
635 7.079856e-03 2.881963e-04
636 7.046004e-03 2.868121e-04
637 7.012315e-03 2.854346e-04
638 6.978788e-03 2.840636e-04
639 6.945422e-03 2.826993e-04
640 6.912216e-03 2.813415e-04
641 6.879170e-03 2.799903e-04
642 6.846282e-03 2.786455e-04
643 6.813553e-03 2.773072e-04
644 6.780980e-03 2.759753e-04
645 6.748565e-03 2.746498e-04
646 6.716304e-03 2.733307e-04
647 6.684199e-03 2.720179e-04
648 6.652249e-03 2.707114e-04
649 6.620451e-03 2.694112e-04
650 6.588807e-03 2.681173e-04
651 6.557314e-03 2.668295e-04
652 6.525973e-03 2.655480e-04
653 6.494782e-03 2.642726e-04
654 6.463741e-03 2.630033e-04
655 6.432849e-03 2.617401e-04
656 6.402106e-03 2.604830e-04
657 6.371510e-03 2.592319e-04
658 6.341062e-03 2.579868e-04
659 6.310759e-03 2.567477e-04
660 6.280603e-03 2.555146e-04
661 6.250591e-03 2.542874e-04
662 6.220723e-03 2.530661e-04
663 6.190999e-03 2.518506e-04
664 6.161417e-03 2.506410e-04
665 6.131978e-03 2.494372e-04
666 6.102680e-03 2.482392e-04
667 6.073523e-03 2.470469e-04
668 6.044506e-03 2.458603e-04
669 6.015629e-03 2.446795e-04
670 5.986890e-03 2.435043e-04
671 5.958289e-03 2.423348e-04
672 5.929826e-03 2.411709e-04
673 5.901499e-03 2.400126e-04
674 5.873309e-03 2.388598e-04
675 5.845254e-03 2.377126e-04
676 5.817333e-03 2.365709e-04
677 5.789547e-03 2.354346e-04
678 5.761895e-03 2.343039e-04
679 5.734375e-03 2.331785e-04
680 5.706987e-03 2.320586e-04
681 5.679731e-03 2.309440e-04
682 5.652606e-03 2.298348e-04
683 5.625612e-03 2.287309e-04
684 5.598747e-03 2.276324e-04
685 5.572011e-03 2.265391e-04
686 5.545403e-03 2.254510e-04
687 5.518924e-03 2.243682e-04
688 5.492571e-03 2.232906e-04
689 5.466345e-03 2.222181e-04
690 5.440246e-03 2.211508e-04
691 5.414271e-03 2.200887e-04
692 5.388422e-03 2.190316e-04
693 5.362697e-03 2.179796e-04
694 5.337095e-03 2.169327e-04
695 5.311616e-03 2.158908e-04
696 5.286260e-03 2.148539e-04
697 5.261025e-03 2.138219e-04
698 5.235912e-03 2.127950e-04
699 5.210919e-03 2.117729e-04
700 5.186047e-03 2.107558e-04
701 5.161294e-03 2.097436e-04
702 5.136660e-03 2.087362e-04
703 5.112144e-03 2.077336e-04
704 5.087747e-03 2.067359e-04
705 5.063466e-03 2.057430e-04
706 5.039302e-03 2.047548e-04
707 5.015254e-03 2.037714e-04
708 4.991322e-03 2.027927e-04
709 4.967505e-03 2.018187e-04
710 4.943802e-03 2.008494e-04
711 4.920213e-03 1.998847e-04
712 4.896737e-03 1.989247e-04
713 4.873374e-03 1.979693e-04
714 4.850124e-03 1.970185e-04
715 4.826985e-03 1.960722e-04
716 4.803957e-03 1.951305e-04
717 4.781040e-03 1.941933e-04
718 4.758234e-03 1.932606e-04
719 4.735536e-03 1.923324e-04
720 4.712948e-03 1.914086e-04
721 4.690469e-03 1.904893e-04
722 4.668097e-03 1.895744e-04
723 4.645833e-03 1.886639e-04
724 4.623676e-03 1.877578e-04
725 4.601625e-03 1.868560e-04
726 4.579680e-03 1.859585e-04
727 4.557841e-03 1.850654e-04
728 4.536107e-03 1.841765e-04
729 4.514477e-03 1.832919e-04
730 4.492951e-03 1.824116e-04
731 4.471529e-03 1.815355e-04
732 4.450209e-03 1.806636e-04
733 4.428992e-03 1.797959e-04
734 4.407877e-03 1.789323e-04
735 4.386864e-03 1.780729e-04
736 4.365951e-03 1.772177e-04
737 4.345139e-03 1.763665e-04
738 4.324427e-03 1.755194e-04
739 4.303814e-03 1.746764e-04
740 4.283301e-03 1.738375e-04
741 4.262886e-03 1.730026e-04
742 4.242569e-03 1.721716e-04
743 4.222350e-03 1.713447e-04
744 4.202228e-03 1.705218e-04
745 4.182203e-03 1.697028e-04
746 4.162274e-03 1.688877e-04
747 4.142441e-03 1.680765e-04
748 4.122703e-03 1.672693e-04
749 4.103060e-03 1.664659e-04
750 4.083511e-03 1.656664e-04
751 4.064056e-03 1.648707e-04
752 4.044695e-03 1.640788e-04
753 4.025427e-03 1.632908e-04
754 4.006251e-03 1.625065e-04
755 3.987168e-03 1.617260e-04
756 3.968176e-03 1.609493e-04
757 3.949276e-03 1.601762e-04
758 3.930466e-03 1.594069e-04
759 3.911747e-03 1.586413e-04
760 3.893118e-03 1.578794e-04
761 3.874579e-03 1.571211e-04
762 3.856128e-03 1.563664e-04
763 3.837766e-03 1.556154e-04
764 3.819493e-03 1.548680e-04
765 3.801307e-03 1.541242e-04
766 3.783209e-03 1.533840e-04
767 3.765197e-03 1.526473e-04
768 3.747273e-03 1.519141e-04
769 3.729434e-03 1.511845e-04
770 3.711681e-03 1.504584e-04
771 3.694014e-03 1.497357e-04
772 3.676431e-03 1.490166e-04
773 3.658933e-03 1.483008e-04
774 3.641519e-03 1.475886e-04
775 3.624189e-03 1.468797e-04
776 3.606942e-03 1.461743e-04
777 3.589778e-03 1.454722e-04
778 3.572697e-03 1.447735e-04
779 3.555697e-03 1.440782e-04
780 3.538780e-03 1.433862e-04
781 3.521943e-03 1.426975e-04
782 3.505188e-03 1.420122e-04
783 3.488513e-03 1.413301e-04
784 3.471918e-03 1.406513e-04
785 3.455403e-03 1.399757e-04
786 3.438968e-03 1.393035e-04
787 3.422611e-03 1.386344e-04
788 3.406334e-03 1.379685e-04
789 3.390134e-03 1.373059e-04
790 3.374012e-03 1.366464e-04
791 3.357968e-03 1.359901e-04
792 3.342001e-03 1.353370e-04
793 3.326111e-03 1.346870e-04
794 3.310297e-03 1.340401e-04
795 3.294559e-03 1.333963e-04
796 3.278897e-03 1.327556e-04
797 3.263310e-03 1.321180e-04
798 3.247798e-03 1.314834e-04
799 3.232360e-03 1.308519e-04
800 3.216997e-03 1.302235e-04
801 3.201708e-03 1.295980e-04
802 3.186492e-03 1.289756e-04
803 3.171350e-03 1.283561e-04
804 3.156280e-03 1.277396e-04
805 3.141282e-03 1.271261e-04
806 3.126357e-03 1.265155e-04
807 3.111504e-03 1.259079e-04
808 3.096722e-03 1.253032e-04
809 3.082011e-03 1.247013e-04
810 3.067371e-03 1.241024e-04
811 3.052801e-03 1.235064e-04
812 3.038301e-03 1.229132e-04
813 3.023871e-03 1.223228e-04
814 3.009510e-03 1.217353e-04
815 2.995219e-03 1.211506e-04
816 2.980996e-03 1.205688e-04
817 2.966841e-03 1.199897e-04
818 2.952755e-03 1.194134e-04
819 2.938736e-03 1.188399e-04
820 2.924785e-03 1.182691e-04
821 2.910901e-03 1.177010e-04
822 2.897084e-03 1.171357e-04
823 2.883333e-03 1.165731e-04
824 2.869648e-03 1.160133e-04
825 2.856029e-03 1.154560e-04
826 2.842476e-03 1.149015e-04
827 2.828987e-03 1.143497e-04
828 2.815564e-03 1.138005e-04
829 2.802205e-03 1.132539e-04
830 2.788911e-03 1.127099e-04
831 2.775680e-03 1.121686e-04
832 2.762513e-03 1.116299e-04
833 2.749409e-03 1.110937e-04
834 2.736369e-03 1.105601e-04
835 2.723391e-03 1.100291e-04
836 2.710475e-03 1.095007e-04
837 2.697622e-03 1.089747e-04
838 2.684830e-03 1.084513e-04
839 2.672100e-03 1.079305e-04
840 2.659432e-03 1.074121e-04
841 2.646824e-03 1.068962e-04
842 2.634277e-03 1.063828e-04
843 2.621790e-03 1.058718e-04
844 2.609363e-03 1.053633e-04
845 2.596996e-03 1.048573e-04
846 2.584689e-03 1.043537e-04
847 2.572441e-03 1.038525e-04
848 2.560251e-03 1.033537e-04
849 2.548121e-03 1.028573e-04
850 2.536049e-03 1.023633e-04
851 2.524034e-03 1.018716e-04
852 2.512078e-03 1.013823e-04
853 2.500179e-03 1.008954e-04
854 2.488337e-03 1.004108e-04
855 2.476553e-03 9.992856e-05
856 2.464825e-03 9.944861e-05
857 2.453153e-03 9.897097e-05
858 2.441538e-03 9.849562e-05
859 2.429979e-03 9.802255e-05
860 2.418475e-03 9.755176e-05
861 2.407026e-03 9.708323e-05
862 2.395633e-03 9.661694e-05
863 2.384294e-03 9.615290e-05
864 2.373010e-03 9.569109e-05
865 2.361781e-03 9.523149e-05
866 2.350605e-03 9.477410e-05
867 2.339483e-03 9.431891e-05
868 2.328415e-03 9.386591e-05
869 2.317400e-03 9.341508e-05
870 2.306438e-03 9.296641e-05
871 2.295529e-03 9.251990e-05
872 2.284672e-03 9.207554e-05
873 2.273867e-03 9.163331e-05
874 2.263115e-03 9.119320e-05
875 2.252414e-03 9.075521e-05
876 2.241765e-03 9.031932e-05
877 2.231167e-03 8.988552e-05
878 2.220620e-03 8.945381e-05
879 2.210124e-03 8.902417e-05
880 2.199678e-03 8.859660e-05
881 2.189283e-03 8.817108e-05
882 2.178938e-03 8.774760e-05
883 2.168642e-03 8.732615e-05
884 2.158396e-03 8.690673e-05
885 2.148199e-03 8.648933e-05
886 2.138052e-03 8.607393e-05
887 2.127953e-03 8.566052e-05
888 2.117903e-03 8.524910e-05
889 2.107902e-03 8.483966e-05
890 2.097948e-03 8.443218e-05
891 2.088043e-03 8.402666e-05
892 2.078185e-03 8.362309e-05
893 2.068374e-03 8.322146e-05
894 2.058611e-03 8.282175e-05
895 2.048895e-03 8.242397e-05
896 2.039226e-03 8.202809e-05
897 2.029603e-03 8.163412e-05
898 2.020026e-03 8.124204e-05
899 2.010496e-03 8.085184e-05
900 2.001012e-03 8.046351e-05
901 1.991573e-03 8.007705e-05
902 1.982180e-03 7.969245e-05
903 1.972832e-03 7.930970e-05
904 1.963529e-03 7.892878e-05
905 1.954270e-03 7.854969e-05
906 1.945057e-03 7.817242e-05
907 1.935888e-03 7.779697e-05
908 1.926763e-03 7.742332e-05
909 1.917682e-03 7.705146e-05
910 1.908644e-03 7.668139e-05
911 1.899650e-03 7.631309e-05
912 1.890700e-03 7.594657e-05
913 1.881793e-03 7.558180e-05
914 1.872928e-03 7.521879e-05
915 1.864107e-03 7.485752e-05
916 1.855327e-03 7.449799e-05
917 1.846590e-03 7.414018e-05
918 1.837896e-03 7.378409e-05
919 1.829243e-03 7.342971e-05
920 1.820632e-03 7.307704e-05
921 1.812062e-03 7.272606e-05
922 1.803533e-03 7.237676e-05
923 1.795046e-03 7.202914e-05
924 1.786600e-03 7.168319e-05
925 1.778194e-03 7.133890e-05
926 1.769829e-03 7.099627e-05
927 1.761504e-03 7.065528e-05
928 1.753219e-03 7.031593e-05
929 1.744975e-03 6.997821e-05
930 1.736770e-03 6.964211e-05
931 1.728604e-03 6.930762e-05
932 1.720478e-03 6.897475e-05
933 1.712391e-03 6.864347e-05
934 1.704343e-03 6.831378e-05
935 1.696334e-03 6.798567e-05
936 1.688363e-03 6.765914e-05
937 1.680431e-03 6.733418e-05
938 1.672538e-03 6.701078e-05
939 1.664682e-03 6.668894e-05
940 1.656864e-03 6.636864e-05
941 1.649084e-03 6.604987e-05
942 1.641341e-03 6.573264e-05
943 1.633636e-03 6.541693e-05
944 1.625967e-03 6.510274e-05
945 1.618336e-03 6.479006e-05
946 1.610742e-03 6.447888e-05
947 1.603184e-03 6.416919e-05
948 1.595663e-03 6.386099e-05
949 1.588178e-03 6.355427e-05
950 1.580729e-03 6.324903e-05
951 1.573316e-03 6.294525e-05
952 1.565939e-03 6.264293e-05
953 1.558597e-03 6.234206e-05
954 1.551291e-03 6.204264e-05
955 1.544020e-03 6.174465e-05
956 1.536784e-03 6.144810e-05
957 1.529583e-03 6.115297e-05
958 1.522417e-03 6.085926e-05
959 1.515286e-03 6.056695e-05
960 1.508189e-03 6.027606e-05
961 1.501126e-03 5.998656e-05
962 1.494097e-03 5.969845e-05
963 1.487102e-03 5.941172e-05
964 1.480141e-03 5.912637e-05
965 1.473213e-03 5.884239e-05
966 1.466319e-03 5.855978e-05
967 1.459458e-03 5.827852e-05
968 1.452631e-03 5.799861e-05
969 1.445836e-03 5.772005e-05
970 1.439074e-03 5.744283e-05
971 1.432345e-03 5.716693e-05
972 1.425648e-03 5.689237e-05
973 1.418984e-03 5.661912e-05
974 1.412352e-03 5.634718e-05
975 1.405751e-03 5.607655e-05
976 1.399183e-03 5.580722e-05
977 1.392647e-03 5.553918e-05
978 1.386142e-03 5.527243e-05
979 1.379668e-03 5.500696e-05
980 1.373226e-03 5.474277e-05
981 1.366814e-03 5.447985e-05
982 1.360434e-03 5.421818e-05
983 1.354085e-03 5.395778e-05
984 1.347766e-03 5.369863e-05
985 1.341478e-03 5.344072e-05
986 1.335220e-03 5.318404e-05
987 1.328993e-03 5.292861e-05
988 1.322795e-03 5.267440e-05
989 1.316628e-03 5.242140e-05
990 1.310490e-03 5.216963e-05
991 1.304382e-03 5.191906e-05
992 1.298304e-03 5.166970e-05
993 1.292255e-03 5.142154e-05
994 1.286235e-03 5.117456e-05
995 1.280244e-03 5.092878e-05
996 1.274282e-03 5.068417e-05
997 1.268350e-03 5.044074e-05
998 1.262445e-03 5.019848e-05
999 1.256570e-03 4.995738e-05
1000 1.250722e-03 4.971744e-05
1001 1.244903e-03 4.947865e-05
1002 1.239113e-03 4.924101e-05
1003 1.233350e-03 4.900451e-05
1004 1.227615e-03 4.876914e-05
1005 1.221908e-03 4.853491e-05
1006 1.216228e-03 4.830180e-05
1007 1.210576e-03 4.806981e-05
1008 1.204951e-03 4.783894e-05
1009 1.199354e-03 4.760917e-05
1010 1.193783e-03 4.738051e-05
1011 1.188240e-03 4.715294e-05
1012 1.182723e-03 4.692647e-05
1013 1.177233e-03 4.670109e-05
1014 1.171770e-03 4.647679e-05
1015 1.166333e-03 4.625356e-05
1016 1.160923e-03 4.603141e-05
1017 1.155538e-03 4.581033e-05
1018 1.150180e-03 4.559030e-05
1019 1.144848e-03 4.537134e-05
1020 1.139541e-03 4.515342e-05
1021 1.134261e-03 4.493655e-05
1022 1.129005e-03 4.472073e-05
1023 1.123776e-03 4.450594e-05
1024 1.118571e-03 4.429218e-05
1025 1.113392e-03 4.407945e-05
1026 1.108238e-03 4.386774e-05
1027 1.103109e-03 4.365705e-05
1028 1.098005e-03 4.344737e-05
1029 1.092925e-03 4.323869e-05
1030 1.087870e-03 4.303102e-05
1031 1.082840e-03 4.282435e-05
1032 1.077834e-03 4.261867e-05
1033 1.072852e-03 4.241397e-05
1034 1.067895e-03 4.221026e-05
1035 1.062961e-03 4.200753e-05
1036 1.058051e-03 4.180577e-05
1037 1.053166e-03 4.160498e-05
1038 1.048304e-03 4.140516e-05
1039 1.043465e-03 4.120629e-05
1040 1.038650e-03 4.100838e-05
1041 1.033858e-03 4.081142e-05
1042 1.029090e-03 4.061541e-05
1043 1.024345e-03 4.042034e-05
1044 1.019623e-03 4.022620e-05
1045 1.014923e-03 4.003300e-05
1046 1.010247e-03 3.984072e-05
1047 1.005593e-03 3.964937e-05
1048 1.000962e-03 3.945894e-05
1049 9.963532e-04 3.926942e-05
1050 9.917669e-04 3.908081e-05
1051 9.872028e-04 3.889311e-05
1052 9.826610e-04 3.870631e-05
1053 9.781412e-04 3.852041e-05
1054 9.736433e-04 3.833540e-05
1055 9.691673e-04 3.815128e-05
1056 9.647131e-04 3.796804e-05
1057 9.602805e-04 3.778568e-05
1058 9.558695e-04 3.760420e-05
1059 9.514798e-04 3.742359e-05
1060 9.471116e-04 3.724385e-05
1061 9.427646e-04 3.706497e-05
1062 9.384387e-04 3.688695e-05
1063 9.341338e-04 3.670979e-05
1064 9.298499e-04 3.653347e-05
1065 9.255868e-04 3.635801e-05
1066 9.213445e-04 3.618338e-05
1067 9.171228e-04 3.600960e-05
1068 9.129217e-04 3.583665e-05
1069 9.087410e-04 3.566453e-05
1070 9.045806e-04 3.549323e-05
1071 9.004405e-04 3.532276e-05
1072 8.963205e-04 3.515311e-05
1073 8.922206e-04 3.498427e-05
1074 8.881407e-04 3.481625e-05
1075 8.840807e-04 3.464903e-05
1076 8.800404e-04 3.448261e-05
1077 8.760198e-04 3.431699e-05
1078 8.720188e-04 3.415217e-05
1079 8.680372e-04 3.398814e-05
1080 8.640751e-04 3.382490e-05
1081 8.601323e-04 3.366244e-05
1082 8.562087e-04 3.350076e-05
1083 8.523043e-04 3.333986e-05
1084 8.484188e-04 3.317973e-05
1085 8.445524e-04 3.302038e-05
1086 8.407047e-04 3.286178e-05
1087 8.368759e-04 3.270395e-05
1088 8.330657e-04 3.254687e-05
1089 8.292741e-04 3.239056e-05
1090 8.255011e-04 3.223499e-05
1091 8.217464e-04 3.208016e-05
1092 8.180100e-04 3.192609e-05
1093 8.142919e-04 3.177275e-05
1094 8.105920e-04 3.162015e-05
1095 8.069101e-04 3.146828e-05
1096 8.032462e-04 3.131714e-05
1097 7.996002e-04 3.116673e-05
1098 7.959720e-04 3.101703e-05
1099 7.923616e-04 3.086806e-05
1100 7.887688e-04 3.071981e-05
1101 7.851935e-04 3.057226e-05
1102 7.816357e-04 3.042543e-05
1103 7.780954e-04 3.027929e-05
1104 7.745723e-04 3.013387e-05
1105 7.710664e-04 2.998914e-05
1106 7.675778e-04 2.984510e-05
1107 7.641061e-04 2.970176e-05
1108 7.606515e-04 2.955910e-05
1109 7.572138e-04 2.941713e-05
1110 7.537929e-04 2.927584e-05
1111 7.503887e-04 2.913524e-05
1112 7.470012e-04 2.899530e-05
1113 7.436303e-04 2.885604e-05
1114 7.402759e-04 2.871745e-05
1115 7.369380e-04 2.857952e-05
1116 7.336164e-04 2.844225e-05
1117 7.303110e-04 2.830565e-05
1118 7.270219e-04 2.816970e-05
1119 7.237489e-04 2.803440e-05
1120 7.204920e-04 2.789976e-05
1121 7.172510e-04 2.776576e-05
1122 7.140259e-04 2.763240e-05
1123 7.108167e-04 2.749968e-05
1124 7.076232e-04 2.736761e-05
1125 7.044453e-04 2.723616e-05
1126 7.012831e-04 2.710535e-05
1127 6.981364e-04 2.697516e-05
1128 6.950051e-04 2.684560e-05
1129 6.918892e-04 2.671667e-05
1130 6.887886e-04 2.658835e-05
1131 6.857033e-04 2.646065e-05
1132 6.826331e-04 2.633356e-05
1133 6.795780e-04 2.620708e-05
1134 6.765380e-04 2.608121e-05
1135 6.735128e-04 2.595595e-05
1136 6.705026e-04 2.583128e-05
1137 6.675072e-04 2.570722e-05
1138 6.645265e-04 2.558375e-05
1139 6.615604e-04 2.546087e-05
1140 6.586090e-04 2.533858e-05
1141 6.556721e-04 2.521689e-05
1142 6.527497e-04 2.509577e-05
1143 6.498417e-04 2.497524e-05
1144 6.469479e-04 2.485529e-05
1145 6.440685e-04 2.473591e-05
1146 6.412032e-04 2.461710e-05
1147 6.383521e-04 2.449887e-05
1148 6.355150e-04 2.438120e-05
1149 6.326919e-04 2.426410e-05
1150 6.298828e-04 2.414756e-05
1151 6.270875e-04 2.403159e-05
1152 6.243060e-04 2.391616e-05
1153 6.215382e-04 2.380130e-05
1154 6.187841e-04 2.368698e-05
1155 6.160437e-04 2.357322e-05
1156 6.133167e-04 2.346000e-05
1157 6.106032e-04 2.334732e-05
1158 6.079031e-04 2.323518e-05
1159 6.052164e-04 2.312359e-05
1160 6.025430e-04 2.301253e-05
1161 5.998828e-04 2.290200e-05
1162 5.972357e-04 2.279200e-05
1163 5.946018e-04 2.268254e-05
1164 5.919809e-04 2.257359e-05
1165 5.893729e-04 2.246517e-05
1166 5.867779e-04 2.235728e-05
1167 5.841957e-04 2.224990e-05
1168 5.816264e-04 2.214303e-05
1169 5.790697e-04 2.203668e-05
1170 5.765258e-04 2.193084e-05
1171 5.739944e-04 2.182551e-05
1172 5.714757e-04 2.172068e-05
1173 5.689694e-04 2.161636e-05
1174 5.664755e-04 2.151254e-05
1175 5.639941e-04 2.140922e-05
1176 5.615249e-04 2.130639e-05
1177 5.590680e-04 2.120406e-05
1178 5.566234e-04 2.110222e-05
1179 5.541908e-04 2.100086e-05
1180 5.517704e-04 2.090000e-05
1181 5.493620e-04 2.079962e-05
1182 5.469656e-04 2.069972e-05
1183 5.445811e-04 2.060030e-05
1184 5.422085e-04 2.050136e-05
1185 5.398477e-04 2.040289e-05
1186 5.374986e-04 2.030490e-05
1187 5.351613e-04 2.020738e-05
1188 5.328356e-04 2.011032e-05
1189 5.305215e-04 2.001373e-05
1190 5.282189e-04 1.991761e-05
1191 5.259278e-04 1.982195e-05
1192 5.236482e-04 1.972674e-05
1193 5.213799e-04 1.963200e-05
1194 5.191230e-04 1.953771e-05
1195 5.168773e-04 1.944387e-05
1196 5.146429e-04 1.935048e-05
1197 5.124196e-04 1.925754e-05
1198 5.102074e-04 1.916505e-05
1199 5.080063e-04 1.907300e-05
1200 5.058162e-04 1.898140e-05
1201 5.036370e-04 1.889023e-05
1202 5.014688e-04 1.879950e-05
1203 4.993114e-04 1.870921e-05
1204 4.971649e-04 1.861935e-05
1205 4.950291e-04 1.852993e-05
1206 4.929040e-04 1.844093e-05
1207 4.907895e-04 1.835236e-05
1208 4.886857e-04 1.826421e-05
1209 4.865924e-04 1.817649e-05
1210 4.845096e-04 1.808919e-05
1211 4.824373e-04 1.800231e-05
1212 4.803754e-04 1.791585e-05
1213 4.783238e-04 1.782980e-05
1214 4.762826e-04 1.774416e-05
1215 4.742516e-04 1.765894e-05
1216 4.722309e-04 1.757413e-05
1217 4.702203e-04 1.748972e-05
1218 4.682198e-04 1.740572e-05
1219 4.662295e-04 1.732212e-05
1220 4.642491e-04 1.723892e-05
1221 4.622787e-04 1.715613e-05
1222 4.603183e-04 1.707373e-05
1223 4.583678e-04 1.699172e-05
1224 4.564271e-04 1.691011e-05
1225 4.544961e-04 1.682890e-05
1226 4.525750e-04 1.674807e-05
1227 4.506635e-04 1.666763e-05
1228 4.487617e-04 1.658758e-05
1229 4.468696e-04 1.650791e-05
1230 4.449870e-04 1.642862e-05
1231 4.431139e-04 1.634972e-05
1232 4.412503e-04 1.627119e-05
1233 4.393962e-04 1.619304e-05
1234 4.375514e-04 1.611527e-05
1235 4.357160e-04 1.603787e-05
1236 4.338899e-04 1.596084e-05
1237 4.320731e-04 1.588418e-05
1238 4.302654e-04 1.580789e-05
1239 4.284670e-04 1.573197e-05
1240 4.266777e-04 1.565641e-05
1241 4.248975e-04 1.558121e-05
1242 4.231263e-04 1.550638e-05
1243 4.213642e-04 1.543190e-05
1244 4.196110e-04 1.535778e-05
1245 4.178668e-04 1.528402e-05
1246 4.161314e-04 1.521061e-05
1247 4.144049e-04 1.513756e-05
1248 4.126872e-04 1.506485e-05
1249 4.109782e-04 1.499250e-05
1250 4.092780e-04 1.492049e-05
1251 4.075864e-04 1.484883e-05
1252 4.059035e-04 1.477751e-05
1253 4.042292e-04 1.470653e-05
1254 4.025634e-04 1.463590e-05
1255 4.009062e-04 1.456561e-05
1256 3.992574e-04 1.449565e-05
1257 3.976171e-04 1.442603e-05
1258 3.959852e-04 1.435674e-05
1259 3.943616e-04 1.428779e-05
1260 3.927464e-04 1.421916e-05
1261 3.911394e-04 1.415087e-05
1262 3.895407e-04 1.408290e-05
1263 3.879503e-04 1.401527e-05
1264 3.863680e-04 1.394795e-05
1265 3.847938e-04 1.388096e-05
1266 3.832277e-04 1.381429e-05
1267 3.816697e-04 1.374794e-05
1268 3.801197e-04 1.368191e-05
1269 3.785776e-04 1.361620e-05
1270 3.770436e-04 1.355080e-05
1271 3.755174e-04 1.348572e-05
1272 3.739991e-04 1.342095e-05
1273 3.724887e-04 1.335649e-05
1274 3.709860e-04 1.329234e-05
1275 3.694911e-04 1.322850e-05
1276 3.680040e-04 1.316496e-05
1277 3.665245e-04 1.310173e-05
1278 3.650527e-04 1.303881e-05
1279 3.635885e-04 1.297618e-05
1280 3.621320e-04 1.291386e-05
1281 3.606829e-04 1.285183e-05
1282 3.592414e-04 1.279011e-05
1283 3.578073e-04 1.272868e-05
1284 3.563807e-04 1.266754e-05
1285 3.549616e-04 1.260670e-05
1286 3.535498e-04 1.254615e-05
1287 3.521453e-04 1.248589e-05
1288 3.507482e-04 1.242593e-05
1289 3.493583e-04 1.236625e-05
1290 3.479757e-04 1.230685e-05
1291 3.466002e-04 1.224774e-05
1292 3.452320e-04 1.218892e-05
1293 3.438709e-04 1.213038e-05
1294 3.425169e-04 1.207211e-05
1295 3.411700e-04 1.201413e-05
1296 3.398301e-04 1.195643e-05
1297 3.384973e-04 1.189900e-05
1298 3.371714e-04 1.184186e-05
1299 3.358525e-04 1.178498e-05
1300 3.345405e-04 1.172838e-05
1301 3.332353e-04 1.167205e-05
1302 3.319371e-04 1.161599e-05
1303 3.306456e-04 1.156020e-05
1304 3.293609e-04 1.150467e-05
1305 3.280830e-04 1.144942e-05
1306 3.268118e-04 1.139443e-05
1307 3.255473e-04 1.133970e-05
1308 3.242895e-04 1.128524e-05
1309 3.230383e-04 1.123104e-05
1310 3.217937e-04 1.117709e-05
1311 3.205557e-04 1.112341e-05
1312 3.193242e-04 1.106999e-05
1313 3.180992e-04 1.101682e-05
1314 3.168807e-04 1.096391e-05
1315 3.156687e-04 1.091125e-05
1316 3.144631e-04 1.085884e-05
1317 3.132638e-04 1.080669e-05
1318 3.120710e-04 1.075478e-05
1319 3.108844e-04 1.070313e-05
1320 3.097042e-04 1.065172e-05
1321 3.085302e-04 1.060056e-05
1322 3.073625e-04 1.054965e-05
1323 3.062010e-04 1.049898e-05
1324 3.050457e-04 1.044856e-05
1325 3.038965e-04 1.039837e-05
1326 3.027535e-04 1.034843e-05
1327 3.016166e-04 1.029873e-05
1328 3.004857e-04 1.024926e-05
1329 2.993609e-04 1.020004e-05
1330 2.982421e-04 1.015105e-05
1331 2.971293e-04 1.010229e-05
1332 2.960225e-04 1.005377e-05
1333 2.949215e-04 1.000549e-05
1334 2.938265e-04 9.957430e-06
1335 2.927374e-04 9.909605e-06
1336 2.916541e-04 9.862010e-06
1337 2.905767e-04 9.814644e-06
1338 2.895050e-04 9.767505e-06
1339 2.884391e-04 9.720592e-06
1340 2.873790e-04 9.673905e-06
1341 2.863246e-04 9.627442e-06
1342 2.852758e-04 9.581203e-06
1343 2.842327e-04 9.535185e-06
1344 2.831953e-04 9.489388e-06
1345 2.821635e-04 9.443812e-06
1346 2.811372e-04 9.398454e-06
1347 2.801165e-04 9.353314e-06
1348 2.791014e-04 9.308391e-06
1349 2.780917e-04 9.263683e-06
1350 2.770876e-04 9.219191e-06
1351 2.760888e-04 9.174912e-06
1352 2.750956e-04 9.130846e-06
1353 2.741077e-04 9.086991e-06
1354 2.731252e-04 9.043347e-06
1355 2.721480e-04 8.999913e-06
1356 2.711762e-04 8.956687e-06
1357 2.702097e-04 8.913669e-06
1358 2.692485e-04 8.870857e-06
1359 2.682925e-04 8.828251e-06
1360 2.673418e-04 8.785850e-06
1361 2.663962e-04 8.743652e-06
1362 2.654559e-04 8.701657e-06
1363 2.645207e-04 8.659864e-06
1364 2.635906e-04 8.618271e-06
1365 2.626657e-04 8.576879e-06
1366 2.617458e-04 8.535685e-06
1367 2.608310e-04 8.494689e-06
1368 2.599212e-04 8.453889e-06
1369 2.590164e-04 8.413286e-06
1370 2.581167e-04 8.372878e-06
1371 2.572219e-04 8.332664e-06
1372 2.563320e-04 8.292643e-06
1373 2.554471e-04 8.252814e-06
1374 2.545670e-04 8.213176e-06
1375 2.536919e-04 8.173729e-06
1376 2.528216e-04 8.134471e-06
1377 2.519561e-04 8.095402e-06
1378 2.510954e-04 8.056521e-06
1379 2.502395e-04 8.017826e-06
1380 2.493883e-04 7.979317e-06
1381 2.485419e-04 7.940993e-06
1382 2.477003e-04 7.902853e-06
1383 2.468633e-04 7.864897e-06
1384 2.460310e-04 7.827122e-06
1385 2.452033e-04 7.789529e-06
1386 2.443802e-04 7.752117e-06
1387 2.435618e-04 7.714884e-06
1388 2.427479e-04 7.677830e-06
1389 2.419386e-04 7.640954e-06
1390 2.411339e-04 7.604255e-06
1391 2.403336e-04 7.567733e-06
1392 2.395379e-04 7.531386e-06
1393 2.387466e-04 7.495213e-06
1394 2.379598e-04 7.459214e-06
1395 2.371775e-04 7.423388e-06
1396 2.363995e-04 7.387735e-06
1397 2.356259e-04 7.352252e-06
1398 2.348567e-04 7.316940e-06
1399 2.340918e-04 7.281797e-06
1400 2.333313e-04 7.246823e-06
1401 2.325751e-04 7.212017e-06
1402 2.318232e-04 7.177379e-06
1403 2.310755e-04 7.142906e-06
1404 2.303321e-04 7.108600e-06
1405 2.295929e-04 7.074458e-06
1406 2.288579e-04 7.040480e-06
1407 2.281271e-04 7.006665e-06
1408 2.274004e-04 6.973013e-06
1409 2.266779e-04 6.939522e-06
1410 2.259595e-04 6.906192e-06
1411 2.252453e-04 6.873022e-06
1412 2.245351e-04 6.840012e-06
1413 2.238290e-04 6.807160e-06
1414 2.231269e-04 6.774465e-06
1415 2.224288e-04 6.741928e-06
1416 2.217348e-04 6.709547e-06
1417 2.210447e-04 6.677322e-06
1418 2.203587e-04 6.645252e-06
1419 2.196765e-04 6.613335e-06
1420 2.189983e-04 6.581572e-06
1421 2.183240e-04 6.549961e-06
1422 2.176536e-04 6.518502e-06
1423 2.169871e-04 6.487194e-06
1424 2.163244e-04 6.456037e-06
1425 2.156655e-04 6.425029e-06
1426 2.150105e-04 6.394170e-06
1427 2.143593e-04 6.363460e-06
1428 2.137118e-04 6.332897e-06
1429 2.130681e-04 6.302480e-06
1430 2.124282e-04 6.272210e-06
1431 2.117919e-04 6.242085e-06
1432 2.111594e-04 6.212105e-06
1433 2.105306e-04 6.182269e-06
1434 2.099054e-04 6.152576e-06
1435 2.092839e-04 6.123026e-06
1436 2.086660e-04 6.093617e-06
1437 2.080517e-04 6.064350e-06
1438 2.074411e-04 6.035224e-06
1439 2.068340e-04 6.006237e-06
1440 2.062304e-04 5.977390e-06
1441 2.056305e-04 5.948681e-06
1442 2.050340e-04 5.920110e-06
1443 2.044410e-04 5.891676e-06
1444 2.038516e-04 5.863379e-06
1445 2.032656e-04 5.835218e-06
1446 2.026830e-04 5.807192e-06
1447 2.021040e-04 5.779300e-06
1448 2.015283e-04 5.751543e-06
1449 2.009560e-04 5.723919e-06
1450 2.003871e-04 5.696427e-06
1451 1.998216e-04 5.669068e-06
1452 1.992595e-04 5.641840e-06
1453 1.987007e-04 5.614742e-06
1454 1.981452e-04 5.587775e-06
1455 1.975930e-04 5.560938e-06
1456 1.970440e-04 5.534229e-06
1457 1.964984e-04 5.507649e-06
1458 1.959560e-04 5.481196e-06
1459 1.954169e-04 5.454870e-06
1460 1.948810e-04 5.428671e-06
1461 1.943482e-04 5.402597e-06
1462 1.938187e-04 5.376649e-06
1463 1.932923e-04 5.350826e-06
1464 1.927691e-04 5.325126e-06
1465 1.922491e-04 5.299550e-06
1466 1.917321e-04 5.274097e-06
1467 1.912183e-04 5.248766e-06
1468 1.907075e-04 5.223556e-06
1469 1.901999e-04 5.198468e-06
1470 1.896953e-04 5.173500e-06
1471 1.891937e-04 5.148653e-06
1472 1.886952e-04 5.123924e-06
1473 1.881997e-04 5.099314e-06
1474 1.877071e-04 5.074823e-06
1475 1.872176e-04 5.050449e-06
1476 1.867310e-04 5.026192e-06
1477 1.862474e-04 5.002052e-06
1478 1.857667e-04 4.978027e-06
1479 1.852889e-04 4.954118e-06
1480 1.848141e-04 4.930324e-06
1481 1.843421e-04 4.906644e-06
1482 1.838730e-04 4.883078e-06
1483 1.834068e-04 4.859625e-06
1484 1.829434e-04 4.836285e-06
1485 1.824828e-04 4.813056e-06
1486 1.820251e-04 4.789940e-06
1487 1.815701e-04 4.766934e-06
1488 1.811180e-04 4.744039e-06
1489 1.806686e-04 4.721254e-06
1490 1.802220e-04 4.698578e-06
1491 1.797781e-04 4.676011e-06
1492 1.793369e-04 4.653553e-06
1493 1.788985e-04 4.631202e-06
1494 1.784627e-04 4.608959e-06
1495 1.780297e-04 4.586822e-06
1496 1.775993e-04 4.564792e-06
1497 1.771715e-04 4.542868e-06
1498 1.767464e-04 4.521049e-06
1499 1.763240e-04 4.499335e-06
1500 1.759041e-04 4.477725e-06
1501 1.754869e-04 4.456219e-06
1502 1.750722e-04 4.434816e-06
1503 1.746601e-04 4.413516e-06
1504 1.742506e-04 4.392318e-06
1505 1.738436e-04 4.371222e-06
1506 1.734391e-04 4.350228e-06
1507 1.730372e-04 4.329334e-06
1508 1.726377e-04 4.308541e-06
1509 1.722408e-04 4.287847e-06
1510 1.718463e-04 4.267253e-06
1511 1.714543e-04 4.246758e-06
1512 1.710647e-04 4.226361e-06
1513 1.706776e-04 4.206062e-06
1514 1.702929e-04 4.185861e-06
1515 1.699106e-04 4.165756e-06
1516 1.695307e-04 4.145749e-06
1517 1.691532e-04 4.125837e-06
1518 1.687780e-04 4.106021e-06
1519 1.684053e-04 4.086300e-06
1520 1.680348e-04 4.066674e-06
1521 1.676667e-04 4.047142e-06
1522 1.673009e-04 4.027704e-06
1523 1.669374e-04 4.008359e-06
1524 1.665762e-04 3.989108e-06
1525 1.662173e-04 3.969948e-06
1526 1.658606e-04 3.950881e-06
1527 1.655062e-04 3.931905e-06
1528 1.651541e-04 3.913021e-06
1529 1.648042e-04 3.894227e-06
1530 1.644565e-04 3.875523e-06
1531 1.641110e-04 3.856909e-06
1532 1.637677e-04 3.838385e-06
1533 1.634265e-04 3.819949e-06
1534 1.630876e-04 3.801603e-06
1535 1.627507e-04 3.783344e-06
1536 1.624161e-04 3.765173e-06
1537 1.620836e-04 3.747089e-06
1538 1.617531e-04 3.729092e-06
1539 1.614248e-04 3.711182e-06
1540 1.610986e-04 3.693357e-06
1541 1.607745e-04 3.675618e-06
1542 1.604524e-04 3.657965e-06
1543 1.601324e-04 3.640396e-06
1544 1.598145e-04 3.622911e-06
1545 1.594986e-04 3.605511e-06
1546 1.591847e-04 3.588194e-06
1547 1.588728e-04 3.570960e-06
1548 1.585629e-04 3.553809e-06
1549 1.582551e-04 3.536740e-06
1550 1.579492e-04 3.519754e-06
1551 1.576452e-04 3.502849e-06
1552 1.573432e-04 3.486025e-06
1553 1.570432e-04 3.469282e-06
1554 1.567451e-04 3.452619e-06
1555 1.564489e-04 3.436036e-06
1556 1.561546e-04 3.419533e-06
1557 1.558623e-04 3.403110e-06
1558 1.555718e-04 3.386765e-06
1559 1.552832e-04 3.370499e-06
1560 1.549964e-04 3.354310e-06
1561 1.547115e-04 3.338200e-06
1562 1.544285e-04 3.322167e-06
1563 1.541473e-04 3.306211e-06
1564 1.538679e-04 3.290331e-06
1565 1.535903e-04 3.274528e-06
1566 1.533146e-04 3.258801e-06
1567 1.530406e-04 3.243149e-06
1568 1.527684e-04 3.227573e-06
1569 1.524980e-04 3.212071e-06
1570 1.522293e-04 3.196644e-06
1571 1.519624e-04 3.181290e-06
1572 1.516972e-04 3.166011e-06
1573 1.514337e-04 3.150805e-06
1574 1.511720e-04 3.135672e-06
1575 1.509120e-04 3.120612e-06
1576 1.506537e-04 3.105624e-06
1577 1.503970e-04 3.090707e-06
1578 1.501420e-04 3.075863e-06
1579 1.498888e-04 3.061090e-06
1580 1.496371e-04 3.046388e-06
1581 1.493871e-04 3.031756e-06
1582 1.491388e-04 3.017195e-06
1583 1.488920e-04 3.002704e-06
1584 1.486469e-04 2.988282e-06
1585 1.484034e-04 2.973930e-06
1586 1.481615e-04 2.959646e-06
1587 1.479212e-04 2.945431e-06
1588 1.476825e-04 2.931285e-06
1589 1.474453e-04 2.917206e-06
1590 1.472097e-04 2.903195e-06
1591 1.469756e-04 2.889251e-06
1592 1.467431e-04 2.875374e-06
1593 1.465121e-04 2.861564e-06
1594 1.462826e-04 2.847820e-06
1595 1.460547e-04 2.834142e-06
1596 1.458282e-04 2.820530e-06
1597 1.456033e-04 2.806983e-06
1598 1.453798e-04 2.793502e-06
1599 1.451578e-04 2.780085e-06
1600 1.449373e-04 2.766732e-06
1601 1.447182e-04 2.753444e-06
1602 1.445006e-04 2.740219e-06
1603 1.442844e-04 2.727058e-06
1604 1.440696e-04 2.713961e-06
1605 1.438563e-04 2.700926e-06
1606 1.436444e-04 2.687953e-06
1607 1.434338e-04 2.675043e-06
1608 1.432247e-04 2.662195e-06
1609 1.430170e-04 2.649409e-06
1610 1.428106e-04 2.636684e-06
1611 1.426056e-04 2.624020e-06
1612 1.424020e-04 2.611418e-06
1613 1.421997e-04 2.598875e-06
1614 1.419988e-04 2.586393e-06
1615 1.417992e-04 2.573971e-06
1616 1.416009e-04 2.561608e-06
1617 1.414040e-04 2.549305e-06
1618 1.412083e-04 2.537061e-06
1619 1.410140e-04 2.524876e-06
1620 1.408209e-04 2.512749e-06
1621 1.406292e-04 2.500680e-06
1622 1.404387e-04 2.488670e-06
1623 1.402495e-04 2.476717e-06
1624 1.400615e-04 2.464822e-06
1625 1.398748e-04 2.452983e-06
1626 1.396893e-04 2.441202e-06
1627 1.395051e-04 2.429477e-06
1628 1.393221e-04 2.417808e-06
1629 1.391403e-04 2.406196e-06
1630 1.389598e-04 2.394639e-06
1631 1.387804e-04 2.383138e-06
1632 1.386023e-04 2.371692e-06
1633 1.384253e-04 2.360301e-06
1634 1.382495e-04 2.348965e-06
1635 1.380749e-04 2.337683e-06
1636 1.379015e-04 2.326455e-06
1637 1.377292e-04 2.315281e-06
1638 1.375580e-04 2.304161e-06
1639 1.373881e-04 2.293094e-06
1640 1.372192e-04 2.282081e-06
1641 1.370515e-04 2.271120e-06
1642 1.368849e-04 2.260212e-06
1643 1.367194e-04 2.249357e-06
1644 1.365551e-04 2.238553e-06
1645 1.363918e-04 2.227802e-06
1646 1.362296e-04 2.217102e-06
1647 1.360685e-04 2.206453e-06
1648 1.359085e-04 2.195856e-06
1649 1.357496e-04 2.185309e-06
1650 1.355917e-04 2.174813e-06
1651 1.354349e-04 2.164368e-06
1652 1.352791e-04 2.153973e-06
1653 1.351244e-04 2.143627e-06
1654 1.349707e-04 2.133332e-06
1655 1.348181e-04 2.123086e-06
1656 1.346665e-04 2.112889e-06
1657 1.345159e-04 2.102741e-06
1658 1.343663e-04 2.092641e-06
1659 1.342177e-04 2.082591e-06
1660 1.340701e-04 2.072588e-06
1661 1.339235e-04 2.062634e-06
1662 1.337779e-04 2.052727e-06
1663 1.336332e-04 2.042868e-06
1664 1.334896e-04 2.033056e-06
1665 1.333469e-04 2.023292e-06
1666 1.332051e-04 2.013574e-06
1667 1.330643e-04 2.003903e-06
1668 1.329245e-04 1.994278e-06
1669 1.327856e-04 1.984700e-06
1670 1.326476e-04 1.975168e-06
1671 1.325106e-04 1.965681e-06
1672 1.323744e-04 1.956240e-06
1673 1.322392e-04 1.946844e-06
1674 1.321049e-04 1.937494e-06
1675 1.319715e-04 1.928188e-06
1676 1.318390e-04 1.918927e-06
1677 1.317074e-04 1.909711e-06
1678 1.315767e-04 1.900539e-06
1679 1.314468e-04 1.891411e-06
1680 1.313179e-04 1.882326e-06
1681 1.311898e-04 1.873286e-06
1682 1.310625e-04 1.864289e-06
1683 1.309361e-04 1.855335e-06
1684 1.308106e-04 1.846424e-06
1685 1.306859e-04 1.837555e-06
1686 1.305621e-04 1.828730e-06
1687 1.304390e-04 1.819946e-06
1688 1.303168e-04 1.811205e-06
1689 1.301955e-04 1.802506e-06
1690 1.300749e-04 1.793849e-06
1691 1.299552e-04 1.785233e-06
1692 1.298362e-04 1.776659e-06
1693 1.297181e-04 1.768126e-06
1694 1.296007e-04 1.759634e-06
1695 1.294842e-04 1.751182e-06
1696 1.293684e-04 1.742772e-06
1697 1.292534e-04 1.734401e-06
1698 1.291392e-04 1.726071e-06
1699 1.290257e-04 1.717781e-06
1700 1.289130e-04 1.709531e-06
1701 1.288011e-04 1.701320e-06
1702 1.286899e-04 1.693149e-06
1703 1.285794e-04 1.685017e-06
1704 1.284697e-04 1.676924e-06
1705 1.283608e-04 1.668869e-06
1706 1.282526e-04 1.660854e-06
1707 1.281451e-04 1.652877e-06
1708 1.280383e-04 1.644938e-06
1709 1.279322e-04 1.637038e-06
1710 1.278269e-04 1.629175e-06
1711 1.277222e-04 1.621351e-06
1712 1.276183e-04 1.613563e-06
1713 1.275150e-04 1.605814e-06
1714 1.274125e-04 1.598101e-06
1715 1.273106e-04 1.590426e-06
1716 1.272094e-04 1.582787e-06
1717 1.271089e-04 1.575185e-06
1718 1.270091e-04 1.567619e-06
1719 1.269100e-04 1.560090e-06
1720 1.268115e-04 1.552597e-06
1721 1.267136e-04 1.545140e-06
1722 1.266165e-04 1.537719e-06
1723 1.265199e-04 1.530334e-06
1724 1.264241e-04 1.522984e-06
1725 1.263288e-04 1.515669e-06
1726 1.262342e-04 1.508389e-06
1727 1.261403e-04 1.501145e-06
1728 1.260469e-04 1.493935e-06
1729 1.259542e-04 1.486759e-06
1730 1.258621e-04 1.479619e-06
1731 1.257706e-04 1.472512e-06
1732 1.256798e-04 1.465440e-06
1733 1.255895e-04 1.458401e-06
1734 1.254999e-04 1.451397e-06
1735 1.254108e-04 1.444426e-06
1736 1.253224e-04 1.437489e-06
1737 1.252345e-04 1.430584e-06
1738 1.251472e-04 1.423713e-06
1739 1.250605e-04 1.416875e-06
1740 1.249744e-04 1.410070e-06
1741 1.248889e-04 1.403298e-06
1742 1.248039e-04 1.396558e-06
1743 1.247195e-04 1.389850e-06
1744 1.246356e-04 1.383175e-06
1745 1.245524e-04 1.376532e-06
1746 1.244696e-04 1.369920e-06
1747 1.243875e-04 1.363341e-06
1748 1.243058e-04 1.356793e-06
1749 1.242247e-04 1.350276e-06
1750 1.241442e-04 1.343791e-06
1751 1.240642e-04 1.337337e-06
1752 1.239847e-04 1.330914e-06
1753 1.239058e-04 1.324522e-06
1754 1.238273e-04 1.318160e-06
1755 1.237494e-04 1.311829e-06
1756 1.236721e-04 1.305528e-06
1757 1.235952e-04 1.299258e-06
1758 1.235188e-04 1.293018e-06
1759 1.234430e-04 1.286808e-06
1760 1.233676e-04 1.280627e-06
1761 1.232928e-04 1.274476e-06
1762 1.232184e-04 1.268355e-06
1763 1.231446e-04 1.262263e-06
1764 1.230712e-04 1.256201e-06
1765 1.229983e-04 1.250168e-06
1766 1.229259e-04 1.244163e-06
1767 1.228540e-04 1.238187e-06
1768 1.227826e-04 1.232241e-06
1769 1.227116e-04 1.226322e-06
1770 1.226411e-04 1.220432e-06
1771 1.225711e-04 1.214571e-06
1772 1.225015e-04 1.208737e-06
1773 1.224324e-04 1.202932e-06
1774 1.223638e-04 1.197154e-06
1775 1.222956e-04 1.191404e-06
1776 1.222278e-04 1.185682e-06
1777 1.221605e-04 1.179987e-06
1778 1.220937e-04 1.174320e-06
1779 1.220272e-04 1.168680e-06
1780 1.219613e-04 1.163067e-06
1781 1.218957e-04 1.157481e-06
1782 1.218306e-04 1.151921e-06
1783 1.217659e-04 1.146389e-06
1784 1.217017e-04 1.140883e-06
1785 1.216378e-04 1.135403e-06
1786 1.215744e-04 1.129950e-06
1787 1.215114e-04 1.124523e-06
1788 1.214489e-04 1.119122e-06
1789 1.213867e-04 1.113747e-06
1790 1.213249e-04 1.108398e-06
1791 1.212636e-04 1.103074e-06
1792 1.212026e-04 1.097776e-06
1793 1.211421e-04 1.092504e-06
1794 1.210819e-04 1.087257e-06
1795 1.210221e-04 1.082035e-06
1796 1.209628e-04 1.076838e-06
1797 1.209038e-04 1.071666e-06
1798 1.208452e-04 1.066519e-06
1799 1.207870e-04 1.061396e-06
1800 1.207292e-04 1.056298e-06
1801 1.206717e-04 1.051225e-06
1802 1.206146e-04 1.046176e-06
1803 1.205579e-04 1.041151e-06
1804 1.205016e-04 1.036151e-06
1805 1.204456e-04 1.031174e-06
1806 1.203900e-04 1.026222e-06
1807 1.203348e-04 1.021293e-06
1808 1.202799e-04 1.016388e-06
1809 1.202254e-04 1.011506e-06
1810 1.201712e-04 1.006648e-06
1811 1.201174e-04 1.001813e-06
1812 1.200639e-04 9.970014e-07
1813 1.200108e-04 9.922129e-07
1814 1.199580e-04 9.874474e-07
1815 1.199056e-04 9.827048e-07
1816 1.198535e-04 9.779850e-07
1817 1.198018e-04 9.732878e-07
1818 1.197504e-04 9.686132e-07
1819 1.196993e-04 9.639610e-07
1820 1.196485e-04 9.593312e-07
1821 1.195981e-04 9.547236e-07
1822 1.195480e-04 9.501382e-07
1823 1.194983e-04 9.455747e-07
1824 1.194488e-04 9.410332e-07
1825 1.193997e-04 9.365135e-07
1826 1.193509e-04 9.320155e-07
1827 1.193024e-04 9.275391e-07
1828 1.192542e-04 9.230843e-07
1829 1.192063e-04 9.186508e-07
1830 1.191588e-04 9.142386e-07
1831 1.191115e-04 9.098476e-07
1832 1.190646e-04 9.054776e-07
1833 1.190179e-04 9.011287e-07
1834 1.189716e-04 8.968007e-07
1835 1.189255e-04 8.924934e-07
1836 1.188798e-04 8.882069e-07
1837 1.188343e-04 8.839409e-07
1838 1.187891e-04 8.796954e-07
1839 1.187443e-04 8.754703e-07
1840 1.186997e-04 8.712655e-07
1841 1.186554e-04 8.670809e-07
1842 1.186114e-04 8.629164e-07
1843 1.185676e-04 8.587719e-07
1844 1.185242e-04 8.546473e-07
1845 1.184810e-04 8.505425e-07
1846 1.184381e-04 8.464574e-07
1847 1.183954e-04 8.423919e-07
1848 1.183531e-04 8.383460e-07
1849 1.183110e-04 8.343195e-07
1850 1.182692e-04 8.303123e-07
1851 1.182276e-04 8.263244e-07
1852 1.181864e-04 8.223556e-07
1853 1.181453e-04 8.184059e-07
1854 1.181046e-04 8.144752e-07
1855 1.180641e-04 8.105634e-07
1856 1.180238e-04 8.066703e-07
1857 1.179838e-04 8.027959e-07
1858 1.179441e-04 7.989402e-07
1859 1.179046e-04 7.951029e-07
1860 1.178654e-04 7.912841e-07
1861 1.178264e-04 7.874837e-07
1862 1.177877e-04 7.837015e-07
1863 1.177492e-04 7.799374e-07
1864 1.177110e-04 7.761914e-07
1865 1.176730e-04 7.724635e-07
1866 1.176352e-04 7.687534e-07
1867 1.175977e-04 7.650611e-07
1868 1.175604e-04 7.613866e-07
1869 1.175233e-04 7.577297e-07
1870 1.174865e-04 7.540904e-07
1871 1.174499e-04 7.504686e-07
1872 1.174136e-04 7.468642e-07
1873 1.173775e-04 7.432771e-07
1874 1.173416e-04 7.397072e-07
1875 1.173059e-04 7.361544e-07
1876 1.172704e-04 7.326187e-07
1877 1.172352e-04 7.291000e-07
1878 1.172002e-04 7.255982e-07
1879 1.171654e-04 7.221132e-07
1880 1.171309e-04 7.186450e-07
1881 1.170965e-04 7.151934e-07
1882 1.170624e-04 7.117584e-07
1883 1.170285e-04 7.083399e-07
1884 1.169948e-04 7.049378e-07
1885 1.169613e-04 7.015520e-07
1886 1.169280e-04 6.981825e-07
1887 1.168949e-04 6.948292e-07
1888 1.168621e-04 6.914920e-07
1889 1.168294e-04 6.881709e-07
1890 1.167969e-04 6.848656e-07
1891 1.167647e-04 6.815763e-07
1892 1.167326e-04 6.783027e-07
1893 1.167008e-04 6.750449e-07
1894 1.166691e-04 6.718027e-07
1895 1.166377e-04 6.685761e-07
1896 1.166064e-04 6.653650e-07
1897 1.165753e-04 6.621693e-07
1898 1.165444e-04 6.589890e-07
1899 1.165138e-04 6.558239e-07
1900 1.164833e-04 6.526741e-07
1901 1.164530e-04 6.495393e-07
1902 1.164228e-04 6.464196e-07
1903 1.163929e-04 6.433150e-07
1904 1.163632e-04 6.402252e-07
1905 1.163336e-04 6.371502e-07
1906 1.163042e-04 6.340900e-07
1907 1.162750e-04 6.310446e-07
1908 1.162460e-04 6.280137e-07
1909 1.162172e-04 6.249974e-07
1910 1.161885e-04 6.219956e-07
1911 1.161600e-04 6.190082e-07
1912 1.161317e-04 6.160352e-07
1913 1.161036e-04 6.130764e-07
1914 1.160756e-04 6.101319e-07
1915 1.160478e-04 6.072015e-07
1916 1.160202e-04 6.042851e-07
1917 1.159928e-04 6.013828e-07
1918 1.159655e-04 5.984944e-07
1919 1.159384e-04 5.956199e-07
1920 1.159114e-04 5.927592e-07
1921 1.158846e-04 5.899122e-07
1922 1.158580e-04 5.870789e-07
1923 1.158316e-04 5.842592e-07
1924 1.158053e-04 5.814531e-07
1925 1.157791e-04 5.786604e-07
1926 1.157532e-04 5.758812e-07
1927 1.157274e-04 5.731153e-07
1928 1.157017e-04 5.703627e-07
1929 1.156762e-04 5.676233e-07
1930 1.156509e-04 5.648970e-07
1931 1.156257e-04 5.621839e-07
1932 1.156006e-04 5.594837e-07
1933 1.155757e-04 5.567966e-07
1934 1.155510e-04 5.541223e-07
1935 1.155264e-04 5.514609e-07
1936 1.155020e-04 5.488123e-07
1937 1.154777e-04 5.461764e-07
1938 1.154536e-04 5.435532e-07
1939 1.154296e-04 5.409426e-07
1940 1.154057e-04 5.383445e-07
1941 1.153820e-04 5.357588e-07
1942 1.153585e-04 5.331856e-07
1943 1.153351e-04 5.306248e-07
1944 1.153118e-04 5.280763e-07
1945 1.152887e-04 5.255399e-07
1946 1.152657e-04 5.230158e-07
1947 1.152428e-04 5.205038e-07
1948 1.152201e-04 5.180039e-07
1949 1.151975e-04 5.155160e-07
1950 1.151751e-04 5.130400e-07
1951 1.151528e-04 5.105759e-07
1952 1.151306e-04 5.081237e-07
1953 1.151085e-04 5.056832e-07
1954 1.150866e-04 5.032544e-07
1955 1.150649e-04 5.008373e-07
1956 1.150432e-04 4.984319e-07
1957 1.150217e-04 4.960379e-07
1958 1.150003e-04 4.936555e-07
1959 1.149790e-04 4.912845e-07
1960 1.149579e-04 4.889249e-07
1961 1.149369e-04 4.865767e-07
1962 1.149160e-04 4.842397e-07
1963 1.148953e-04 4.819139e-07
1964 1.148746e-04 4.795993e-07
1965 1.148541e-04 4.772959e-07
1966 1.148337e-04 4.750035e-07
1967 1.148135e-04 4.727221e-07
1968 1.147933e-04 4.704516e-07
1969 1.147733e-04 4.681921e-07
1970 1.147534e-04 4.659434e-07
1971 1.147336e-04 4.637055e-07
1972 1.147139e-04 4.614784e-07
1973 1.146944e-04 4.592619e-07
1974 1.146749e-04 4.570562e-07
1975 1.146556e-04 4.548610e-07
1976 1.146364e-04 4.526763e-07
1977 1.146173e-04 4.505021e-07
1978 1.145983e-04 4.483384e-07
1979 1.145795e-04 4.461851e-07
1980 1.145607e-04 4.440421e-07
1981 1.145421e-04 4.419094e-07
1982 1.145235e-04 4.397869e-07
1983 1.145051e-04 4.376747e-07
1984 1.144868e-04 4.355726e-07
1985 1.144686e-04 4.334806e-07
1986 1.144505e-04 4.313986e-07
1987 1.144325e-04 4.293266e-07
1988 1.144146e-04 4.272646e-07
1989 1.143968e-04 4.252125e-07
1990 1.143791e-04 4.231702e-07
1991 1.143616e-04 4.211378e-07
1992 1.143441e-04 4.191151e-07
1993 1.143267e-04 4.171021e-07
1994 1.143094e-04 4.150988e-07
1995 1.142923e-04 4.131051e-07
1996 1.142752e-04 4.111210e-07
1997 1.142582e-04 4.091465e-07
1998 1.142414e-04 4.071814e-07
1999 1.142246e-04 4.052257e-07
2000 1.142079e-04 4.032794e-07
2001 1.141914e-04 4.013425e-07
2002 1.141749e-04 3.994149e-07
2003 1.141585e-04 3.974966e-07
2004 1.141422e-04 3.955874e-07
2005 1.141260e-04 3.936875e-07
2006 1.141099e-04 3.917966e-07
2007 1.140939e-04 3.899148e-07
2008 1.140780e-04 3.880421e-07
2009 1.140622e-04 3.861784e-07
2010 1.140465e-04 3.843236e-07
2011 1.140309e-04 3.824777e-07
2012 1.140153e-04 3.806407e-07
2013 1.139999e-04 3.788125e-07
2014 1.139845e-04 3.769931e-07
2015 1.139692e-04 3.751825e-07
2016 1.139540e-04 3.733805e-07
2017 1.139389e-04 3.715872e-07
2018 1.139239e-04 3.698025e-07
2019 1.139090e-04 3.680264e-07
2020 1.138942e-04 3.662588e-07
2021 1.138794e-04 3.644997e-07
2022 1.138647e-04 3.627490e-07
2023 1.138502e-04 3.610068e-07
2024 1.138357e-04 3.592729e-07
2025 1.138212e-04 3.575473e-07
2026 1.138069e-04 3.558300e-07
2027 1.137927e-04 3.541210e-07
2028 1.137785e-04 3.524202e-07
2029 1.137644e-04 3.507276e-07
2030 1.137504e-04 3.490431e-07
2031 1.137365e-04 3.473666e-07
2032 1.137226e-04 3.456983e-07
2033 1.137089e-04 3.440379e-07
2034 1.136952e-04 3.423855e-07
2035 1.136816e-04 3.407411e-07
2036 1.136680e-04 3.391045e-07
2037 1.136546e-04 3.374758e-07
2038 1.136412e-04 3.358550e-07
2039 1.136279e-04 3.342419e-07
2040 1.136147e-04 3.326366e-07
2041 1.136015e-04 3.310389e-07
2042 1.135885e-04 3.294490e-07
2043 1.135755e-04 3.278667e-07
2044 1.135625e-04 3.262920e-07
2045 1.135497e-04 3.247248e-07
2046 1.135369e-04 3.231652e-07
2047 1.135242e-04 3.216131e-07
2048 1.135116e-04 3.200684e-07
2049 1.134990e-04 3.185311e-07
2050 1.134865e-04 3.170012e-07
2051 1.134741e-04 3.154787e-07
2052 1.134618e-04 3.139635e-07
2053 1.134495e-04 3.124556e-07
2054 1.134373e-04 3.109549e-07
2055 1.134251e-04 3.094614e-07
2056 1.134131e-04 3.079751e-07
2057 1.134011e-04 3.064959e-07
2058 1.133891e-04 3.050238e-07
2059 1.133772e-04 3.035588e-07
2060 1.133654e-04 3.021008e-07
2061 1.133537e-04 3.006499e-07
2062 1.133420e-04 2.992059e-07
2063 1.133304e-04 2.977688e-07
2064 1.133189e-04 2.963387e-07
2065 1.133074e-04 2.949154e-07
2066 1.132960e-04 2.934989e-07
2067 1.132847e-04 2.920893e-07
2068 1.132734e-04 2.906864e-07
2069 1.132622e-04 2.892903e-07
2070 1.132510e-04 2.879008e-07
2071 1.132399e-04 2.865181e-07
2072 1.132289e-04 2.851419e-07
2073 1.132179e-04 2.837724e-07
2074 1.132070e-04 2.824095e-07
2075 1.131962e-04 2.810531e-07
2076 1.131854e-04 2.797032e-07
2077 1.131747e-04 2.783598e-07
2078 1.131640e-04 2.770229e-07
2079 1.131534e-04 2.756924e-07
2080 1.131429e-04 2.743683e-07
2081 1.131324e-04 2.730505e-07
2082 1.131220e-04 2.717391e-07
2083 1.131116e-04 2.704339e-07
2084 1.131013e-04 2.691351e-07
2085 1.130910e-04 2.678424e-07
2086 1.130808e-04 2.665560e-07
2087 1.130707e-04 2.652758e-07
2088 1.130606e-04 2.640017e-07
2089 1.130506e-04 2.627337e-07
2090 1.130406e-04 2.614718e-07
2091 1.130307e-04 2.602160e-07
2092 1.130208e-04 2.589662e-07
2093 1.130110e-04 2.577224e-07
2094 1.130013e-04 2.564846e-07
2095 1.129916e-04 2.552527e-07
2096 1.129819e-04 2.540267e-07
2097 1.129724e-04 2.528067e-07
2098 1.129628e-04 2.515925e-07
2099 1.129533e-04 2.503841e-07
2100 1.129439e-04 2.491815e-07
2101 1.129345e-04 2.479847e-07
2102 1.129252e-04 2.467937e-07
2103 1.129159e-04 2.456083e-07
2104 1.129067e-04 2.444287e-07
2105 1.128975e-04 2.432547e-07
2106 1.128884e-04 2.420864e-07
2107 1.128793e-04 2.409237e-07
2108 1.128703e-04 2.397666e-07
2109 1.128613e-04 2.386150e-07
2110 1.128524e-04 2.374689e-07
2111 1.128435e-04 2.363284e-07
2112 1.128347e-04 2.351933e-07
2113 1.128259e-04 2.340637e-07
2114 1.128172e-04 2.329395e-07
2115 1.128085e-04 2.318207e-07
2116 1.127999e-04 2.307073e-07
2117 1.127913e-04 2.295993e-07
2118 1.127827e-04 2.284965e-07
2119 1.127742e-04 2.273991e-07
2120 1.127658e-04 2.263069e-07
2121 1.127574e-04 2.252200e-07
2122 1.127490e-04 2.241382e-07
2123 1.127407e-04 2.230617e-07
2124 1.127325e-04 2.219904e-07
2125 1.127242e-04 2.209242e-07
2126 1.127161e-04 2.198631e-07
2127 1.127079e-04 2.188071e-07
2128 1.126999e-04 2.177562e-07
2129 1.126918e-04 2.167103e-07
2130 1.126838e-04 2.156695e-07
2131 1.126759e-04 2.146337e-07
2132 1.126679e-04 2.136028e-07
2133 1.126601e-04 2.125769e-07
2134 1.126523e-04 2.115559e-07
2135 1.126445e-04 2.105398e-07
2136 1.126367e-04 2.095286e-07
2137 1.126290e-04 2.085223e-07
2138 1.126214e-04 2.075207e-07
2139 1.126138e-04 2.065240e-07
2140 1.126062e-04 2.055321e-07
2141 1.125987e-04 2.045450e-07
2142 1.125912e-04 2.035626e-07
2143 1.125837e-04 2.025849e-07
2144 1.125763e-04 2.016119e-07
2145 1.125689e-04 2.006436e-07
2146 1.125616e-04 1.996799e-07
2147 1.125543e-04 1.987208e-07
2148 1.125471e-04 1.977664e-07
2149 1.125399e-04 1.968165e-07
2150 1.125327e-04 1.958712e-07
2151 1.125256e-04 1.949305e-07
2152 1.125185e-04 1.939943e-07
2153 1.125114e-04 1.930625e-07
2154 1.125044e-04 1.921353e-07
2155 1.124974e-04 1.912125e-07
2156 1.124905e-04 1.902941e-07
2157 1.124835e-04 1.893801e-07
2158 1.124767e-04 1.884705e-07
2159 1.124698e-04 1.875653e-07
2160 1.124630e-04 1.866645e-07
2161 1.124563e-04 1.857679e-07
2162 1.124496e-04 1.848757e-07
2163 1.124429e-04 1.839878e-07
2164 1.124362e-04 1.831041e-07
2165 1.124296e-04 1.822247e-07
2166 1.124230e-04 1.813495e-07
2167 1.124165e-04 1.804784e-07
2168 1.124100e-04 1.796116e-07
2169 1.124035e-04 1.787490e-07
2170 1.123971e-04 1.778905e-07
2171 1.123907e-04 1.770361e-07
2172 1.123843e-04 1.761858e-07
2173 1.123779e-04 1.753396e-07
2174 1.123716e-04 1.744974e-07
2175 1.123654e-04 1.736593e-07
2176 1.123591e-04 1.728253e-07
2177 1.123529e-04 1.719952e-07
2178 1.123468e-04 1.711691e-07
2179 1.123406e-04 1.703470e-07
2180 1.123345e-04 1.695288e-07
2181 1.123285e-04 1.687146e-07
2182 1.123224e-04 1.679043e-07
2183 1.123164e-04 1.670979e-07
2184 1.123104e-04 1.662953e-07
2185 1.123045e-04 1.654966e-07
2186 1.122986e-04 1.647017e-07
2187 1.122927e-04 1.639107e-07
2188 1.122868e-04 1.631234e-07
2189 1.122810e-04 1.623400e-07
2190 1.122752e-04 1.615603e-07
2191 1.122695e-04 1.607843e-07
2192 1.122638e-04 1.600121e-07
2193 1.122581e-04 1.592436e-07
2194 1.122524e-04 1.584787e-07
2195 1.122468e-04 1.577176e-07
2196 1.122412e-04 1.569601e-07
2197 1.122356e-04 1.562062e-07
2198 1.122300e-04 1.554560e-07
2199 1.122245e-04 1.547093e-07
2200 1.122190e-04 1.539663e-07
2201 1.122136e-04 1.532268e-07
2202 1.122081e-04 1.524908e-07
2203 1.122027e-04 1.517584e-07
2204 1.121974e-04 1.510296e-07
2205 1.121920e-04 1.503042e-07
2206 1.121867e-04 1.495823e-07
2207 1.121814e-04 1.488638e-07
2208 1.121762e-04 1.481489e-07
2209 1.121709e-04 1.474373e-07
2210 1.121657e-04 1.467292e-07
2211 1.121605e-04 1.460245e-07
2212 1.121554e-04 1.453231e-07
2213 1.121503e-04 1.446252e-07
2214 1.121452e-04 1.439305e-07
2215 1.121401e-04 1.432392e-07
2216 1.121351e-04 1.425513e-07
2217 1.121300e-04 1.418666e-07
2218 1.121251e-04 1.411852e-07
2219 1.121201e-04 1.405071e-07
2220 1.121152e-04 1.398323e-07
2221 1.121102e-04 1.391607e-07
2222 1.121054e-04 1.384923e-07
2223 1.121005e-04 1.378272e-07
2224 1.120957e-04 1.371652e-07
2225 1.120908e-04 1.365064e-07
2226 1.120861e-04 1.358508e-07
2227 1.120813e-04 1.351983e-07
2228 1.120766e-04 1.345489e-07
2229 1.120719e-04 1.339027e-07
2230 1.120672e-04 1.332596e-07
2231 1.120625e-04 1.326196e-07
2232 1.120579e-04 1.319826e-07
2233 1.120533e-04 1.313487e-07
2234 1.120487e-04 1.307178e-07
2235 1.120441e-04 1.300900e-07
2236 1.120396e-04 1.294652e-07
2237 1.120351e-04 1.288434e-07
2238 1.120306e-04 1.282246e-07
2239 1.120261e-04 1.276087e-07
2240 1.120217e-04 1.269958e-07
2241 1.120172e-04 1.263859e-07
2242 1.120128e-04 1.257789e-07
2243 1.120085e-04 1.251748e-07
2244 1.120041e-04 1.245736e-07
2245 1.119998e-04 1.239752e-07
2246 1.119955e-04 1.233798e-07
2247 1.119912e-04 1.227872e-07
2248 1.119869e-04 1.221975e-07
2249 1.119827e-04 1.216106e-07
2250 1.119784e-04 1.210265e-07
2251 1.119742e-04 1.204452e-07
2252 1.119701e-04 1.198667e-07
2253 1.119659e-04 1.192910e-07
2254 1.119618e-04 1.187181e-07
2255 1.119577e-04 1.181479e-07
2256 1.119536e-04 1.175804e-07
2257 1.119495e-04 1.170157e-07
2258 1.119455e-04 1.164537e-07
2259 1.119414e-04 1.158944e-07
2260 1.119374e-04 1.153377e-07
2261 1.119334e-04 1.147838e-07
2262 1.119295e-04 1.142325e-07
2263 1.119255e-04 1.136838e-07
2264 1.119216e-04 1.131378e-07
2265 1.119177e-04 1.125944e-07
2266 1.119138e-04 1.120536e-07
2267 1.119100e-04 1.115155e-07
2268 1.119061e-04 1.109799e-07
2269 1.119023e-04 1.104468e-07
2270 1.118985e-04 1.099164e-07
2271 1.118947e-04 1.093885e-07
2272 1.118909e-04 1.088631e-07
2273 1.118872e-04 1.083402e-07
2274 1.118835e-04 1.078199e-07
2275 1.118798e-04 1.073020e-07
2276 1.118761e-04 1.067866e-07
2277 1.118724e-04 1.062738e-07
2278 1.118688e-04 1.057633e-07
2279 1.118651e-04 1.052554e-07
2280 1.118615e-04 1.047498e-07
2281 1.118579e-04 1.042467e-07
2282 1.118543e-04 1.037460e-07
2283 1.118508e-04 1.032478e-07
2284 1.118473e-04 1.027519e-07
2285 1.118437e-04 1.022584e-07
2286 1.118402e-04 1.017672e-07
2287 1.118367e-04 1.012784e-07
2288 1.118333e-04 1.007920e-07
2289 1.118298e-04 1.003079e-07
2290 1.118264e-04 9.982615e-08
2291 1.118230e-04 9.934669e-08
2292 1.118196e-04 9.886954e-08
2293 1.118162e-04 9.839468e-08
2294 1.118128e-04 9.792210e-08
2295 1.118095e-04 9.745179e-08
2296 1.118062e-04 9.698374e-08
2297 1.118029e-04 9.651793e-08
2298 1.117996e-04 9.605436e-08
2299 1.117963e-04 9.559302e-08
2300 1.117930e-04 9.513390e-08
2301 1.117898e-04 9.467698e-08
2302 1.117866e-04 9.422225e-08
2303 1.117834e-04 9.376971e-08
2304 1.117802e-04 9.331935e-08
2305 1.117770e-04 9.287114e-08
2306 1.117738e-04 9.242509e-08
2307 1.117707e-04 9.198118e-08
2308 1.117676e-04 9.153940e-08
2309 1.117645e-04 9.109975e-08
2310 1.117614e-04 9.066220e-08
2311 1.117583e-04 9.022676e-08
2312 1.117552e-04 8.979341e-08
2313 1.117522e-04 8.936214e-08
2314 1.117491e-04 8.893294e-08
2315 1.117461e-04 8.850581e-08
2316 1.117431e-04 8.808072e-08
2317 1.117401e-04 8.765768e-08
2318 1.117371e-04 8.723666e-08
2319 1.117342e-04 8.681767e-08
2320 1.117312e-04 8.640070e-08
2321 1.117283e-04 8.598572e-08
2322 1.117254e-04 8.557274e-08
2323 1.117225e-04 8.516174e-08
2324 1.117196e-04 8.475272e-08
2325 1.117168e-04 8.434566e-08
2326 1.117139e-04 8.394055e-08
2327 1.117111e-04 8.353739e-08
2328 1.117082e-04 8.313617e-08
2329 1.117054e-04 8.273688e-08
2330 1.117026e-04 8.233950e-08
2331 1.116999e-04 8.194403e-08
2332 1.116971e-04 8.155046e-08
2333 1.116943e-04 8.115878e-08
2334 1.116916e-04 8.076898e-08
2335 1.116889e-04 8.038106e-08
2336 1.116862e-04 7.999499e-08
2337 1.116835e-04 7.961078e-08
2338 1.116808e-04 7.922842e-08
2339 1.116781e-04 7.884789e-08
2340 1.116755e-04 7.846919e-08
2341 1.116728e-04 7.809231e-08
2342 1.116702e-04 7.771724e-08
2343 1.116676e-04 7.734397e-08
2344 1.116650e-04 7.697250e-08
2345 1.116624e-04 7.660281e-08
2346 1.116598e-04 7.623489e-08
2347 1.116572e-04 7.586874e-08
2348 1.116547e-04 7.550435e-08
2349 1.116521e-04 7.514171e-08
2350 1.116496e-04 7.478081e-08
2351 1.116471e-04 7.442164e-08
2352 1.116446e-04 7.406420e-08
2353 1.116421e-04 7.370848e-08
2354 1.116396e-04 7.335447e-08
2355 1.116372e-04 7.300215e-08
2356 1.116347e-04 7.265153e-08
2357 1.116323e-04 7.230259e-08
2358 1.116299e-04 7.195533e-08
2359 1.116274e-04 7.160973e-08
2360 1.116250e-04 7.126580e-08
2361 1.116227e-04 7.092351e-08
2362 1.116203e-04 7.058287e-08
2363 1.116179e-04 7.024387e-08
2364 1.116156e-04 6.990650e-08
2365 1.116132e-04 6.957074e-08
2366 1.116109e-04 6.923660e-08
2367 1.116086e-04 6.890406e-08
2368 1.116063e-04 6.857312e-08
2369 1.116040e-04 6.824377e-08
2370 1.116017e-04 6.791600e-08
2371 1.115994e-04 6.758981e-08
2372 1.115972e-04 6.726518e-08
2373 1.115949e-04 6.694211e-08
2374 1.115927e-04 6.662059e-08
2375 1.115905e-04 6.630062e-08
2376 1.115882e-04 6.598219e-08
2377 1.115860e-04 6.566528e-08
2378 1.115838e-04 6.534989e-08
2379 1.115817e-04 6.503602e-08
2380 1.115795e-04 6.472366e-08
2381 1.115773e-04 6.441280e-08
2382 1.115752e-04 6.410343e-08
2383 1.115730e-04 6.379555e-08
2384 1.115709e-04 6.348914e-08
2385 1.115688e-04 6.318421e-08
2386 1.115667e-04 6.288074e-08
2387 1.115646e-04 6.257873e-08
2388 1.115625e-04 6.227817e-08
2389 1.115604e-04 6.197906e-08
2390 1.115584e-04 6.168138e-08
2391 1.115563e-04 6.138513e-08
2392 1.115543e-04 6.109030e-08
2393 1.115522e-04 6.079689e-08
2394 1.115502e-04 6.050489e-08
2395 1.115482e-04 6.021429e-08
2396 1.115462e-04 5.992508e-08
2397 1.115442e-04 5.963727e-08
2398 1.115422e-04 5.935084e-08
2399 1.115403e-04 5.906578e-08
2400 1.115383e-04 5.878209e-08
2401 1.115363e-04 5.849977e-08
2402 1.115344e-04 5.821880e-08
2403 1.115325e-04 5.793918e-08
2404 1.115305e-04 5.766090e-08
2405 1.115286e-04 5.738396e-08
2406 1.115267e-04 5.710835e-08
2407 1.115248e-04 5.683406e-08
2408 1.115229e-04 5.656110e-08
2409 1.115211e-04 5.628944e-08
2410 1.115192e-04 5.601908e-08
2411 1.115173e-04 5.575003e-08
2412 1.115155e-04 5.548227e-08
2413 1.115137e-04 5.521579e-08
2414 1.115118e-04 5.495059e-08
2415 1.115100e-04 5.468667e-08
2416 1.115082e-04 5.442402e-08
2417 1.115064e-04 5.416262e-08
2418 1.115046e-04 5.390248e-08
2419 1.115028e-04 5.364360e-08
2420 1.115010e-04 5.338595e-08
2421 1.114993e-04 5.312954e-08
2422 1.114975e-04 5.287437e-08
2423 1.114958e-04 5.262042e-08
2424 1.114940e-04 5.236768e-08
2425 1.114923e-04 5.211617e-08
2426 1.114906e-04 5.186586e-08
2427 1.114889e-04 5.161675e-08
2428 1.114871e-04 5.136884e-08
2429 1.114854e-04 5.112212e-08
2430 1.114838e-04 5.087659e-08
2431 1.114821e-04 5.063223e-08
2432 1.114804e-04 5.038905e-08
2433 1.114787e-04 5.014703e-08
2434 1.114771e-04 4.990618e-08
2435 1.114754e-04 4.966649e-08
2436 1.114738e-04 4.942794e-08
2437 1.114722e-04 4.919055e-08
2438 1.114705e-04 4.895429e-08
2439 1.114689e-04 4.871916e-08
2440 1.114673e-04 4.848517e-08
2441 1.114657e-04 4.825230e-08
2442 1.114641e-04 4.802055e-08
2443 1.114625e-04 4.778991e-08
2444 1.114610e-04 4.756038e-08
2445 1.114594e-04 4.733195e-08
2446 1.114578e-04 4.710462e-08
2447 1.114563e-04 4.687838e-08
2448 1.114548e-04 4.665323e-08
2449 1.114532e-04 4.642916e-08
2450 1.114517e-04 4.620616e-08
2451 1.114502e-04 4.598424e-08
2452 1.114486e-04 4.576338e-08
2453 1.114471e-04 4.554358e-08
2454 1.114456e-04 4.532484e-08
2455 1.114442e-04 4.510715e-08
2456 1.114427e-04 4.489050e-08
2457 1.114412e-04 4.467490e-08
2458 1.114397e-04 4.446033e-08
2459 1.114383e-04 4.424679e-08
2460 1.114368e-04 4.403428e-08
2461 1.114354e-04 4.382278e-08
2462 1.114339e-04 4.361231e-08
2463 1.114325e-04 4.340284e-08
2464 1.114311e-04 4.319438e-08
2465 1.114296e-04 4.298692e-08
2466 1.114282e-04 4.278046e-08
2467 1.114268e-04 4.257499e-08
2468 1.114254e-04 4.237051e-08
2469 1.114240e-04 4.216700e-08
2470 1.114226e-04 4.196448e-08
2471 1.114213e-04 4.176293e-08
2472 1.114199e-04 4.156235e-08
2473 1.114185e-04 4.136272e-08
2474 1.114172e-04 4.116406e-08
2475 1.114158e-04 4.096636e-08
2476 1.114145e-04 4.076960e-08
2477 1.114131e-04 4.057379e-08
2478 1.114118e-04 4.037891e-08
2479 1.114105e-04 4.018498e-08
2480 1.114092e-04 3.999197e-08
2481 1.114079e-04 3.979989e-08
2482 1.114066e-04 3.960874e-08
2483 1.114053e-04 3.941850e-08
2484 1.114040e-04 3.922918e-08
2485 1.114027e-04 3.904076e-08
2486 1.114014e-04 3.885325e-08
2487 1.114001e-04 3.866665e-08
2488 1.113989e-04 3.848093e-08
2489 1.113976e-04 3.829611e-08
2490 1.113964e-04 3.811218e-08
2491 1.113951e-04 3.792913e-08
2492 1.113939e-04 3.774696e-08
2493 1.113926e-04 3.756567e-08
2494 1.113914e-04 3.738524e-08
2495 1.113902e-04 3.720568e-08
2496 1.113890e-04 3.702699e-08
2497 1.113877e-04 3.684915e-08
2498 1.113865e-04 3.667217e-08
2499 1.113853e-04 3.649603e-08
2500 1.113842e-04 3.632075e-08
2501 1.113830e-04 3.614630e-08
2502 1.113818e-04 3.597269e-08
2503 1.113806e-04 3.579992e-08
2504 1.113794e-04 3.562798e-08
2505 1.113783e-04 3.545686e-08
2506 1.113771e-04 3.528656e-08
2507 1.113760e-04 3.511708e-08
2508 1.113748e-04 3.494842e-08
2509 1.113737e-04 3.478057e-08
2510 1.113725e-04 3.461352e-08
2511 1.113714e-04 3.444727e-08
2512 1.113703e-04 3.428183e-08
2513 1.113692e-04 3.411717e-08
2514 1.113680e-04 3.395331e-08
2515 1.113669e-04 3.379024e-08
2516 1.113658e-04 3.362794e-08
2517 1.113647e-04 3.346643e-08
2518 1.113636e-04 3.330570e-08
2519 1.113626e-04 3.314573e-08
2520 1.113615e-04 3.298654e-08
2521 1.113604e-04 3.282811e-08
2522 1.113593e-04 3.267043e-08
2523 1.113583e-04 3.251352e-08
2524 1.113572e-04 3.235736e-08
2525 1.113562e-04 3.220195e-08
2526 1.113551e-04 3.204729e-08
2527 1.113541e-04 3.189337e-08
2528 1.113530e-04 3.174019e-08
2529 1.113520e-04 3.158774e-08
2530 1.113510e-04 3.143603e-08
2531 1.113499e-04 3.128505e-08
2532 1.113489e-04 3.113479e-08
2533 1.113479e-04 3.098525e-08
2534 1.113469e-04 3.083643e-08
2535 1.113459e-04 3.068832e-08
2536 1.113449e-04 3.054093e-08
2537 1.113439e-04 3.039425e-08
2538 1.113429e-04 3.024827e-08
2539 1.113419e-04 3.010299e-08
2540 1.113409e-04 2.995840e-08
2541 1.113400e-04 2.981452e-08
2542 1.113390e-04 2.967132e-08
2543 1.113380e-04 2.952881e-08
2544 1.113371e-04 2.938699e-08
2545 1.113361e-04 2.924584e-08
2546 1.113352e-04 2.910538e-08
2547 1.113342e-04 2.896559e-08
2548 1.113333e-04 2.882647e-08
2549 1.113323e-04 2.868802e-08
2550 1.113314e-04 2.855023e-08
2551 1.113305e-04 2.841311e-08
2552 1.113296e-04 2.827664e-08
2553 1.113286e-04 2.814083e-08
2554 1.113277e-04 2.800567e-08
2555 1.113268e-04 2.787117e-08
2556 1.113259e-04 2.773730e-08
2557 1.113250e-04 2.760408e-08
2558 1.113241e-04 2.747150e-08
2559 1.113232e-04 2.733956e-08
2560 1.113223e-04 2.720825e-08
2561 1.113214e-04 2.707757e-08
2562 1.113206e-04 2.694752e-08
2563 1.113197e-04 2.681809e-08
2564 1.113188e-04 2.668929e-08
2565 1.113180e-04 2.656110e-08
2566 1.113171e-04 2.643353e-08
2567 1.113162e-04 2.630657e-08
2568 1.113154e-04 2.618023e-08
2569 1.113145e-04 2.605448e-08
2570 1.113137e-04 2.592935e-08
2571 1.113128e-04 2.580481e-08
2572 1.113120e-04 2.568087e-08
2573 1.113112e-04 2.555753e-08
2574 1.113103e-04 2.543478e-08
2575 1.113095e-04 2.531262e-08
2576 1.113087e-04 2.519104e-08
2577 1.113079e-04 2.507005e-08
2578 1.113071e-04 2.494964e-08
2579 1.113063e-04 2.482981e-08
2580 1.113055e-04 2.471056e-08
2581 1.113047e-04 2.459188e-08
2582 1.113039e-04 2.447376e-08
2583 1.113031e-04 2.435622e-08
2584 1.113023e-04 2.423924e-08
2585 1.113015e-04 2.412282e-08
2586 1.113007e-04 2.400696e-08
2587 1.112999e-04 2.389166e-08
2588 1.112992e-04 2.377691e-08
2589 1.112984e-04 2.366271e-08
2590 1.112976e-04 2.354906e-08
2591 1.112969e-04 2.343595e-08
2592 1.112961e-04 2.332339e-08
2593 1.112953e-04 2.321137e-08
2594 1.112946e-04 2.309989e-08
2595 1.112938e-04 2.298894e-08
2596 1.112931e-04 2.287853e-08
2597 1.112924e-04 2.276865e-08
2598 1.112916e-04 2.265929e-08
2599 1.112909e-04 2.255046e-08
2600 1.112902e-04 2.244215e-08
2601 1.112894e-04 2.233436e-08
2602 1.112887e-04 2.222709e-08
2603 1.112880e-04 2.212034e-08
2604 1.112873e-04 2.201410e-08
2605 1.112866e-04 2.190837e-08
2606 1.112858e-04 2.180314e-08
2607 1.112851e-04 2.169842e-08
2608 1.112844e-04 2.159421e-08
2609 1.112837e-04 2.149049e-08
2610 1.112830e-04 2.138728e-08
2611 1.112824e-04 2.128456e-08
2612 1.112817e-04 2.118233e-08
2613 1.112810e-04 2.108059e-08
2614 1.112803e-04 2.097934e-08
2615 1.112796e-04 2.087858e-08
2616 1.112789e-04 2.077830e-08
2617 1.112783e-04 2.067851e-08
2618 1.112776e-04 2.057919e-08
2619 1.112769e-04 2.048035e-08
2620 1.112763e-04 2.038198e-08
2621 1.112756e-04 2.028409e-08
2622 1.112750e-04 2.018667e-08
2623 1.112743e-04 2.008971e-08
2624 1.112737e-04 1.999322e-08
2625 1.112730e-04 1.989720e-08
2626 1.112724e-04 1.980163e-08
2627 1.112717e-04 1.970653e-08
2628 1.112711e-04 1.961188e-08
2629 1.112705e-04 1.951769e-08
2630 1.112698e-04 1.942394e-08
2631 1.112692e-04 1.933065e-08
2632 1.112686e-04 1.923781e-08
2633 1.112680e-04 1.914541e-08
2634 1.112673e-04 1.905346e-08
2635 1.112667e-04 1.896195e-08
2636 1.112661e-04 1.887087e-08
2637 1.112655e-04 1.878024e-08
2638 1.112649e-04 1.869004e-08
2639 1.112643e-04 1.860027e-08
2640 1.112637e-04 1.851094e-08
2641 1.112631e-04 1.842203e-08
2642 1.112625e-04 1.833355e-08
2643 1.112619e-04 1.824550e-08
2644 1.112613e-04 1.815787e-08
2645 1.112607e-04 1.807065e-08
2646 1.112602e-04 1.798386e-08
2647 1.112596e-04 1.789749e-08
2648 1.112590e-04 1.781153e-08
2649 1.112584e-04 1.772598e-08
2650 1.112579e-04 1.764084e-08
2651 1.112573e-04 1.755612e-08
2652 1.112567e-04 1.747180e-08
2653 1.112562e-04 1.738788e-08
2654 1.112556e-04 1.730437e-08
2655 1.112550e-04 1.722126e-08
2656 1.112545e-04 1.713855e-08
2657 1.112539e-04 1.705623e-08
2658 1.112534e-04 1.697431e-08
2659 1.112528e-04 1.689278e-08
2660 1.112523e-04 1.681165e-08
2661 1.112518e-04 1.673091e-08
2662 1.112512e-04 1.665055e-08
2663 1.112507e-04 1.657058e-08
2664 1.112501e-04 1.649099e-08
2665 1.112496e-04 1.641179e-08
2666 1.112491e-04 1.633296e-08
2667 1.112486e-04 1.625452e-08
2668 1.112480e-04 1.617645e-08
2669 1.112475e-04 1.609875e-08
2670 1.112470e-04 1.602143e-08
2671 1.112465e-04 1.594448e-08
2672 1.112460e-04 1.586790e-08
2673 1.112455e-04 1.579169e-08
2674 1.112449e-04 1.571584e-08
2675 1.112444e-04 1.564036e-08
2676 1.112439e-04 1.556524e-08
2677 1.112434e-04 1.549048e-08
2678 1.112429e-04 1.541609e-08
2679 1.112424e-04 1.534204e-08
2680 1.112419e-04 1.526836e-08
2681 1.112415e-04 1.519502e-08
2682 1.112410e-04 1.512204e-08
2683 1.112405e-04 1.504941e-08
2684 1.112400e-04 1.497713e-08
2685 1.112395e-04 1.490520e-08
2686 1.112390e-04 1.483361e-08
2687 1.112386e-04 1.476237e-08
2688 1.112381e-04 1.469146e-08
2689 1.112376e-04 1.462090e-08
2690 1.112371e-04 1.455068e-08
2691 1.112367e-04 1.448079e-08
2692 1.112362e-04 1.441124e-08
2693 1.112357e-04 1.434203e-08
2694 1.112353e-04 1.427314e-08
2695 1.112348e-04 1.420459e-08
2696 1.112344e-04 1.413637e-08
2697 1.112339e-04 1.406847e-08
2698 1.112335e-04 1.400090e-08
2699 1.112330e-04 1.393366e-08
2700 1.112326e-04 1.386674e-08
2701 1.112321e-04 1.380014e-08
2702 1.112317e-04 1.373385e-08
2703 1.112312e-04 1.366789e-08
2704 1.112308e-04 1.360225e-08
2705 1.112303e-04 1.353692e-08
2706 1.112299e-04 1.347190e-08
2707 1.112295e-04 1.340719e-08
2708 1.112290e-04 1.334280e-08
2709 1.112286e-04 1.327872e-08
2710 1.112282e-04 1.321494e-08
2711 1.112278e-04 1.315147e-08
2712 1.112273e-04 1.308831e-08
2713 1.112269e-04 1.302544e-08
2714 1.112265e-04 1.296288e-08
2715 1.112261e-04 1.290062e-08
2716 1.112257e-04 1.283866e-08
2717 1.112253e-04 1.277700e-08
2718 1.112248e-04 1.271563e-08
2719 1.112244e-04 1.265456e-08
2720 1.112240e-04 1.259378e-08
2721 1.112236e-04 1.253330e-08
2722 1.112232e-04 1.247310e-08
2723 1.112228e-04 1.241319e-08
2724 1.112224e-04 1.235357e-08
2725 1.112220e-04 1.229424e-08
2726 1.112216e-04 1.223519e-08
2727 1.112212e-04 1.217643e-08
2728 1.112209e-04 1.211794e-08
2729 1.112205e-04 1.205974e-08
2730 1.112201e-04 1.200182e-08
2731 1.112197e-04 1.194418e-08
2732 1.112193e-04 1.188681e-08
2733 1.112189e-04 1.182972e-08
2734 1.112185e-04 1.177290e-08
2735 1.112182e-04 1.171636e-08
2736 1.112178e-04 1.166009e-08
2737 1.112174e-04 1.160408e-08
2738 1.112170e-04 1.154835e-08
2739 1.112167e-04 1.149288e-08
2740 1.112163e-04 1.143769e-08
2741 1.112159e-04 1.138275e-08
2742 1.112156e-04 1.132808e-08
2743 1.112152e-04 1.127367e-08
2744 1.112148e-04 1.121953e-08
2745 1.112145e-04 1.116564e-08
2746 1.112141e-04 1.111201e-08
2747 1.112138e-04 1.105864e-08
2748 1.112134e-04 1.100553e-08
2749 1.112131e-04 1.095267e-08
2750 1.112127e-04 1.090007e-08
2751 1.112124e-04 1.084771e-08
2752 1.112120e-04 1.079561e-08
2753 1.112117e-04 1.074376e-08
2754 1.112113e-04 1.069216e-08
2755 1.112110e-04 1.064081e-08
2756 1.112106e-04 1.058970e-08
2757 1.112103e-04 1.053884e-08
2758 1.112100e-04 1.048822e-08
2759 1.112096e-04 1.043785e-08
2760 1.112093e-04 1.038772e-08
2761 1.112090e-04 1.033783e-08
2762 1.112086e-04 1.028817e-08
2763 1.112083e-04 1.023876e-08
2764 1.112080e-04 1.018958e-08
2765 1.112076e-04 1.014064e-08
2766 1.112073e-04 1.009194e-08
2767 1.112070e-04 1.004347e-08
2768 1.112067e-04 9.995232e-09
