# step err_l2 res_l2
0 2.462974e-01 1.000000e+00
1 2.193396e-01 4.080350e-01
2 2.114953e-01 2.023380e-01
3 2.039080e-01 1.128394e-01
4 1.983805e-01 6.898025e-02
5 1.933937e-01 5.400910e-02
6 1.890033e-01 4.477087e-02
7 1.850000e-01 3.902762e-02
8 1.813254e-01 3.458797e-02
9 1.779150e-01 3.117273e-02
10 1.747286e-01 2.841893e-02
11 1.717336e-01 2.616358e-02
12 1.689048e-01 2.427226e-02
13 1.662222e-01 2.265959e-02
14 1.636694e-01 2.126342e-02
15 1.612328e-01 2.004033e-02
16 1.589011e-01 1.895805e-02
17 1.566646e-01 1.799245e-02
18 1.545150e-01 1.712474e-02
19 1.524451e-01 1.634010e-02
20 1.504488e-01 1.562661e-02
21 1.485204e-01 1.497459e-02
22 1.466552e-01 1.437603e-02
23 1.448489e-01 1.382430e-02
24 1.430975e-01 1.331385e-02
25 1.413976e-01 1.283999e-02
26 1.397461e-01 1.239872e-02
27 1.381401e-01 1.198664e-02
28 1.365771e-01 1.160080e-02
29 1.350546e-01 1.123866e-02
30 1.335706e-01 1.089800e-02
31 1.321230e-01 1.057689e-02
32 1.307101e-01 1.027361e-02
33 1.293300e-01 9.986656e-03
34 1.279814e-01 9.714694e-03
35 1.266627e-01 9.456531e-03
36 1.253725e-01 9.211104e-03
37 1.241096e-01 8.977461e-03
38 1.228729e-01 8.754744e-03
39 1.216612e-01 8.542180e-03
40 1.204736e-01 8.339071e-03
41 1.193089e-01 8.144784e-03
42 1.181664e-01 7.958745e-03
43 1.170452e-01 7.780428e-03
44 1.159444e-01 7.609355e-03
45 1.148633e-01 7.445090e-03
46 1.138012e-01 7.287231e-03
47 1.127575e-01 7.135409e-03
48 1.117313e-01 6.989286e-03
49 1.107222e-01 6.848550e-03
50 1.097296e-01 6.712911e-03
51 1.087529e-01 6.582102e-03
52 1.077916e-01 6.455877e-03
53 1.068452e-01 6.334004e-03
54 1.059132e-01 6.216270e-03
55 1.049951e-01 6.102476e-03
56 1.040906e-01 5.992436e-03
57 1.031992e-01 5.885976e-03
58 1.023205e-01 5.782933e-03
59 1.014542e-01 5.683156e-03
60 1.005998e-01 5.586500e-03
61 9.975710e-02 5.492832e-03
62 9.892569e-02 5.402024e-03
63 9.810529e-02 5.313957e-03
64 9.729558e-02 5.228518e-03
65 9.649627e-02 5.145601e-03
66 9.570709e-02 5.065104e-03
67 9.492778e-02 4.986932e-03
68 9.415807e-02 4.910994e-03
69 9.339772e-02 4.837203e-03
70 9.264649e-02 4.765479e-03
71 9.190417e-02 4.695741e-03
72 9.117052e-02 4.627917e-03
73 9.044535e-02 4.561935e-03
74 8.972845e-02 4.497728e-03
75 8.901963e-02 4.435230e-03
76 8.831871e-02 4.374379e-03
77 8.762549e-02 4.315117e-03
78 8.693982e-02 4.257387e-03
79 8.626153e-02 4.201134e-03
80 8.559045e-02 4.146305e-03
81 8.492644e-02 4.092852e-03
82 8.426933e-02 4.040726e-03
83 8.361900e-02 3.989881e-03
84 8.297531e-02 3.940272e-03
85 8.233811e-02 3.891857e-03
86 8.170728e-02 3.844595e-03
87 8.108271e-02 3.798447e-03
88 8.046426e-02 3.753374e-03
89 7.985182e-02 3.709341e-03
90 7.924529e-02 3.666311e-03
91 7.864454e-02 3.624252e-03
92 7.804949e-02 3.583130e-03
93 7.746003e-02 3.542915e-03
94 7.687605e-02 3.503576e-03
95 7.629748e-02 3.465084e-03
96 7.572421e-02 3.427410e-03
97 7.515615e-02 3.390529e-03
98 7.459323e-02 3.354413e-03
99 7.403536e-02 3.319039e-03
100 7.348245e-02 3.284381e-03
101 7.293444e-02 3.250416e-03
102 7.239124e-02 3.217122e-03
103 7.185279e-02 3.184477e-03
104 7.131901e-02 3.152460e-03
105 7.078983e-02 3.121052e-03
106 7.026518e-02 3.090232e-03
107 6.974501e-02 3.059982e-03
108 6.922925e-02 3.030285e-03
109 6.871784e-02 3.001122e-03
110 6.821071e-02 2.972477e-03
111 6.770781e-02 2.944334e-03
112 6.720909e-02 2.916678e-03
113 6.671449e-02 2.889493e-03
114 6.622395e-02 2.862765e-03
115 6.573743e-02 2.836480e-03
116 6.525487e-02 2.810624e-03
117 6.477622e-02 2.785186e-03
118 6.430144e-02 2.760152e-03
119 6.383049e-02 2.735510e-03
120 6.336330e-02 2.711250e-03
121 6.289985e-02 2.687359e-03
122 6.244009e-02 2.663827e-03
123 6.198397e-02 2.640644e-03
124 6.153145e-02 2.617800e-03
125 6.108249e-02 2.595285e-03
126 6.063706e-02 2.573090e-03
127 6.019511e-02 2.551206e-03
128 5.975661e-02 2.529625e-03
129 5.932153e-02 2.508338e-03
130 5.888981e-02 2.487338e-03
131 5.846143e-02 2.466617e-03
132 5.803636e-02 2.446167e-03
133 5.761456e-02 2.425981e-03
134 5.719600e-02 2.406053e-03
135 5.678064e-02 2.386376e-03
136 5.636845e-02 2.366943e-03
137 5.595941e-02 2.347749e-03
138 5.555347e-02 2.328787e-03
139 5.515062e-02 2.310052e-03
140 5.475082e-02 2.291539e-03
141 5.435404e-02 2.273241e-03
142 5.396025e-02 2.255155e-03
143 5.356944e-02 2.237275e-03
144 5.318155e-02 2.219596e-03
145 5.279659e-02 2.202114e-03
146 5.241450e-02 2.184825e-03
147 5.203527e-02 2.167723e-03
148 5.165888e-02 2.150806e-03
149 5.128530e-02 2.134069e-03
150 5.091450e-02 2.117508e-03
151 5.054645e-02 2.101119e-03
152 5.018114e-02 2.084900e-03
153 4.981854e-02 2.068847e-03
154 4.945863e-02 2.052955e-03
155 4.910138e-02 2.037223e-03
156 4.874678e-02 2.021647e-03
157 4.839479e-02 2.006224e-03
158 4.804540e-02 1.990951e-03
159 4.769858e-02 1.975826e-03
160 4.735432e-02 1.960845e-03
161 4.701259e-02 1.946007e-03
162 4.667338e-02 1.931308e-03
163 4.633665e-02 1.916746e-03
164 4.600239e-02 1.902319e-03
165 4.567058e-02 1.888024e-03
166 4.534121e-02 1.873860e-03
167 4.501424e-02 1.859823e-03
168 4.468967e-02 1.845913e-03
169 4.436747e-02 1.832127e-03
170 4.404762e-02 1.818463e-03
171 4.373010e-02 1.804919e-03
172 4.341490e-02 1.791494e-03
173 4.310200e-02 1.778185e-03
174 4.279138e-02 1.764991e-03
175 4.248302e-02 1.751911e-03
176 4.217691e-02 1.738942e-03
177 4.187302e-02 1.726083e-03
178 4.157134e-02 1.713332e-03
179 4.127186e-02 1.700688e-03
180 4.097454e-02 1.688150e-03
181 4.067939e-02 1.675716e-03
182 4.038638e-02 1.663385e-03
183 4.009550e-02 1.651155e-03
184 3.980672e-02 1.639026e-03
185 3.952004e-02 1.626995e-03
186 3.923543e-02 1.615062e-03
187 3.895289e-02 1.603225e-03
188 3.867239e-02 1.591484e-03
189 3.839392e-02 1.579837e-03
190 3.811747e-02 1.568283e-03
191 3.784301e-02 1.556820e-03
192 3.757054e-02 1.545449e-03
193 3.730005e-02 1.534167e-03
194 3.703150e-02 1.522975e-03
195 3.676490e-02 1.511870e-03
196 3.650022e-02 1.500852e-03
197 3.623746e-02 1.489920e-03
198 3.597659e-02 1.479073e-03
199 3.571760e-02 1.468310e-03
200 3.546049e-02 1.457630e-03
201 3.520523e-02 1.447033e-03
202 3.495181e-02 1.436517e-03
203 3.470022e-02 1.426082e-03
204 3.445044e-02 1.415727e-03
205 3.420247e-02 1.405451e-03
206 3.395628e-02 1.395254e-03
207 3.371187e-02 1.385133e-03
208 3.346922e-02 1.375090e-03
209 3.322832e-02 1.365123e-03
210 3.298915e-02 1.355231e-03
211 3.275171e-02 1.345413e-03
212 3.251598e-02 1.335670e-03
213 3.228194e-02 1.326000e-03
214 3.204960e-02 1.316402e-03
215 3.181892e-02 1.306877e-03
216 3.158991e-02 1.297422e-03
217 3.136254e-02 1.288038e-03
218 3.113681e-02 1.278724e-03
219 3.091271e-02 1.269480e-03
220 3.069022e-02 1.260304e-03
221 3.046933e-02 1.251197e-03
222 3.025003e-02 1.242157e-03
223 3.003231e-02 1.233183e-03
224 2.981616e-02 1.224277e-03
225 2.960156e-02 1.215436e-03
226 2.938850e-02 1.206660e-03
227 2.917698e-02 1.197950e-03
228 2.896698e-02 1.189303e-03
229 2.875849e-02 1.180720e-03
230 2.855150e-02 1.172200e-03
231 2.834600e-02 1.163743e-03
232 2.814197e-02 1.155347e-03
233 2.793942e-02 1.147014e-03
234 2.773832e-02 1.138741e-03
235 2.753867e-02 1.130529e-03
236 2.734045e-02 1.122377e-03
237 2.714366e-02 1.114285e-03
238 2.694828e-02 1.106251e-03
239 2.675431e-02 1.098277e-03
240 2.656174e-02 1.090360e-03
241 2.637055e-02 1.082502e-03
242 2.618073e-02 1.074700e-03
243 2.599228e-02 1.066956e-03
244 2.580518e-02 1.059267e-03
245 2.561943e-02 1.051635e-03
246 2.543501e-02 1.044058e-03
247 2.525192e-02 1.036536e-03
248 2.507015e-02 1.029069e-03
249 2.488968e-02 1.021656e-03
250 2.471052e-02 1.014297e-03
251 2.453263e-02 1.006991e-03
252 2.435603e-02 9.997383e-04
253 2.418070e-02 9.925380e-04
254 2.400663e-02 9.853899e-04
255 2.383381e-02 9.782936e-04
256 2.366223e-02 9.712486e-04
257 2.349189e-02 9.642546e-04
258 2.332277e-02 9.573112e-04
259 2.315486e-02 9.504180e-04
260 2.298817e-02 9.435746e-04
261 2.282267e-02 9.367808e-04
262 2.265836e-02 9.300359e-04
263 2.249524e-02 9.233399e-04
264 2.233328e-02 9.166921e-04
265 2.217249e-02 9.100924e-04
266 2.201286e-02 9.035403e-04
267 2.185437e-02 8.970354e-04
268 2.169703e-02 8.905775e-04
269 2.154081e-02 8.841662e-04
270 2.138572e-02 8.778011e-04
271 2.123175e-02 8.714820e-04
272 2.107888e-02 8.652083e-04
273 2.092711e-02 8.589799e-04
274 2.077643e-02 8.527963e-04
275 2.062684e-02 8.466574e-04
276 2.047832e-02 8.405626e-04
277 2.033087e-02 8.345117e-04
278 2.018448e-02 8.285044e-04
279 2.003914e-02 8.225404e-04
280 1.989485e-02 8.166192e-04
281 1.975159e-02 8.107408e-04
282 1.960937e-02 8.049046e-04
283 1.946817e-02 7.991104e-04
284 1.932798e-02 7.933579e-04
285 1.918880e-02 7.876468e-04
286 1.905062e-02 7.819768e-04
287 1.891344e-02 7.763476e-04
288 1.877724e-02 7.707589e-04
289 1.864203e-02 7.652103e-04
290 1.850778e-02 7.597017e-04
291 1.837451e-02 7.542327e-04
292 1.824219e-02 7.488030e-04
293 1.811082e-02 7.434123e-04
294 1.798040e-02 7.380604e-04
295 1.785091e-02 7.327470e-04
296 1.772236e-02 7.274717e-04
297 1.759473e-02 7.222344e-04
298 1.746802e-02 7.170347e-04
299 1.734222e-02 7.118724e-04
300 1.721733e-02 7.067472e-04
301 1.709333e-02 7.016588e-04
302 1.697023e-02 6.966070e-04
303 1.684802e-02 6.915915e-04
304 1.672668e-02 6.866120e-04
305 1.660621e-02 6.816683e-04
306 1.648662e-02 6.767601e-04
307 1.636788e-02 6.718872e-04
308 1.625000e-02 6.670493e-04
309 1.613296e-02 6.622462e-04
310 1.601677e-02 6.574775e-04
311 1.590142e-02 6.527431e-04
312 1.578689e-02 6.480427e-04
313 1.567319e-02 6.433761e-04
314 1.556031e-02 6.387430e-04
315 1.544824e-02 6.341432e-04
316 1.533698e-02 6.295764e-04
317 1.522651e-02 6.250425e-04
318 1.511685e-02 6.205411e-04
319 1.500797e-02 6.160720e-04
320 1.489987e-02 6.116350e-04
321 1.479256e-02 6.072299e-04
322 1.468601e-02 6.028564e-04
323 1.458024e-02 5.985144e-04
324 1.447522e-02 5.942035e-04
325 1.437096e-02 5.899236e-04
326 1.426746e-02 5.856745e-04
327 1.416469e-02 5.814558e-04
328 1.406267e-02 5.772675e-04
329 1.396138e-02 5.731092e-04
330 1.386082e-02 5.689808e-04
331 1.376099e-02 5.648821e-04
332 1.366187e-02 5.608127e-04
333 1.356347e-02 5.567727e-04
334 1.346578e-02 5.527616e-04
335 1.336879e-02 5.487794e-04
336 1.327250e-02 5.448257e-04
337 1.317690e-02 5.409005e-04
338 1.308199e-02 5.370034e-04
339 1.298776e-02 5.331343e-04
340 1.289422e-02 5.292931e-04
341 1.280134e-02 5.254794e-04
342 1.270914e-02 5.216931e-04
343 1.261760e-02 5.179340e-04
344 1.252672e-02 5.142019e-04
345 1.243649e-02 5.104967e-04
346 1.234692e-02 5.068180e-04
347 1.225799e-02 5.031658e-04
348 1.216970e-02 4.995398e-04
349 1.208204e-02 4.959398e-04
350 1.199502e-02 4.923658e-04
351 1.190863e-02 4.888173e-04
352 1.182285e-02 4.852944e-04
353 1.173770e-02 4.817968e-04
354 1.165316e-02 4.783244e-04
355 1.156922e-02 4.748768e-04
356 1.148590e-02 4.714541e-04
357 1.140317e-02 4.680559e-04
358 1.132104e-02 4.646822e-04
359 1.123950e-02 4.613327e-04
360 1.115855e-02 4.580073e-04
361 1.107818e-02 4.547057e-04
362 1.099840e-02 4.514279e-04
363 1.091918e-02 4.481737e-04
364 1.084054e-02 4.449428e-04
365 1.076246e-02 4.417351e-04
366 1.068495e-02 4.385505e-04
367 1.060800e-02 4.353888e-04
368 1.053160e-02 4.322498e-04
369 1.045575e-02 4.291334e-04
370 1.038045e-02 4.260394e-04
371 1.030569e-02 4.229676e-04
372 1.023147e-02 4.199179e-04
373 1.015778e-02 4.168901e-04
374 1.008463e-02 4.138841e-04
375 1.001201e-02 4.108996e-04
376 9.939903e-03 4.079367e-04
377 9.868320e-03 4.049950e-04
378 9.797254e-03 4.020745e-04
379 9.726700e-03 3.991750e-04
380 9.656655e-03 3.962963e-04
381 9.587114e-03 3.934383e-04
382 9.518076e-03 3.906009e-04
383 9.449535e-03 3.877839e-04
384 9.381488e-03 3.849871e-04
385 9.313933e-03 3.822104e-04
386 9.246864e-03 3.794537e-04
387 9.180279e-03 3.767169e-04
388 9.114175e-03 3.739997e-04
389 9.048547e-03 3.713020e-04
390 8.983392e-03 3.686238e-04
391 8.918708e-03 3.659648e-04
392 8.854490e-03 3.633249e-04
393 8.790735e-03 3.607040e-04
394 8.727440e-03 3.581020e-04
395 8.664602e-03 3.555187e-04
396 8.602217e-03 3.529540e-04
397 8.540282e-03 3.504077e-04
398 8.478794e-03 3.478797e-04
399 8.417750e-03 3.453699e-04
400 8.357146e-03 3.428782e-04
401 8.296979e-03 3.404044e-04
402 8.237246e-03 3.379484e-04
403 8.177944e-03 3.355100e-04
404 8.119071e-03 3.330892e-04
405 8.060622e-03 3.306859e-04
406 8.002594e-03 3.282998e-04
407 7.944986e-03 3.259309e-04
408 7.887793e-03 3.235790e-04
409 7.831013e-03 3.212440e-04
410 7.774642e-03 3.189259e-04
411 7.718679e-03 3.166244e-04
412 7.663119e-03 3.143395e-04
413 7.607960e-03 3.120711e-04
414 7.553200e-03 3.098189e-04
415 7.498834e-03 3.075830e-04
416 7.444861e-03 3.053632e-04
417 7.391278e-03 3.031593e-04
418 7.338081e-03 3.009713e-04
419 7.285269e-03 2.987991e-04
420 7.232837e-03 2.966425e-04
421 7.180784e-03 2.945014e-04
422 7.129107e-03 2.923757e-04
423 7.077803e-03 2.902653e-04
424 7.026869e-03 2.881702e-04
425 6.976303e-03 2.860901e-04
426 6.926101e-03 2.840250e-04
427 6.876263e-03 2.819747e-04
428 6.826784e-03 2.799392e-04
429 6.777662e-03 2.779184e-04
430 6.728895e-03 2.759121e-04
431 6.680480e-03 2.739203e-04
432 6.632415e-03 2.719428e-04
433 6.584697e-03 2.699795e-04
434 6.537323e-03 2.680304e-04
435 6.490291e-03 2.660953e-04
436 6.443599e-03 2.641742e-04
437 6.397244e-03 2.622669e-04
438 6.351224e-03 2.603733e-04
439 6.305536e-03 2.584934e-04
440 6.260179e-03 2.566270e-04
441 6.215148e-03 2.547740e-04
442 6.170443e-03 2.529344e-04
443 6.126061e-03 2.511081e-04
444 6.081999e-03 2.492949e-04
445 6.038256e-03 2.474947e-04
446 5.994829e-03 2.457076e-04
447 5.951715e-03 2.439333e-04
448 5.908912e-03 2.421717e-04
449 5.866419e-03 2.404229e-04
450 5.824233e-03 2.386867e-04
451 5.782351e-03 2.369630e-04
452 5.740772e-03 2.352517e-04
453 5.699494e-03 2.335527e-04
454 5.658513e-03 2.318660e-04
455 5.617829e-03 2.301914e-04
456 5.577438e-03 2.285289e-04
457 5.537340e-03 2.268784e-04
458 5.497531e-03 2.252398e-04
459 5.458009e-03 2.236130e-04
460 5.418773e-03 2.219979e-04
461 5.379821e-03 2.203944e-04
462 5.341150e-03 2.188025e-04
463 5.302758e-03 2.172221e-04
464 5.264644e-03 2.156530e-04
465 5.226806e-03 2.140953e-04
466 5.189240e-03 2.125488e-04
467 5.151947e-03 2.110135e-04
468 5.114922e-03 2.094892e-04
469 5.078165e-03 2.079759e-04
470 5.041674e-03 2.064735e-04
471 5.005447e-03 2.049819e-04
472 4.969481e-03 2.035011e-04
473 4.933775e-03 2.020310e-04
474 4.898328e-03 2.005715e-04
475 4.863136e-03 1.991225e-04
476 4.828199e-03 1.976839e-04
477 4.793515e-03 1.962557e-04
478 4.759081e-03 1.948378e-04
479 4.724896e-03 1.934301e-04
480 4.690958e-03 1.920326e-04
481 4.657265e-03 1.906452e-04
482 4.623816e-03 1.892677e-04
483 4.590609e-03 1.879002e-04
484 4.557642e-03 1.865426e-04
485 4.524913e-03 1.851947e-04
486 4.492421e-03 1.838566e-04
487 4.460163e-03 1.825281e-04
488 4.428139e-03 1.812092e-04
489 4.396346e-03 1.798998e-04
490 4.364784e-03 1.785999e-04
491 4.333449e-03 1.773093e-04
492 4.302341e-03 1.760280e-04
493 4.271458e-03 1.747560e-04
494 4.240798e-03 1.734931e-04
495 4.210360e-03 1.722394e-04
496 4.180142e-03 1.709947e-04
497 4.150142e-03 1.697590e-04
498 4.120360e-03 1.685322e-04
499 4.090793e-03 1.673142e-04
500 4.061439e-03 1.661051e-04
501 4.032298e-03 1.649046e-04
502 4.003368e-03 1.637128e-04
503 3.974646e-03 1.625297e-04
504 3.946133e-03 1.613550e-04
505 3.917826e-03 1.601888e-04
506 3.889723e-03 1.590311e-04
507 3.861824e-03 1.578817e-04
508 3.834127e-03 1.567406e-04
509 3.806629e-03 1.556077e-04
510 3.779331e-03 1.544830e-04
511 3.752230e-03 1.533664e-04
512 3.725326e-03 1.522578e-04
513 3.698616e-03 1.511573e-04
514 3.672099e-03 1.500647e-04
515 3.645774e-03 1.489800e-04
516 3.619639e-03 1.479031e-04
517 3.593693e-03 1.468340e-04
518 3.567936e-03 1.457726e-04
519 3.542364e-03 1.447189e-04
520 3.516978e-03 1.436728e-04
521 3.491775e-03 1.426342e-04
522 3.466754e-03 1.416031e-04
523 3.441915e-03 1.405795e-04
524 3.417255e-03 1.395632e-04
525 3.392774e-03 1.385543e-04
526 3.368470e-03 1.375527e-04
527 3.344342e-03 1.365583e-04
528 3.320388e-03 1.355711e-04
529 3.296608e-03 1.345910e-04
530 3.272999e-03 1.336179e-04
531 3.249562e-03 1.326519e-04
532 3.226294e-03 1.316929e-04
533 3.203195e-03 1.307408e-04
534 3.180263e-03 1.297956e-04
535 3.157497e-03 1.288572e-04
536 3.134895e-03 1.279255e-04
537 3.112458e-03 1.270006e-04
538 3.090182e-03 1.260824e-04
539 3.068068e-03 1.251708e-04
540 3.046114e-03 1.242658e-04
541 3.024319e-03 1.233673e-04
542 3.002681e-03 1.224753e-04
543 2.981201e-03 1.215898e-04
544 2.959876e-03 1.207106e-04
545 2.938705e-03 1.198378e-04
546 2.917687e-03 1.189713e-04
547 2.896822e-03 1.181110e-04
548 2.876107e-03 1.172570e-04
549 2.855543e-03 1.164091e-04
550 2.835128e-03 1.155674e-04
551 2.814860e-03 1.147317e-04
552 2.794739e-03 1.139021e-04
553 2.774764e-03 1.130784e-04
554 2.754934e-03 1.122607e-04
555 2.735247e-03 1.114490e-04
556 2.715703e-03 1.106430e-04
557 2.696300e-03 1.098429e-04
558 2.677038e-03 1.090486e-04
559 2.657915e-03 1.082600e-04
560 2.638931e-03 1.074771e-04
561 2.620084e-03 1.066999e-04
562 2.601374e-03 1.059282e-04
563 2.582799e-03 1.051622e-04
564 2.564359e-03 1.044017e-04
565 2.546053e-03 1.036466e-04
566 2.527879e-03 1.028971e-04
567 2.509837e-03 1.021529e-04
568 2.491925e-03 1.014141e-04
569 2.474143e-03 1.006807e-04
570 2.456490e-03 9.995254e-05
571 2.438965e-03 9.922965e-05
572 2.421567e-03 9.851199e-05
573 2.404296e-03 9.779951e-05
574 2.387149e-03 9.709217e-05
575 2.370126e-03 9.638995e-05
576 2.353227e-03 9.569280e-05
577 2.336450e-03 9.500069e-05
578 2.319795e-03 9.431358e-05
579 2.303261e-03 9.363143e-05
580 2.286846e-03 9.295421e-05
581 2.270551e-03 9.228188e-05
582 2.254373e-03 9.161441e-05
583 2.238313e-03 9.095177e-05
584 2.222370e-03 9.029391e-05
585 2.206541e-03 8.964080e-05
586 2.190828e-03 8.899242e-05
587 2.175229e-03 8.834871e-05
588 2.159742e-03 8.770966e-05
589 2.144368e-03 8.707523e-05
590 2.129105e-03 8.644538e-05
591 2.113953e-03 8.582009e-05
592 2.098911e-03 8.519931e-05
593 2.083978e-03 8.458302e-05
594 2.069154e-03 8.397118e-05
595 2.054437e-03 8.336376e-05
596 2.039826e-03 8.276074e-05
597 2.025322e-03 8.216207e-05
598 2.010922e-03 8.156772e-05
599 1.996628e-03 8.097768e-05
600 1.982437e-03 8.039189e-05
601 1.968348e-03 7.981034e-05
602 1.954362e-03 7.923300e-05
603 1.940478e-03 7.865982e-05
604 1.926694e-03 7.809079e-05
605 1.913011e-03 7.752587e-05
606 1.899426e-03 7.696504e-05
607 1.885940e-03 7.640825e-05
608 1.872552e-03 7.585550e-05
609 1.859261e-03 7.530673e-05
610 1.846067e-03 7.476194e-05
611 1.832968e-03 7.422108e-05
612 1.819965e-03 7.368413e-05
613 1.807056e-03 7.315106e-05
614 1.794240e-03 7.262185e-05
615 1.781518e-03 7.209646e-05
616 1.768888e-03 7.157486e-05
617 1.756350e-03 7.105704e-05
618 1.743902e-03 7.054296e-05
619 1.731546e-03 7.003260e-05
620 1.719278e-03 6.952593e-05
621 1.707100e-03 6.902292e-05
622 1.695011e-03 6.852355e-05
623 1.683009e-03 6.802778e-05
624 1.671094e-03 6.753560e-05
625 1.659266e-03 6.704698e-05
626 1.647524e-03 6.656189e-05
627 1.635867e-03 6.608031e-05
628 1.624295e-03 6.560221e-05
629 1.612807e-03 6.512756e-05
630 1.601402e-03 6.465635e-05
631 1.590081e-03 6.418854e-05
632 1.578841e-03 6.372412e-05
633 1.567683e-03 6.326305e-05
634 1.556607e-03 6.280532e-05
635 1.545611e-03 6.235090e-05
636 1.534694e-03 6.189976e-05
637 1.523858e-03 6.145188e-05
638 1.513099e-03 6.100724e-05
639 1.502420e-03 6.056582e-05
640 1.491817e-03 6.012759e-05
641 1.481292e-03 5.969253e-05
642 1.470844e-03 5.926061e-05
643 1.460471e-03 5.883182e-05
644 1.450174e-03 5.840612e-05
645 1.439952e-03 5.798351e-05
646 1.429804e-03 5.756395e-05
647 1.419730e-03 5.714742e-05
648 1.409729e-03 5.673391e-05
649 1.399801e-03 5.632338e-05
650 1.389946e-03 5.591583e-05
651 1.380162e-03 5.551122e-05
652 1.370449e-03 5.510954e-05
653 1.360807e-03 5.471076e-05
654 1.351235e-03 5.431487e-05
655 1.341733e-03 5.392183e-05
656 1.332300e-03 5.353165e-05
657 1.322935e-03 5.314428e-05
658 1.313639e-03 5.275971e-05
659 1.304411e-03 5.237793e-05
660 1.295250e-03 5.199890e-05
661 1.286155e-03 5.162262e-05
662 1.277127e-03 5.124906e-05
663 1.268165e-03 5.087820e-05
664 1.259268e-03 5.051002e-05
665 1.250435e-03 5.014451e-05
666 1.241667e-03 4.978163e-05
667 1.232963e-03 4.942139e-05
668 1.224323e-03 4.906374e-05
669 1.215745e-03 4.870869e-05
670 1.207230e-03 4.835620e-05
671 1.198777e-03 4.800626e-05
672 1.190386e-03 4.765886e-05
673 1.182056e-03 4.731396e-05
674 1.173786e-03 4.697156e-05
675 1.165577e-03 4.663164e-05
676 1.157428e-03 4.629417e-05
677 1.149339e-03 4.595915e-05
678 1.141308e-03 4.562655e-05
679 1.133336e-03 4.529635e-05
680 1.125422e-03 4.496855e-05
681 1.117566e-03 4.464311e-05
682 1.109767e-03 4.432003e-05
683 1.102026e-03 4.399928e-05
684 1.094341e-03 4.368086e-05
685 1.086711e-03 4.336473e-05
686 1.079138e-03 4.305090e-05
687 1.071620e-03 4.273933e-05
688 1.064157e-03 4.243002e-05
689 1.056749e-03 4.212295e-05
690 1.049394e-03 4.181810e-05
691 1.042094e-03 4.151545e-05
692 1.034846e-03 4.121499e-05
693 1.027652e-03 4.091670e-05
694 1.020510e-03 4.062058e-05
695 1.013421e-03 4.032659e-05
696 1.006383e-03 4.003473e-05
697 9.993974e-04 3.974499e-05
698 9.924625e-04 3.945733e-05
699 9.855783e-04 3.917176e-05
700 9.787446e-04 3.888826e-05
701 9.719608e-04 3.860680e-05
702 9.652267e-04 3.832739e-05
703 9.585420e-04 3.804999e-05
704 9.519062e-04 3.777460e-05
705 9.453190e-04 3.750120e-05
706 9.387800e-04 3.722978e-05
707 9.322890e-04 3.696033e-05
708 9.258456e-04 3.669282e-05
709 9.194494e-04 3.642725e-05
710 9.131001e-04 3.616360e-05
711 9.067974e-04 3.590186e-05
712 9.005409e-04 3.564201e-05
713 8.943303e-04 3.538404e-05
714 8.881652e-04 3.512794e-05
715 8.820454e-04 3.487369e-05
716 8.759706e-04 3.462128e-05
717 8.699403e-04 3.437069e-05
718 8.639543e-04 3.412192e-05
719 8.580123e-04 3.387495e-05
720 8.521139e-04 3.362976e-05
721 8.462589e-04 3.338635e-05
722 8.404469e-04 3.314470e-05
723 8.346776e-04 3.290480e-05
724 8.289507e-04 3.266664e-05
725 8.232659e-04 3.243019e-05
726 8.176230e-04 3.219546e-05
727 8.120216e-04 3.196243e-05
728 8.064614e-04 3.173108e-05
729 8.009421e-04 3.150141e-05
730 7.954634e-04 3.127339e-05
731 7.900251e-04 3.104703e-05
732 7.846269e-04 3.082231e-05
733 7.792684e-04 3.059921e-05
734 7.739494e-04 3.037773e-05
735 7.686696e-04 3.015784e-05
736 7.634287e-04 2.993955e-05
737 7.582265e-04 2.972284e-05
738 7.530627e-04 2.950770e-05
739 7.479369e-04 2.929411e-05
740 7.428490e-04 2.908207e-05
741 7.377987e-04 2.887157e-05
742 7.327856e-04 2.866258e-05
743 7.278095e-04 2.845511e-05
744 7.228702e-04 2.824914e-05
745 7.179675e-04 2.804466e-05
746 7.131009e-04 2.784166e-05
747 7.082704e-04 2.764013e-05
748 7.034755e-04 2.744006e-05
749 6.987162e-04 2.724143e-05
750 6.939920e-04 2.704425e-05
751 6.893028e-04 2.684849e-05
752 6.846484e-04 2.665414e-05
753 6.800284e-04 2.646120e-05
754 6.754427e-04 2.626966e-05
755 6.708909e-04 2.607951e-05
756 6.663729e-04 2.589073e-05
757 6.618884e-04 2.570331e-05
758 6.574372e-04 2.551726e-05
759 6.530189e-04 2.533254e-05
760 6.486335e-04 2.514917e-05
761 6.442807e-04 2.496712e-05
762 6.399602e-04 2.478639e-05
763 6.356718e-04 2.460697e-05
764 6.314152e-04 2.442885e-05
765 6.271904e-04 2.425201e-05
766 6.229969e-04 2.407646e-05
767 6.188347e-04 2.390217e-05
768 6.147034e-04 2.372915e-05
769 6.106029e-04 2.355738e-05
770 6.065329e-04 2.338685e-05
771 6.024933e-04 2.321755e-05
772 5.984838e-04 2.304949e-05
773 5.945042e-04 2.288263e-05
774 5.905542e-04 2.271699e-05
775 5.866338e-04 2.255254e-05
776 5.827426e-04 2.238929e-05
777 5.788805e-04 2.222721e-05
778 5.750473e-04 2.206631e-05
779 5.712427e-04 2.190657e-05
780 5.674665e-04 2.174799e-05
781 5.637186e-04 2.159056e-05
782 5.599988e-04 2.143426e-05
783 5.563068e-04 2.127910e-05
784 5.526425e-04 2.112506e-05
785 5.490056e-04 2.097213e-05
786 5.453960e-04 2.082031e-05
787 5.418135e-04 2.066959e-05
788 5.382578e-04 2.051996e-05
789 5.347289e-04 2.037142e-05
790 5.312265e-04 2.022395e-05
791 5.277503e-04 2.007754e-05
792 5.243004e-04 1.993220e-05
793 5.208763e-04 1.978791e-05
794 5.174781e-04 1.964466e-05
795 5.141054e-04 1.950245e-05
796 5.107581e-04 1.936126e-05
797 5.074361e-04 1.922110e-05
798 5.041391e-04 1.908196e-05
799 5.008669e-04 1.894382e-05
800 4.976195e-04 1.880668e-05
801 4.943966e-04 1.867053e-05
802 4.911981e-04 1.853537e-05
803 4.880237e-04 1.840119e-05
804 4.848733e-04 1.826798e-05
805 4.817468e-04 1.813573e-05
806 4.786440e-04 1.800444e-05
807 4.755646e-04 1.787410e-05
808 4.725086e-04 1.774470e-05
809 4.694758e-04 1.761624e-05
810 4.664660e-04 1.748871e-05
811 4.634791e-04 1.736210e-05
812 4.605149e-04 1.723641e-05
813 4.575732e-04 1.711163e-05
814 4.546538e-04 1.698775e-05
815 4.517567e-04 1.686477e-05
816 4.488817e-04 1.674268e-05
817 4.460285e-04 1.662147e-05
818 4.431972e-04 1.650114e-05
819 4.403874e-04 1.638168e-05
820 4.375991e-04 1.626309e-05
821 4.348321e-04 1.614535e-05
822 4.320862e-04 1.602847e-05
823 4.293613e-04 1.591243e-05
824 4.266573e-04 1.579723e-05
825 4.239741e-04 1.568287e-05
826 4.213113e-04 1.556933e-05
827 4.186690e-04 1.545661e-05
828 4.160470e-04 1.534471e-05
829 4.134451e-04 1.523363e-05
830 4.108633e-04 1.512334e-05
831 4.083013e-04 1.501385e-05
832 4.057590e-04 1.490516e-05
833 4.032362e-04 1.479725e-05
834 4.007330e-04 1.469013e-05
835 3.982490e-04 1.458377e-05
836 3.957842e-04 1.447819e-05
837 3.933385e-04 1.437338e-05
838 3.909116e-04 1.426932e-05
839 3.885036e-04 1.416601e-05
840 3.861141e-04 1.406345e-05
841 3.837432e-04 1.396164e-05
842 3.813907e-04 1.386056e-05
843 3.790564e-04 1.376022e-05
844 3.767403e-04 1.366060e-05
845 3.744422e-04 1.356170e-05
846 3.721619e-04 1.346351e-05
847 3.698994e-04 1.336604e-05
848 3.676546e-04 1.326927e-05
849 3.654272e-04 1.317321e-05
850 3.632172e-04 1.307784e-05
851 3.610245e-04 1.298316e-05
852 3.588489e-04 1.288916e-05
853 3.566904e-04 1.279585e-05
854 3.545487e-04 1.270321e-05
855 3.524238e-04 1.261124e-05
856 3.503156e-04 1.251994e-05
857 3.482240e-04 1.242929e-05
858 3.461488e-04 1.233931e-05
859 3.440899e-04 1.224997e-05
860 3.420472e-04 1.216129e-05
861 3.400207e-04 1.207324e-05
862 3.380101e-04 1.198583e-05
863 3.360153e-04 1.189905e-05
864 3.340364e-04 1.181291e-05
865 3.320731e-04 1.172738e-05
866 3.301253e-04 1.164248e-05
867 3.281930e-04 1.155819e-05
868 3.262760e-04 1.147451e-05
869 3.243742e-04 1.139143e-05
870 3.224875e-04 1.130896e-05
871 3.206159e-04 1.122708e-05
872 3.187591e-04 1.114580e-05
873 3.169172e-04 1.106511e-05
874 3.150899e-04 1.098499e-05
875 3.132773e-04 1.090546e-05
876 3.114791e-04 1.082651e-05
877 3.096953e-04 1.074813e-05
878 3.079258e-04 1.067031e-05
879 3.061705e-04 1.059306e-05
880 3.044293e-04 1.051636e-05
881 3.027021e-04 1.044022e-05
882 3.009888e-04 1.036464e-05
883 2.992892e-04 1.028960e-05
884 2.976034e-04 1.021510e-05
885 2.959312e-04 1.014114e-05
886 2.942725e-04 1.006772e-05
887 2.926272e-04 9.994829e-06
888 2.909953e-04 9.922466e-06
889 2.893765e-04 9.850627e-06
890 2.877709e-04 9.779308e-06
891 2.861784e-04 9.708505e-06
892 2.845988e-04 9.638215e-06
893 2.830320e-04 9.568434e-06
894 2.814781e-04 9.499157e-06
895 2.799368e-04 9.430383e-06
896 2.784081e-04 9.362106e-06
897 2.768919e-04 9.294323e-06
898 2.753882e-04 9.227031e-06
899 2.738967e-04 9.160226e-06
900 2.724175e-04 9.093905e-06
901 2.709505e-04 9.028064e-06
902 2.694955e-04 8.962700e-06
903 2.680525e-04 8.897809e-06
904 2.666215e-04 8.833387e-06
905 2.652022e-04 8.769432e-06
906 2.637947e-04 8.705940e-06
907 2.623988e-04 8.642908e-06
908 2.610145e-04 8.580332e-06
909 2.596417e-04 8.518209e-06
910 2.582803e-04 8.456535e-06
911 2.569302e-04 8.395309e-06
912 2.555913e-04 8.334525e-06
913 2.542637e-04 8.274181e-06
914 2.529471e-04 8.214275e-06
915 2.516415e-04 8.154802e-06
916 2.503468e-04 8.095759e-06
917 2.490630e-04 8.037144e-06
918 2.477900e-04 7.978954e-06
919 2.465277e-04 7.921184e-06
920 2.452760e-04 7.863833e-06
921 2.440348e-04 7.806897e-06
922 2.428041e-04 7.750373e-06
923 2.415838e-04 7.694259e-06
924 2.403739e-04 7.638550e-06
925 2.391741e-04 7.583245e-06
926 2.379846e-04 7.528341e-06
927 2.368051e-04 7.473833e-06
928 2.356357e-04 7.419721e-06
929 2.344762e-04 7.366000e-06
930 2.333266e-04 7.312668e-06
931 2.321868e-04 7.259722e-06
932 2.310568e-04 7.207160e-06
933 2.299365e-04 7.154978e-06
934 2.288257e-04 7.103174e-06
935 2.277245e-04 7.051745e-06
936 2.266327e-04 7.000688e-06
937 2.255503e-04 6.950001e-06
938 2.244773e-04 6.899681e-06
939 2.234135e-04 6.849725e-06
940 2.223589e-04 6.800130e-06
941 2.213134e-04 6.750895e-06
942 2.202770e-04 6.702017e-06
943 2.192496e-04 6.653492e-06
944 2.182311e-04 6.605318e-06
945 2.172215e-04 6.557493e-06
946 2.162206e-04 6.510015e-06
947 2.152285e-04 6.462880e-06
948 2.142451e-04 6.416086e-06
949 2.132702e-04 6.369632e-06
950 2.123039e-04 6.323513e-06
951 2.113461e-04 6.277729e-06
952 2.103967e-04 6.232276e-06
953 2.094556e-04 6.187152e-06
954 2.085228e-04 6.142354e-06
955 2.075982e-04 6.097881e-06
956 2.066818e-04 6.053730e-06
957 2.057736e-04 6.009899e-06
958 2.048733e-04 5.966385e-06
959 2.039810e-04 5.923186e-06
960 2.030967e-04 5.880299e-06
961 2.022202e-04 5.837724e-06
962 2.013516e-04 5.795456e-06
963 2.004906e-04 5.753495e-06
964 1.996374e-04 5.711837e-06
965 1.987918e-04 5.670481e-06
966 1.979537e-04 5.629424e-06
967 1.971232e-04 5.588665e-06
968 1.963001e-04 5.548200e-06
969 1.954845e-04 5.508029e-06
970 1.946761e-04 5.468148e-06
971 1.938751e-04 5.428556e-06
972 1.930813e-04 5.389251e-06
973 1.922946e-04 5.350231e-06
974 1.915151e-04 5.311493e-06
975 1.907427e-04 5.273035e-06
976 1.899772e-04 5.234856e-06
977 1.892187e-04 5.196953e-06
978 1.884672e-04 5.159325e-06
979 1.877224e-04 5.121969e-06
980 1.869845e-04 5.084883e-06
981 1.862533e-04 5.048066e-06
982 1.855288e-04 5.011516e-06
983 1.848109e-04 4.975230e-06
984 1.840996e-04 4.939207e-06
985 1.833949e-04 4.903444e-06
986 1.826966e-04 4.867941e-06
987 1.820048e-04 4.832695e-06
988 1.813193e-04 4.797704e-06
989 1.806402e-04 4.762966e-06
990 1.799673e-04 4.728480e-06
991 1.793007e-04 4.694243e-06
992 1.786403e-04 4.660254e-06
993 1.779859e-04 4.626512e-06
994 1.773377e-04 4.593013e-06
995 1.766955e-04 4.559757e-06
996 1.760593e-04 4.526742e-06
997 1.754290e-04 4.493966e-06
998 1.748046e-04 4.461428e-06
999 1.741861e-04 4.429125e-06
1000 1.735733e-04 4.397055e-06
1001 1.729663e-04 4.365218e-06
1002 1.723650e-04 4.333612e-06
1003 1.717693e-04 4.302234e-06
1004 1.711792e-04 4.271083e-06
1005 1.705947e-04 4.240158e-06
1006 1.700157e-04 4.209457e-06
1007 1.694422e-04 4.178979e-06
1008 1.688741e-04 4.148720e-06
1009 1.683114e-04 4.118681e-06
1010 1.677540e-04 4.088860e-06
1011 1.672019e-04 4.059254e-06
1012 1.666550e-04 4.029863e-06
1013 1.661134e-04 4.000684e-06
1014 1.655769e-04 3.971717e-06
1015 1.650455e-04 3.942960e-06
1016 1.645192e-04 3.914410e-06
1017 1.639979e-04 3.886068e-06
1018 1.634816e-04 3.857930e-06
1019 1.629703e-04 3.829997e-06
1020 1.624638e-04 3.802265e-06
1021 1.619622e-04 3.774734e-06
1022 1.614654e-04 3.747403e-06
1023 1.609734e-04 3.720270e-06
1024 1.604862e-04 3.693333e-06
1025 1.600036e-04 3.666591e-06
1026 1.595257e-04 3.640042e-06
1027 1.590524e-04 3.613686e-06
1028 1.585837e-04 3.587521e-06
1029 1.581195e-04 3.561545e-06
1030 1.576598e-04 3.535757e-06
1031 1.572046e-04 3.510156e-06
1032 1.567538e-04 3.484741e-06
1033 1.563073e-04 3.459509e-06
1034 1.558652e-04 3.434460e-06
1035 1.554275e-04 3.409592e-06
1036 1.549939e-04 3.384905e-06
1037 1.545646e-04 3.360396e-06
1038 1.541395e-04 3.336064e-06
1039 1.537186e-04 3.311909e-06
1040 1.533018e-04 3.287929e-06
1041 1.528890e-04 3.264122e-06
1042 1.524803e-04 3.240488e-06
1043 1.520756e-04 3.217025e-06
1044 1.516748e-04 3.193731e-06
1045 1.512780e-04 3.170607e-06
1046 1.508852e-04 3.147649e-06
1047 1.504961e-04 3.124858e-06
1048 1.501109e-04 3.102232e-06
1049 1.497295e-04 3.079770e-06
1050 1.493519e-04 3.057471e-06
1051 1.489780e-04 3.035333e-06
1052 1.486077e-04 3.013355e-06
1053 1.482412e-04 2.991536e-06
1054 1.478782e-04 2.969875e-06
1055 1.475189e-04 2.948371e-06
1056 1.471631e-04 2.927023e-06
1057 1.468108e-04 2.905830e-06
1058 1.464621e-04 2.884790e-06
1059 1.461168e-04 2.863902e-06
1060 1.457749e-04 2.843165e-06
1061 1.454364e-04 2.822579e-06
1062 1.451013e-04 2.802141e-06
1063 1.447696e-04 2.781852e-06
1064 1.444411e-04 2.761709e-06
1065 1.441159e-04 2.741713e-06
1066 1.437940e-04 2.721861e-06
1067 1.434752e-04 2.702153e-06
1068 1.431597e-04 2.682587e-06
1069 1.428473e-04 2.663163e-06
1070 1.425380e-04 2.643880e-06
1071 1.422318e-04 2.624737e-06
1072 1.419287e-04 2.605732e-06
1073 1.416286e-04 2.586865e-06
1074 1.413315e-04 2.568134e-06
1075 1.410374e-04 2.549539e-06
1076 1.407463e-04 2.531078e-06
1077 1.404581e-04 2.512752e-06
1078 1.401727e-04 2.494557e-06
1079 1.398903e-04 2.476495e-06
1080 1.396106e-04 2.458564e-06
1081 1.393338e-04 2.440762e-06
1082 1.390598e-04 2.423089e-06
1083 1.387885e-04 2.405544e-06
1084 1.385199e-04 2.388126e-06
1085 1.382541e-04 2.370834e-06
1086 1.379909e-04 2.353668e-06
1087 1.377304e-04 2.336626e-06
1088 1.374725e-04 2.319707e-06
1089 1.372172e-04 2.302910e-06
1090 1.369645e-04 2.286236e-06
1091 1.367143e-04 2.269682e-06
1092 1.364667e-04 2.253248e-06
1093 1.362215e-04 2.236932e-06
1094 1.359789e-04 2.220735e-06
1095 1.357387e-04 2.204656e-06
1096 1.355009e-04 2.188692e-06
1097 1.352655e-04 2.172845e-06
1098 1.350325e-04 2.157112e-06
1099 1.348018e-04 2.141492e-06
1100 1.345735e-04 2.125986e-06
1101 1.343475e-04 2.110593e-06
1102 1.341238e-04 2.095311e-06
1103 1.339023e-04 2.080139e-06
1104 1.336831e-04 2.065077e-06
1105 1.334661e-04 2.050124e-06
1106 1.332513e-04 2.035280e-06
1107 1.330387e-04 2.020543e-06
1108 1.328282e-04 2.005913e-06
1109 1.326198e-04 1.991389e-06
1110 1.324136e-04 1.976969e-06
1111 1.322095e-04 1.962655e-06
1112 1.320074e-04 1.948444e-06
1113 1.318074e-04 1.934335e-06
1114 1.316094e-04 1.920329e-06
1115 1.314134e-04 1.906425e-06
1116 1.312193e-04 1.892621e-06
1117 1.310273e-04 1.878917e-06
1118 1.308372e-04 1.865312e-06
1119 1.306490e-04 1.851806e-06
1120 1.304628e-04 1.838397e-06
1121 1.302784e-04 1.825086e-06
1122 1.300959e-04 1.811871e-06
1123 1.299152e-04 1.798751e-06
1124 1.297364e-04 1.785727e-06
1125 1.295594e-04 1.772797e-06
1126 1.293841e-04 1.759961e-06
1127 1.292107e-04 1.747217e-06
1128 1.290390e-04 1.734566e-06
1129 1.288690e-04 1.722006e-06
1130 1.287008e-04 1.709538e-06
1131 1.285342e-04 1.697159e-06
1132 1.283694e-04 1.684870e-06
1133 1.282062e-04 1.672671e-06
1134 1.280447e-04 1.660559e-06
1135 1.278848e-04 1.648536e-06
1136 1.277265e-04 1.636599e-06
1137 1.275698e-04 1.624749e-06
1138 1.274148e-04 1.612984e-06
1139 1.272612e-04 1.601305e-06
1140 1.271093e-04 1.589710e-06
1141 1.269588e-04 1.578199e-06
1142 1.268099e-04 1.566772e-06
1143 1.266625e-04 1.555427e-06
1144 1.265166e-04 1.544165e-06
1145 1.263721e-04 1.532984e-06
1146 1.262291e-04 1.521884e-06
1147 1.260876e-04 1.510864e-06
1148 1.259475e-04 1.499924e-06
1149 1.258088e-04 1.489064e-06
1150 1.256715e-04 1.478282e-06
1151 1.255355e-04 1.467578e-06
1152 1.254010e-04 1.456951e-06
1153 1.252678e-04 1.446402e-06
1154 1.251359e-04 1.435929e-06
1155 1.250054e-04 1.425531e-06
1156 1.248762e-04 1.415209e-06
1157 1.247482e-04 1.404962e-06
1158 1.246216e-04 1.394789e-06
1159 1.244962e-04 1.384690e-06
1160 1.243721e-04 1.374663e-06
1161 1.242493e-04 1.364710e-06
1162 1.241277e-04 1.354828e-06
1163 1.240073e-04 1.345018e-06
1164 1.238881e-04 1.335279e-06
1165 1.237701e-04 1.325611e-06
1166 1.236532e-04 1.316012e-06
1167 1.235376e-04 1.306483e-06
1168 1.234231e-04 1.297023e-06
1169 1.233098e-04 1.287632e-06
1170 1.231975e-04 1.278308e-06
1171 1.230865e-04 1.269052e-06
1172 1.229765e-04 1.259863e-06
1173 1.228676e-04 1.250741e-06
1174 1.227598e-04 1.241684e-06
1175 1.226531e-04 1.232694e-06
1176 1.225474e-04 1.223768e-06
1177 1.224428e-04 1.214907e-06
1178 1.223393e-04 1.206110e-06
1179 1.222367e-04 1.197377e-06
1180 1.221352e-04 1.188707e-06
1181 1.220347e-04 1.180099e-06
1182 1.219352e-04 1.171555e-06
1183 1.218367e-04 1.163072e-06
1184 1.217392e-04 1.154650e-06
1185 1.216426e-04 1.146289e-06
1186 1.215470e-04 1.137989e-06
1187 1.214523e-04 1.129749e-06
1188 1.213586e-04 1.121569e-06
1189 1.212658e-04 1.113448e-06
1190 1.211739e-04 1.105386e-06
1191 1.210830e-04 1.097382e-06
1192 1.209929e-04 1.089436e-06
1193 1.209037e-04 1.081547e-06
1194 1.208154e-04 1.073716e-06
1195 1.207280e-04 1.065941e-06
1196 1.206414e-04 1.058223e-06
1197 1.205557e-04 1.050561e-06
1198 1.204708e-04 1.042954e-06
1199 1.203868e-04 1.035402e-06
1200 1.203036e-04 1.027905e-06
1201 1.202212e-04 1.020462e-06
1202 1.201396e-04 1.013073e-06
1203 1.200588e-04 1.005737e-06
1204 1.199788e-04 9.984549e-07
1205 1.198996e-04 9.912253e-07
1206 1.198211e-04 9.840480e-07
1207 1.197435e-04 9.769226e-07
1208 1.196666e-04 9.698489e-07
1209 1.195904e-04 9.628264e-07
1210 1.195150e-04 9.558547e-07
1211 1.194403e-04 9.489335e-07
1212 1.193664e-04 9.420624e-07
1213 1.192931e-04 9.352411e-07
1214 1.192206e-04 9.284692e-07
1215 1.191488e-04 9.217463e-07
1216 1.190777e-04 9.150721e-07
1217 1.190072e-04 9.084462e-07
1218 1.189375e-04 9.018682e-07
1219 1.188684e-04 8.953379e-07
1220 1.188000e-04 8.888549e-07
1221 1.187323e-04 8.824189e-07
1222 1.186652e-04 8.760294e-07
1223 1.185988e-04 8.696862e-07
1224 1.185330e-04 8.633890e-07
1225 1.184678e-04 8.571373e-07
1226 1.184033e-04 8.509309e-07
1227 1.183394e-04 8.447694e-07
1228 1.182761e-04 8.386526e-07
1229 1.182134e-04 8.325800e-07
1230 1.181513e-04 8.265514e-07
1231 1.180898e-04 8.205665e-07
1232 1.180289e-04 8.146249e-07
1233 1.179686e-04 8.087263e-07
1234 1.179089e-04 8.028704e-07
1235 1.178497e-04 7.970570e-07
1236 1.177911e-04 7.912856e-07
1237 1.177331e-04 7.855560e-07
1238 1.176756e-04 7.798679e-07
1239 1.176187e-04 7.742210e-07
1240 1.175623e-04 7.686150e-07
1241 1.175064e-04 7.630495e-07
1242 1.174511e-04 7.575244e-07
1243 1.173963e-04 7.520393e-07
1244 1.173420e-04 7.465939e-07
1245 1.172883e-04 7.411879e-07
1246 1.172350e-04 7.358210e-07
1247 1.171823e-04 7.304931e-07
1248 1.171300e-04 7.252037e-07
1249 1.170783e-04 7.199526e-07
1250 1.170270e-04 7.147395e-07
1251 1.169762e-04 7.095642e-07
1252 1.169259e-04 7.044263e-07
1253 1.168761e-04 6.993256e-07
1254 1.168267e-04 6.942619e-07
1255 1.167778e-04 6.892349e-07
1256 1.167294e-04 6.842442e-07
1257 1.166814e-04 6.792897e-07
1258 1.166339e-04 6.743710e-07
1259 1.165868e-04 6.694880e-07
1260 1.165402e-04 6.646403e-07
1261 1.164940e-04 6.598278e-07
1262 1.164482e-04 6.550500e-07
1263 1.164028e-04 6.503069e-07
1264 1.163579e-04 6.455981e-07
1265 1.163134e-04 6.409234e-07
1266 1.162693e-04 6.362826e-07
1267 1.162256e-04 6.316754e-07
1268 1.161824e-04 6.271015e-07
1269 1.161395e-04 6.225607e-07
1270 1.160970e-04 6.180528e-07
1271 1.160549e-04 6.135776e-07
1272 1.160132e-04 6.091348e-07
1273 1.159719e-04 6.047241e-07
1274 1.159310e-04 6.003454e-07
1275 1.158905e-04 5.959983e-07
1276 1.158503e-04 5.916828e-07
1277 1.158105e-04 5.873985e-07
1278 1.157711e-04 5.831452e-07
1279 1.157320e-04 5.789227e-07
1280 1.156933e-04 5.747308e-07
1281 1.156549e-04 5.705693e-07
1282 1.156169e-04 5.664378e-07
1283 1.155793e-04 5.623363e-07
1284 1.155420e-04 5.582645e-07
1285 1.155050e-04 5.542222e-07
1286 1.154684e-04 5.502091e-07
1287 1.154321e-04 5.462252e-07
1288 1.153961e-04 5.422700e-07
1289 1.153605e-04 5.383435e-07
1290 1.153252e-04 5.344454e-07
1291 1.152902e-04 5.305756e-07
1292 1.152555e-04 5.267337e-07
1293 1.152212e-04 5.229197e-07
1294 1.151871e-04 5.191333e-07
1295 1.151534e-04 5.153743e-07
1296 1.151200e-04 5.116426e-07
1297 1.150868e-04 5.079378e-07
1298 1.150540e-04 5.042599e-07
1299 1.150215e-04 5.006086e-07
1300 1.149892e-04 4.969838e-07
1301 1.149573e-04 4.933852e-07
1302 1.149256e-04 4.898126e-07
1303 1.148943e-04 4.862660e-07
1304 1.148632e-04 4.827450e-07
1305 1.148324e-04 4.792495e-07
1306 1.148018e-04 4.757793e-07
1307 1.147716e-04 4.723342e-07
1308 1.147416e-04 4.689141e-07
1309 1.147119e-04 4.655187e-07
1310 1.146824e-04 4.621480e-07
1311 1.146532e-04 4.588016e-07
1312 1.146243e-04 4.554795e-07
1313 1.145956e-04 4.521814e-07
1314 1.145672e-04 4.489072e-07
1315 1.145391e-04 4.456567e-07
1316 1.145111e-04 4.424298e-07
1317 1.144835e-04 4.392262e-07
1318 1.144561e-04 4.360458e-07
1319 1.144289e-04 4.328884e-07
1320 1.144020e-04 4.297539e-07
1321 1.143753e-04 4.266421e-07
1322 1.143488e-04 4.235529e-07
1323 1.143226e-04 4.204860e-07
1324 1.142966e-04 4.174413e-07
1325 1.142708e-04 4.144186e-07
1326 1.142453e-04 4.114179e-07
1327 1.142200e-04 4.084389e-07
1328 1.141949e-04 4.054814e-07
1329 1.141700e-04 4.025453e-07
1330 1.141454e-04 3.996306e-07
1331 1.141210e-04 3.967369e-07
1332 1.140967e-04 3.938642e-07
1333 1.140727e-04 3.910122e-07
1334 1.140489e-04 3.881809e-07
1335 1.140254e-04 3.853702e-07
1336 1.140020e-04 3.825797e-07
1337 1.139788e-04 3.798095e-07
1338 1.139558e-04 3.770594e-07
1339 1.139331e-04 3.743291e-07
1340 1.139105e-04 3.716186e-07
1341 1.138881e-04 3.689278e-07
1342 1.138659e-04 3.662564e-07
1343 1.138439e-04 3.636044e-07
1344 1.138221e-04 3.609716e-07
1345 1.138005e-04 3.583578e-07
1346 1.137791e-04 3.557630e-07
1347 1.137579e-04 3.531870e-07
1348 1.137368e-04 3.506296e-07
1349 1.137159e-04 3.480907e-07
1350 1.136953e-04 3.455702e-07
1351 1.136747e-04 3.430680e-07
1352 1.136544e-04 3.405838e-07
1353 1.136342e-04 3.381177e-07
1354 1.136143e-04 3.356694e-07
1355 1.135944e-04 3.332389e-07
1356 1.135748e-04 3.308259e-07
1357 1.135553e-04 3.284305e-07
1358 1.135360e-04 3.260523e-07
1359 1.135169e-04 3.236914e-07
1360 1.134979e-04 3.213476e-07
1361 1.134791e-04 3.190208e-07
1362 1.134604e-04 3.167108e-07
1363 1.134419e-04 3.144175e-07
1364 1.134236e-04 3.121408e-07
1365 1.134054e-04 3.098807e-07
1366 1.133874e-04 3.076368e-07
1367 1.133695e-04 3.054093e-07
1368 1.133518e-04 3.031978e-07
1369 1.133342e-04 3.010024e-07
1370 1.133168e-04 2.988229e-07
1371 1.132995e-04 2.966591e-07
1372 1.132824e-04 2.945111e-07
1373 1.132654e-04 2.923785e-07
1374 1.132486e-04 2.902615e-07
1375 1.132319e-04 2.881597e-07
1376 1.132153e-04 2.860732e-07
1377 1.131989e-04 2.840017e-07
1378 1.131826e-04 2.819453e-07
1379 1.131665e-04 2.799038e-07
1380 1.131505e-04 2.778770e-07
1381 1.131346e-04 2.758649e-07
1382 1.131189e-04 2.738674e-07
1383 1.131033e-04 2.718844e-07
1384 1.130878e-04 2.699157e-07
1385 1.130724e-04 2.679613e-07
1386 1.130572e-04 2.660210e-07
1387 1.130421e-04 2.640947e-07
1388 1.130272e-04 2.621825e-07
1389 1.130123e-04 2.602840e-07
1390 1.129976e-04 2.583993e-07
1391 1.129831e-04 2.565283e-07
1392 1.129686e-04 2.546708e-07
1393 1.129542e-04 2.528267e-07
1394 1.129400e-04 2.509960e-07
1395 1.129259e-04 2.491786e-07
1396 1.129119e-04 2.473743e-07
1397 1.128980e-04 2.455831e-07
1398 1.128843e-04 2.438049e-07
1399 1.128706e-04 2.420395e-07
1400 1.128571e-04 2.402869e-07
1401 1.128437e-04 2.385470e-07
1402 1.128304e-04 2.368197e-07
1403 1.128172e-04 2.351049e-07
1404 1.128041e-04 2.334026e-07
1405 1.127911e-04 2.317125e-07
1406 1.127782e-04 2.300347e-07
1407 1.127655e-04 2.283691e-07
1408 1.127528e-04 2.267155e-07
1409 1.127403e-04 2.250738e-07
1410 1.127278e-04 2.234441e-07
1411 1.127155e-04 2.218262e-07
1412 1.127032e-04 2.202199e-07
1413 1.126911e-04 2.186253e-07
1414 1.126790e-04 2.170423e-07
1415 1.126671e-04 2.154707e-07
1416 1.126552e-04 2.139105e-07
1417 1.126435e-04 2.123616e-07
1418 1.126318e-04 2.108239e-07
1419 1.126202e-04 2.092974e-07
1420 1.126088e-04 2.077819e-07
1421 1.125974e-04 2.062773e-07
1422 1.125861e-04 2.047837e-07
1423 1.125749e-04 2.033009e-07
1424 1.125638e-04 2.018288e-07
1425 1.125528e-04 2.003674e-07
1426 1.125419e-04 1.989165e-07
1427 1.125311e-04 1.974762e-07
1428 1.125203e-04 1.960463e-07
1429 1.125097e-04 1.946267e-07
1430 1.124991e-04 1.932175e-07
1431 1.124886e-04 1.918184e-07
1432 1.124782e-04 1.904294e-07
1433 1.124679e-04 1.890506e-07
1434 1.124577e-04 1.876817e-07
1435 1.124475e-04 1.863227e-07
1436 1.124375e-04 1.849735e-07
1437 1.124275e-04 1.836342e-07
1438 1.124176e-04 1.823045e-07
1439 1.124078e-04 1.809844e-07
1440 1.123980e-04 1.796739e-07
1441 1.123884e-04 1.783729e-07
1442 1.123788e-04 1.770814e-07
1443 1.123693e-04 1.757991e-07
1444 1.123598e-04 1.745262e-07
1445 1.123505e-04 1.732624e-07
1446 1.123412e-04 1.720079e-07
1447 1.123320e-04 1.707624e-07
1448 1.123229e-04 1.695259e-07
1449 1.123138e-04 1.682984e-07
1450 1.123048e-04 1.670797e-07
1451 1.122959e-04 1.658699e-07
1452 1.122871e-04 1.646689e-07
1453 1.122783e-04 1.634765e-07
1454 1.122696e-04 1.622928e-07
1455 1.122610e-04 1.611177e-07
1456 1.122524e-04 1.599510e-07
1457 1.122439e-04 1.587928e-07
1458 1.122355e-04 1.576430e-07
1459 1.122271e-04 1.565016e-07
1460 1.122188e-04 1.553683e-07
1461 1.122106e-04 1.542433e-07
1462 1.122024e-04 1.531265e-07
1463 1.121943e-04 1.520177e-07
1464 1.121863e-04 1.509169e-07
1465 1.121783e-04 1.498242e-07
1466 1.121704e-04 1.487393e-07
1467 1.121626e-04 1.476623e-07
1468 1.121548e-04 1.465931e-07
1469 1.121471e-04 1.455316e-07
1470 1.121394e-04 1.444778e-07
1471 1.121318e-04 1.434317e-07
1472 1.121243e-04 1.423931e-07
1473 1.121168e-04 1.413621e-07
1474 1.121094e-04 1.403385e-07
1475 1.121020e-04 1.393223e-07
1476 1.120947e-04 1.383135e-07
1477 1.120875e-04 1.373120e-07
1478 1.120803e-04 1.363177e-07
1479 1.120732e-04 1.353306e-07
1480 1.120661e-04 1.343507e-07
1481 1.120591e-04 1.333779e-07
1482 1.120521e-04 1.324121e-07
1483 1.120452e-04 1.314533e-07
1484 1.120384e-04 1.305015e-07
1485 1.120316e-04 1.295565e-07
1486 1.120248e-04 1.286184e-07
1487 1.120181e-04 1.276871e-07
1488 1.120115e-04 1.267625e-07
1489 1.120049e-04 1.258447e-07
1490 1.119984e-04 1.249334e-07
1491 1.119919e-04 1.240288e-07
1492 1.119854e-04 1.231307e-07
1493 1.119791e-04 1.222391e-07
1494 1.119727e-04 1.213540e-07
1495 1.119664e-04 1.204753e-07
1496 1.119602e-04 1.196029e-07
1497 1.119540e-04 1.187369e-07
1498 1.119479e-04 1.178772e-07
1499 1.119418e-04 1.170236e-07
1500 1.119358e-04 1.161763e-07
1501 1.119298e-04 1.153350e-07
1502 1.119238e-04 1.144999e-07
1503 1.119179e-04 1.136708e-07
1504 1.119121e-04 1.128477e-07
1505 1.119062e-04 1.120306e-07
1506 1.119005e-04 1.112194e-07
1507 1.118948e-04 1.104141e-07
1508 1.118891e-04 1.096146e-07
1509 1.118835e-04 1.088209e-07
1510 1.118779e-04 1.080329e-07
1511 1.118723e-04 1.072507e-07
1512 1.118668e-04 1.064741e-07
1513 1.118614e-04 1.057031e-07
1514 1.118559e-04 1.049377e-07
1515 1.118506e-04 1.041779e-07
1516 1.118452e-04 1.034235e-07
1517 1.118399e-04 1.026746e-07
1518 1.118347e-04 1.019312e-07
1519 1.118295e-04 1.011931e-07
1520 1.118243e-04 1.004604e-07
1521 1.118192e-04 9.973294e-08
1522 1.118141e-04 9.901079e-08
1523 1.118090e-04 9.829386e-08
1524 1.118040e-04 9.758212e-08
1525 1.117991e-04 9.687554e-08
1526 1.117941e-04 9.617407e-08
1527 1.117892e-04 9.547768e-08
1528 1.117844e-04 9.478633e-08
1529 1.117796e-04 9.409999e-08
1530 1.117748e-04 9.341862e-08
1531 1.117700e-04 9.274219e-08
1532 1.117653e-04 9.207065e-08
1533 1.117606e-04 9.140397e-08
1534 1.117560e-04 9.074213e-08
1535 1.117514e-04 9.008507e-08
1536 1.117468e-04 8.943277e-08
1537 1.117423e-04 8.878520e-08
1538 1.117378e-04 8.814231e-08
1539 1.117333e-04 8.750408e-08
1540 1.117289e-04 8.687047e-08
1541 1.117245e-04 8.624145e-08
1542 1.117202e-04 8.561698e-08
1543 1.117158e-04 8.499703e-08
1544 1.117115e-04 8.438158e-08
1545 1.117073e-04 8.377058e-08
1546 1.117030e-04 8.316400e-08
1547 1.116989e-04 8.256182e-08
1548 1.116947e-04 8.196399e-08
1549 1.116906e-04 8.137050e-08
1550 1.116865e-04 8.078130e-08
1551 1.116824e-04 8.019637e-08
1552 1.116783e-04 7.961568e-08
1553 1.116743e-04 7.903919e-08
1554 1.116704e-04 7.846687e-08
1555 1.116664e-04 7.789870e-08
1556 1.116625e-04 7.733464e-08
1557 1.116586e-04 7.677467e-08
1558 1.116548e-04 7.621875e-08
1559 1.116509e-04 7.566685e-08
1560 1.116471e-04 7.511896e-08
1561 1.116434e-04 7.457503e-08
1562 1.116396e-04 7.403503e-08
1563 1.116359e-04 7.349895e-08
1564 1.116322e-04 7.296675e-08
1565 1.116286e-04 7.243841e-08
1566 1.116249e-04 7.191389e-08
1567 1.116213e-04 7.139316e-08
1568 1.116178e-04 7.087621e-08
1569 1.116142e-04 7.036300e-08
1570 1.116107e-04 6.985351e-08
1571 1.116072e-04 6.934771e-08
1572 1.116037e-04 6.884556e-08
1573 1.116003e-04 6.834706e-08
1574 1.115969e-04 6.785216e-08
1575 1.115935e-04 6.736085e-08
1576 1.115901e-04 6.687310e-08
1577 1.115868e-04 6.638887e-08
1578 1.115835e-04 6.590816e-08
1579 1.115802e-04 6.543092e-08
1580 1.115770e-04 6.495714e-08
1581 1.115737e-04 6.448679e-08
1582 1.115705e-04 6.401985e-08
1583 1.115673e-04 6.355629e-08
1584 1.115642e-04 6.309608e-08
1585 1.115610e-04 6.263921e-08
1586 1.115579e-04 6.218564e-08
1587 1.115548e-04 6.173536e-08
1588 1.115517e-04 6.128834e-08
1589 1.115487e-04 6.084456e-08
1590 1.115457e-04 6.040399e-08
1591 1.115427e-04 5.996661e-08
1592 1.115397e-04 5.953239e-08
1593 1.115367e-04 5.910132e-08
1594 1.115338e-04 5.867337e-08
1595 1.115309e-04 5.824853e-08
1596 1.115280e-04 5.782675e-08
1597 1.115251e-04 5.740803e-08
1598 1.115223e-04 5.699235e-08
1599 1.115195e-04 5.657967e-08
1600 1.115167e-04 5.616998e-08
1601 1.115139e-04 5.576326e-08
1602 1.115111e-04 5.535948e-08
1603 1.115084e-04 5.495863e-08
1604 1.115057e-04 5.456068e-08
1605 1.115030e-04 5.416561e-08
1606 1.115003e-04 5.377340e-08
1607 1.114976e-04 5.338403e-08
1608 1.114950e-04 5.299748e-08
1609 1.114924e-04 5.261373e-08
1610 1.114898e-04 5.223276e-08
1611 1.114872e-04 5.185454e-08
1612 1.114846e-04 5.147907e-08
1613 1.114821e-04 5.110631e-08
1614 1.114796e-04 5.073626e-08
1615 1.114771e-04 5.036888e-08
1616 1.114746e-04 5.000416e-08
1617 1.114721e-04 4.964209e-08
1618 1.114697e-04 4.928263e-08
1619 1.114672e-04 4.892578e-08
1620 1.114648e-04 4.857151e-08
1621 1.114624e-04 4.821981e-08
1622 1.114601e-04 4.787066e-08
1623 1.114577e-04 4.752403e-08
1624 1.114554e-04 4.717991e-08
1625 1.114531e-04 4.683828e-08
1626 1.114508e-04 4.649913e-08
1627 1.114485e-04 4.616244e-08
1628 1.114462e-04 4.582818e-08
1629 1.114439e-04 4.549634e-08
1630 1.114417e-04 4.516690e-08
1631 1.114395e-04 4.483985e-08
1632 1.114373e-04 4.451517e-08
1633 1.114351e-04 4.419284e-08
1634 1.114329e-04 4.387284e-08
1635 1.114308e-04 4.355516e-08
1636 1.114286e-04 4.323978e-08
1637 1.114265e-04 4.292669e-08
1638 1.114244e-04 4.261586e-08
1639 1.114223e-04 4.230728e-08
1640 1.114202e-04 4.200094e-08
1641 1.114182e-04 4.169681e-08
1642 1.114161e-04 4.139489e-08
1643 1.114141e-04 4.109515e-08
1644 1.114121e-04 4.079759e-08
1645 1.114101e-04 4.050217e-08
1646 1.114081e-04 4.020890e-08
1647 1.114062e-04 3.991775e-08
1648 1.114042e-04 3.962871e-08
1649 1.114023e-04 3.934176e-08
1650 1.114003e-04 3.905689e-08
1651 1.113984e-04 3.877408e-08
1652 1.113965e-04 3.849332e-08
1653 1.113946e-04 3.821460e-08
1654 1.113928e-04 3.793789e-08
1655 1.113909e-04 3.766318e-08
1656 1.113891e-04 3.739047e-08
1657 1.113873e-04 3.711972e-08
1658 1.113854e-04 3.685094e-08
1659 1.113836e-04 3.658411e-08
1660 1.113819e-04 3.631921e-08
1661 1.113801e-04 3.605622e-08
1662 1.113783e-04 3.579514e-08
1663 1.113766e-04 3.553595e-08
1664 1.113748e-04 3.527864e-08
1665 1.113731e-04 3.502319e-08
1666 1.113714e-04 3.476959e-08
1667 1.113697e-04 3.451782e-08
1668 1.113680e-04 3.426788e-08
1669 1.113664e-04 3.401975e-08
1670 1.113647e-04 3.377342e-08
1671 1.113631e-04 3.352887e-08
1672 1.113614e-04 3.328609e-08
1673 1.113598e-04 3.304507e-08
1674 1.113582e-04 3.280579e-08
1675 1.113566e-04 3.256824e-08
1676 1.113550e-04 3.233242e-08
1677 1.113534e-04 3.209830e-08
1678 1.113519e-04 3.186588e-08
1679 1.113503e-04 3.163514e-08
1680 1.113488e-04 3.140608e-08
1681 1.113473e-04 3.117867e-08
1682 1.113457e-04 3.095291e-08
1683 1.113442e-04 3.072878e-08
1684 1.113427e-04 3.050627e-08
1685 1.113413e-04 3.028538e-08
1686 1.113398e-04 3.006609e-08
1687 1.113383e-04 2.984838e-08
1688 1.113369e-04 2.963225e-08
1689 1.113354e-04 2.941768e-08
1690 1.113340e-04 2.920467e-08
1691 1.113326e-04 2.899320e-08
1692 1.113312e-04 2.878327e-08
1693 1.113298e-04 2.857485e-08
1694 1.113284e-04 2.836794e-08
1695 1.113270e-04 2.816253e-08
1696 1.113257e-04 2.795861e-08
1697 1.113243e-04 2.775616e-08
1698 1.113230e-04 2.755518e-08
1699 1.113216e-04 2.735566e-08
1700 1.113203e-04 2.715758e-08
1701 1.113190e-04 2.696093e-08
1702 1.113177e-04 2.676571e-08
1703 1.113164e-04 2.657190e-08
1704 1.113151e-04 2.637950e-08
1705 1.113138e-04 2.618848e-08
1706 1.113125e-04 2.599886e-08
1707 1.113113e-04 2.581060e-08
1708 1.113100e-04 2.562371e-08
1709 1.113088e-04 2.543817e-08
1710 1.113075e-04 2.525397e-08
1711 1.113063e-04 2.507111e-08
1712 1.113051e-04 2.488957e-08
1713 1.113039e-04 2.470935e-08
1714 1.113027e-04 2.453043e-08
1715 1.113015e-04 2.435281e-08
1716 1.113003e-04 2.417647e-08
1717 1.112992e-04 2.400141e-08
1718 1.112980e-04 2.382762e-08
1719 1.112969e-04 2.365508e-08
1720 1.112957e-04 2.348380e-08
1721 1.112946e-04 2.331376e-08
1722 1.112935e-04 2.314494e-08
1723 1.112923e-04 2.297735e-08
1724 1.112912e-04 2.281097e-08
1725 1.112901e-04 2.264580e-08
1726 1.112890e-04 2.248183e-08
1727 1.112879e-04 2.231904e-08
1728 1.112869e-04 2.215743e-08
1729 1.112858e-04 2.199699e-08
1730 1.112847e-04 2.183771e-08
1731 1.112837e-04 2.167958e-08
1732 1.112826e-04 2.152260e-08
1733 1.112816e-04 2.136676e-08
1734 1.112806e-04 2.121204e-08
1735 1.112795e-04 2.105845e-08
1736 1.112785e-04 2.090597e-08
1737 1.112775e-04 2.075459e-08
1738 1.112765e-04 2.060430e-08
1739 1.112755e-04 2.045511e-08
1740 1.112745e-04 2.030700e-08
1741 1.112735e-04 2.015996e-08
1742 1.112726e-04 2.001398e-08
1743 1.112716e-04 1.986906e-08
1744 1.112706e-04 1.972519e-08
1745 1.112697e-04 1.958236e-08
1746 1.112687e-04 1.944057e-08
1747 1.112678e-04 1.929980e-08
1748 1.112669e-04 1.916005e-08
1749 1.112660e-04 1.902131e-08
1750 1.112650e-04 1.888358e-08
1751 1.112641e-04 1.874685e-08
1752 1.112632e-04 1.861110e-08
1753 1.112623e-04 1.847634e-08
1754 1.112614e-04 1.834256e-08
1755 1.112605e-04 1.820974e-08
1756 1.112597e-04 1.807788e-08
1757 1.112588e-04 1.794698e-08
1758 1.112579e-04 1.781703e-08
1759 1.112571e-04 1.768802e-08
1760 1.112562e-04 1.755994e-08
1761 1.112554e-04 1.743279e-08
1762 1.112545e-04 1.730656e-08
1763 1.112537e-04 1.718125e-08
1764 1.112529e-04 1.705684e-08
1765 1.112521e-04 1.693333e-08
1766 1.112512e-04 1.681072e-08
1767 1.112504e-04 1.668899e-08
1768 1.112496e-04 1.656815e-08
1769 1.112488e-04 1.644818e-08
1770 1.112480e-04 1.632908e-08
1771 1.112473e-04 1.621084e-08
1772 1.112465e-04 1.609346e-08
1773 1.112457e-04 1.597693e-08
1774 1.112449e-04 1.586124e-08
1775 1.112442e-04 1.574639e-08
1776 1.112434e-04 1.563237e-08
1777 1.112427e-04 1.551918e-08
1778 1.112419e-04 1.540681e-08
1779 1.112412e-04 1.529525e-08
1780 1.112404e-04 1.518450e-08
1781 1.112397e-04 1.507455e-08
1782 1.112390e-04 1.496539e-08
1783 1.112383e-04 1.485703e-08
1784 1.112376e-04 1.474945e-08
1785 1.112368e-04 1.464265e-08
1786 1.112361e-04 1.453662e-08
1787 1.112354e-04 1.443137e-08
1788 1.112347e-04 1.432687e-08
1789 1.112341e-04 1.422313e-08
1790 1.112334e-04 1.412014e-08
1791 1.112327e-04 1.401790e-08
1792 1.112320e-04 1.391640e-08
1793 1.112314e-04 1.381563e-08
1794 1.112307e-04 1.371559e-08
1795 1.112300e-04 1.361628e-08
1796 1.112294e-04 1.351768e-08
1797 1.112287e-04 1.341980e-08
1798 1.112281e-04 1.332263e-08
1799 1.112274e-04 1.322616e-08
1800 1.112268e-04 1.313039e-08
1801 1.112262e-04 1.303532e-08
1802 1.112256e-04 1.294093e-08
1803 1.112249e-04 1.284722e-08
1804 1.112243e-04 1.275420e-08
1805 1.112237e-04 1.266185e-08
1806 1.112231e-04 1.257016e-08
1807 1.112225e-04 1.247914e-08
1808 1.112219e-04 1.238878e-08
1809 1.112213e-04 1.229908e-08
1810 1.112207e-04 1.221002e-08
1811 1.112201e-04 1.212161e-08
1812 1.112195e-04 1.203384e-08
1813 1.112190e-04 1.194670e-08
1814 1.112184e-04 1.186020e-08
1815 1.112178e-04 1.177432e-08
1816 1.112173e-04 1.168906e-08
1817 1.112167e-04 1.160442e-08
1818 1.112161e-04 1.152039e-08
1819 1.112156e-04 1.143697e-08
1820 1.112150e-04 1.135416e-08
1821 1.112145e-04 1.127195e-08
1822 1.112140e-04 1.119033e-08
1823 1.112134e-04 1.110930e-08
1824 1.112129e-04 1.102886e-08
1825 1.112124e-04 1.094900e-08
1826 1.112118e-04 1.086972e-08
1827 1.112113e-04 1.079101e-08
1828 1.112108e-04 1.071287e-08
1829 1.112103e-04 1.063530e-08
1830 1.112098e-04 1.055829e-08
1831 1.112093e-04 1.048184e-08
1832 1.112088e-04 1.040594e-08
1833 1.112083e-04 1.033059e-08
1834 1.112078e-04 1.025579e-08
1835 1.112073e-04 1.018153e-08
1836 1.112068e-04 1.010781e-08
1837 1.112063e-04 1.003462e-08
1838 1.112058e-04 9.961956e-09
