err_l2 = 0.0001111401829937472
steps = 1410
runtime_s = 4.579827070236206
err_max = 0.0005704327224866912
mg_levels_used = 5
history_file = "history_nx64_ny64_nz64_M2_steps1410.txt"
res_l2 = 9.991518e-9
exact_plot = "exact_nx64_ny64_nz64.png"
error_plot = "error_nx64_ny64_nz64_M2_steps1410.png"

[mg_coarsest_grid]
nz = 4
nx = 4
ny = 4
