err_l2 = 6.084334951241362e-5
steps = 10000
runtime_s = 22.239675045013428
err_max = 0.00013904637752532034
history_file = "history_nx64_ny64_nz64_M4_steps10000.txt"
res_l2 = 2.250145e-8
exact_plot = "exact_nx64_ny64_nz64.png"
error_plot = "error_nx64_ny64_nz64_M4_steps10000.png"
