err_l2 = 6.084340473342293e-5
steps = 10000
runtime_s = 13.134215116500854
err_max = 0.00013904651703955384
history_file = "history_nx64_ny64_nz64_M2_steps10000.txt"
res_l2 = 2.25e-8
exact_plot = "exact_nx64_ny64_nz64.png"
error_plot = "error_nx64_ny64_nz64_M2_steps10000.png"
