err_l2 = 1.6244191863353414e-5
steps = 1000
runtime_s = 25.424901008605957
err_max = 4.473098546348142e-5
mg_levels_used = 6
history_file = "history_nx128_ny128_nz128_M2_steps1000.txt"
res_l2 = 5.636185e-7
exact_plot = "exact_nx128_ny128_nz128.png"
error_plot = "error_nx128_ny128_nz128_M2_steps1000.png"

[mg_coarsest_grid]
nz = 4
nx = 4
ny = 4
