err_l2 = 6.132141911500879e-5
steps = 3800
runtime_s = 15.171018838882446
err_max = 0.0001402522407471518
mg_levels_used = 5
history_file = "history_nx64_ny64_nz64_M4_steps3800.txt"
res_l2 = 9.957883e-9
exact_plot = "exact_nx64_ny64_nz64.png"
error_plot = "error_nx64_ny64_nz64_M4_steps3800.png"

[mg_coarsest_grid]
nz = 4
nx = 4
ny = 4
