# step err_l2 res_l2
0 2.462974e-01 1.000000e+00
1 2.181627e-01 1.381502e-01
2 2.079494e-01 8.433964e-02
3 2.002462e-01 6.095824e-02
4 1.938786e-01 4.828456e-02
5 1.883757e-01 4.029698e-02
6 1.834914e-01 3.475857e-02
7 1.790777e-01 3.066598e-02
8 1.750375e-01 2.750246e-02
9 1.713028e-01 2.497397e-02
10 1.678243e-01 2.290025e-02
11 1.645643e-01 2.116435e-02
12 1.614935e-01 1.968684e-02
13 1.585886e-01 1.841180e-02
14 1.558308e-01 1.729862e-02
15 1.532043e-01 1.631707e-02
16 1.506960e-01 1.544414e-02
17 1.482949e-01 1.466199e-02
18 1.459915e-01 1.395656e-02
19 1.437775e-01 1.331660e-02
20 1.416458e-01 1.273302e-02
21 1.395900e-01 1.219836e-02
22 1.376048e-01 1.170644e-02
23 1.356851e-01 1.125213e-02
24 1.338265e-01 1.083108e-02
25 1.320251e-01 1.043962e-02
26 1.302773e-01 1.007461e-02
27 1.285799e-01 9.733338e-03
28 1.269299e-01 9.413480e-03
29 1.253247e-01 9.113003e-03
30 1.237619e-01 8.830138e-03
31 1.222390e-01 8.563328e-03
32 1.207542e-01 8.311204e-03
33 1.193054e-01 8.072554e-03
34 1.178910e-01 7.846303e-03
35 1.165091e-01 7.631491e-03
36 1.151584e-01 7.427262e-03
37 1.138374e-01 7.232846e-03
38 1.125448e-01 7.047553e-03
39 1.112793e-01 6.870757e-03
40 1.100398e-01 6.701895e-03
41 1.088251e-01 6.540454e-03
42 1.076343e-01 6.385967e-03
43 1.064664e-01 6.238010e-03
44 1.053204e-01 6.096193e-03
45 1.041956e-01 5.960159e-03
46 1.030911e-01 5.829579e-03
47 1.020062e-01 5.704153e-03
48 1.009401e-01 5.583599e-03
49 9.989223e-02 5.467660e-03
50 9.886186e-02 5.356095e-03
51 9.784840e-02 5.248681e-03
52 9.685128e-02 5.145209e-03
53 9.586995e-02 5.045484e-03
54 9.490389e-02 4.949326e-03
55 9.395262e-02 4.856562e-03
56 9.301565e-02 4.767033e-03
57 9.209255e-02 4.680587e-03
58 9.118289e-02 4.597082e-03
59 9.028626e-02 4.516384e-03
60 8.940229e-02 4.438366e-03
61 8.853061e-02 4.362908e-03
62 8.767086e-02 4.289896e-03
63 8.682271e-02 4.219222e-03
64 8.598586e-02 4.150783e-03
65 8.515998e-02 4.084483e-03
66 8.434481e-02 4.020228e-03
67 8.354005e-02 3.957931e-03
68 8.274545e-02 3.897507e-03
69 8.196075e-02 3.838877e-03
70 8.118571e-02 3.781964e-03
71 8.042010e-02 3.726697e-03
72 7.966370e-02 3.673005e-03
73 7.891630e-02 3.620823e-03
74 7.817770e-02 3.570087e-03
75 7.744770e-02 3.520737e-03
76 7.672611e-02 3.472716e-03
77 7.601276e-02 3.425969e-03
78 7.530747e-02 3.380443e-03
79 7.461008e-02 3.336089e-03
80 7.392043e-02 3.292859e-03
81 7.323837e-02 3.250706e-03
82 7.256376e-02 3.209588e-03
83 7.189644e-02 3.169462e-03
84 7.123630e-02 3.130290e-03
85 7.058319e-02 3.092032e-03
86 6.993698e-02 3.054653e-03
87 6.929757e-02 3.018119e-03
88 6.866483e-02 2.982395e-03
89 6.803865e-02 2.947451e-03
90 6.741892e-02 2.913256e-03
91 6.680554e-02 2.879783e-03
92 6.619839e-02 2.847002e-03
93 6.559740e-02 2.814889e-03
94 6.500245e-02 2.783417e-03
95 6.441346e-02 2.752564e-03
96 6.383034e-02 2.722306e-03
97 6.325300e-02 2.692623e-03
98 6.268136e-02 2.663492e-03
99 6.211534e-02 2.634894e-03
100 6.155485e-02 2.606811e-03
101 6.099982e-02 2.579225e-03
102 6.045018e-02 2.552117e-03
103 5.990586e-02 2.525473e-03
104 5.936677e-02 2.499276e-03
105 5.883287e-02 2.473511e-03
106 5.830407e-02 2.448164e-03
107 5.778031e-02 2.423222e-03
108 5.726153e-02 2.398671e-03
109 5.674767e-02 2.374499e-03
110 5.623867e-02 2.350695e-03
111 5.573446e-02 2.327247e-03
112 5.523500e-02 2.304144e-03
113 5.474022e-02 2.281376e-03
114 5.425006e-02 2.258933e-03
115 5.376449e-02 2.236807e-03
116 5.328344e-02 2.214987e-03
117 5.280686e-02 2.193465e-03
118 5.233469e-02 2.172233e-03
119 5.186691e-02 2.151284e-03
120 5.140344e-02 2.130609e-03
121 5.094425e-02 2.110202e-03
122 5.048929e-02 2.090056e-03
123 5.003851e-02 2.070164e-03
124 4.959187e-02 2.050520e-03
125 4.914933e-02 2.031118e-03
126 4.871084e-02 2.011953e-03
127 4.827636e-02 1.993017e-03
128 4.784584e-02 1.974308e-03
129 4.741925e-02 1.955818e-03
130 4.699655e-02 1.937545e-03
131 4.657769e-02 1.919481e-03
132 4.616264e-02 1.901625e-03
133 4.575136e-02 1.883970e-03
134 4.534381e-02 1.866513e-03
135 4.493995e-02 1.849251e-03
136 4.453975e-02 1.832178e-03
137 4.414317e-02 1.815292e-03
138 4.375017e-02 1.798589e-03
139 4.336072e-02 1.782065e-03
140 4.297479e-02 1.765718e-03
141 4.259234e-02 1.749543e-03
142 4.221334e-02 1.733539e-03
143 4.183775e-02 1.717702e-03
144 4.146554e-02 1.702030e-03
145 4.109668e-02 1.686518e-03
146 4.073114e-02 1.671166e-03
147 4.036888e-02 1.655970e-03
148 4.000987e-02 1.640928e-03
149 3.965409e-02 1.626038e-03
150 3.930150e-02 1.611297e-03
151 3.895208e-02 1.596703e-03
152 3.860578e-02 1.582253e-03
153 3.826259e-02 1.567946e-03
154 3.792247e-02 1.553780e-03
155 3.758540e-02 1.539753e-03
156 3.725135e-02 1.525862e-03
157 3.692029e-02 1.512106e-03
158 3.659218e-02 1.498484e-03
159 3.626702e-02 1.484992e-03
160 3.594475e-02 1.471630e-03
161 3.562537e-02 1.458396e-03
162 3.530885e-02 1.445288e-03
163 3.499515e-02 1.432305e-03
164 3.468425e-02 1.419445e-03
165 3.437613e-02 1.406707e-03
166 3.407075e-02 1.394088e-03
167 3.376811e-02 1.381589e-03
168 3.346816e-02 1.369206e-03
169 3.317089e-02 1.356940e-03
170 3.287627e-02 1.344788e-03
171 3.258428e-02 1.332749e-03
172 3.229490e-02 1.320822e-03
173 3.200809e-02 1.309006e-03
174 3.172384e-02 1.297299e-03
175 3.144212e-02 1.285700e-03
176 3.116291e-02 1.274209e-03
177 3.088619e-02 1.262823e-03
178 3.061194e-02 1.251542e-03
179 3.034013e-02 1.240365e-03
180 3.007074e-02 1.229290e-03
181 2.980375e-02 1.218316e-03
182 2.953913e-02 1.207443e-03
183 2.927688e-02 1.196669e-03
184 2.901695e-02 1.185993e-03
185 2.875935e-02 1.175415e-03
186 2.850403e-02 1.164933e-03
187 2.825099e-02 1.154546e-03
188 2.800020e-02 1.144253e-03
189 2.775164e-02 1.134054e-03
190 2.750529e-02 1.123947e-03
191 2.726113e-02 1.113932e-03
192 2.701915e-02 1.104007e-03
193 2.677932e-02 1.094172e-03
194 2.654162e-02 1.084426e-03
195 2.630604e-02 1.074768e-03
196 2.607256e-02 1.065197e-03
197 2.584115e-02 1.055712e-03
198 2.561179e-02 1.046312e-03
199 2.538448e-02 1.036998e-03
200 2.515919e-02 1.027767e-03
201 2.493591e-02 1.018618e-03
202 2.471461e-02 1.009553e-03
203 2.449527e-02 1.000568e-03
204 2.427789e-02 9.916646e-04
205 2.406244e-02 9.828407e-04
206 2.384891e-02 9.740960e-04
207 2.363727e-02 9.654297e-04
208 2.342752e-02 9.568410e-04
209 2.321963e-02 9.483293e-04
210 2.301359e-02 9.398938e-04
211 2.280938e-02 9.315338e-04
212 2.260698e-02 9.232486e-04
213 2.240639e-02 9.150375e-04
214 2.220758e-02 9.068998e-04
215 2.201053e-02 8.988349e-04
216 2.181524e-02 8.908420e-04
217 2.162168e-02 8.829206e-04
218 2.142985e-02 8.750699e-04
219 2.123972e-02 8.672893e-04
220 2.105127e-02 8.595782e-04
221 2.086451e-02 8.519360e-04
222 2.067940e-02 8.443619e-04
223 2.049594e-02 8.368554e-04
224 2.031411e-02 8.294158e-04
225 2.013389e-02 8.220426e-04
226 1.995528e-02 8.147352e-04
227 1.977826e-02 8.074929e-04
228 1.960280e-02 8.003152e-04
229 1.942891e-02 7.932014e-04
230 1.925656e-02 7.861511e-04
231 1.908575e-02 7.791635e-04
232 1.891645e-02 7.722382e-04
233 1.874866e-02 7.653746e-04
234 1.858235e-02 7.585722e-04
235 1.841753e-02 7.518303e-04
236 1.825417e-02 7.451484e-04
237 1.809226e-02 7.385261e-04
238 1.793179e-02 7.319627e-04
239 1.777275e-02 7.254577e-04
240 1.761512e-02 7.190106e-04
241 1.745889e-02 7.126210e-04
242 1.730405e-02 7.062881e-04
243 1.715058e-02 7.000117e-04
244 1.699848e-02 6.937911e-04
245 1.684773e-02 6.876258e-04
246 1.669832e-02 6.815154e-04
247 1.655024e-02 6.754594e-04
248 1.640347e-02 6.694572e-04
249 1.625801e-02 6.635084e-04
250 1.611384e-02 6.576126e-04
251 1.597095e-02 6.517691e-04
252 1.582933e-02 6.459777e-04
253 1.568897e-02 6.402377e-04
254 1.554985e-02 6.345488e-04
255 1.541198e-02 6.289105e-04
256 1.527532e-02 6.233223e-04
257 1.513989e-02 6.177839e-04
258 1.500565e-02 6.122946e-04
259 1.487261e-02 6.068542e-04
260 1.474075e-02 6.014621e-04
261 1.461006e-02 5.961180e-04
262 1.448053e-02 5.908214e-04
263 1.435216e-02 5.855719e-04
264 1.422492e-02 5.803690e-04
265 1.409882e-02 5.752124e-04
266 1.397383e-02 5.701016e-04
267 1.384996e-02 5.650363e-04
268 1.372718e-02 5.600160e-04
269 1.360550e-02 5.550403e-04
270 1.348490e-02 5.501088e-04
271 1.336537e-02 5.452212e-04
272 1.324690e-02 5.403770e-04
273 1.312949e-02 5.355759e-04
274 1.301312e-02 5.308174e-04
275 1.289778e-02 5.261012e-04
276 1.278347e-02 5.214270e-04
277 1.267017e-02 5.167943e-04
278 1.255788e-02 5.122027e-04
279 1.244658e-02 5.076520e-04
280 1.233628e-02 5.031417e-04
281 1.222696e-02 4.986715e-04
282 1.211860e-02 4.942410e-04
283 1.201121e-02 4.898498e-04
284 1.190478e-02 4.854977e-04
285 1.179929e-02 4.811843e-04
286 1.169474e-02 4.769092e-04
287 1.159111e-02 4.726721e-04
288 1.148841e-02 4.684727e-04
289 1.138662e-02 4.643105e-04
290 1.128573e-02 4.601854e-04
291 1.118574e-02 4.560969e-04
292 1.108664e-02 4.520447e-04
293 1.098842e-02 4.480285e-04
294 1.089108e-02 4.440480e-04
295 1.079459e-02 4.401029e-04
296 1.069897e-02 4.361929e-04
297 1.060419e-02 4.323176e-04
298 1.051026e-02 4.284767e-04
299 1.041716e-02 4.246699e-04
300 1.032489e-02 4.208970e-04
301 1.023343e-02 4.171576e-04
302 1.014280e-02 4.134514e-04
303 1.005296e-02 4.097782e-04
304 9.963926e-03 4.061375e-04
305 9.875681e-03 4.025293e-04
306 9.788220e-03 3.989531e-04
307 9.701537e-03 3.954086e-04
308 9.615624e-03 3.918957e-04
309 9.530474e-03 3.884140e-04
310 9.446081e-03 3.849632e-04
311 9.362437e-03 3.815430e-04
312 9.279537e-03 3.781533e-04
313 9.197374e-03 3.747937e-04
314 9.115940e-03 3.714639e-04
315 9.035230e-03 3.681637e-04
316 8.955238e-03 3.648928e-04
317 8.875956e-03 3.616510e-04
318 8.797378e-03 3.584380e-04
319 8.719499e-03 3.552535e-04
320 8.642312e-03 3.520973e-04
321 8.565811e-03 3.489692e-04
322 8.489989e-03 3.458689e-04
323 8.414841e-03 3.427961e-04
324 8.340361e-03 3.397506e-04
325 8.266543e-03 3.367321e-04
326 8.193380e-03 3.337405e-04
327 8.120868e-03 3.307755e-04
328 8.049000e-03 3.278368e-04
329 7.977771e-03 3.249242e-04
330 7.907175e-03 3.220375e-04
331 7.837206e-03 3.191764e-04
332 7.767858e-03 3.163408e-04
333 7.699127e-03 3.135303e-04
334 7.631007e-03 3.107449e-04
335 7.563492e-03 3.079841e-04
336 7.496577e-03 3.052479e-04
337 7.430257e-03 3.025360e-04
338 7.364525e-03 2.998482e-04
339 7.299378e-03 2.971843e-04
340 7.234810e-03 2.945440e-04
341 7.170816e-03 2.919272e-04
342 7.107390e-03 2.893337e-04
343 7.044528e-03 2.867632e-04
344 6.982225e-03 2.842155e-04
345 6.920475e-03 2.816904e-04
346 6.859274e-03 2.791878e-04
347 6.798617e-03 2.767075e-04
348 6.738499e-03 2.742491e-04
349 6.678915e-03 2.718126e-04
350 6.619861e-03 2.693978e-04
351 6.561331e-03 2.670044e-04
352 6.503321e-03 2.646323e-04
353 6.445827e-03 2.622812e-04
354 6.388844e-03 2.599511e-04
355 6.332368e-03 2.576416e-04
356 6.276393e-03 2.553526e-04
357 6.220916e-03 2.530840e-04
358 6.165932e-03 2.508356e-04
359 6.111436e-03 2.486071e-04
360 6.057425e-03 2.463984e-04
361 6.003893e-03 2.442093e-04
362 5.950838e-03 2.420397e-04
363 5.898254e-03 2.398894e-04
364 5.846137e-03 2.377582e-04
365 5.794483e-03 2.356459e-04
366 5.743289e-03 2.335523e-04
367 5.692549e-03 2.314774e-04
368 5.642261e-03 2.294209e-04
369 5.592419e-03 2.273827e-04
370 5.543020e-03 2.253626e-04
371 5.494061e-03 2.233604e-04
372 5.445536e-03 2.213760e-04
373 5.397443e-03 2.194093e-04
374 5.349777e-03 2.174600e-04
375 5.302535e-03 2.155280e-04
376 5.255712e-03 2.136132e-04
377 5.209306e-03 2.117154e-04
378 5.163313e-03 2.098345e-04
379 5.117728e-03 2.079703e-04
380 5.072548e-03 2.061226e-04
381 5.027770e-03 2.042914e-04
382 4.983390e-03 2.024764e-04
383 4.939404e-03 2.006776e-04
384 4.895809e-03 1.988947e-04
385 4.852602e-03 1.971277e-04
386 4.809779e-03 1.953764e-04
387 4.767336e-03 1.936406e-04
388 4.725271e-03 1.919202e-04
389 4.683580e-03 1.902152e-04
390 4.642259e-03 1.885253e-04
391 4.601305e-03 1.868504e-04
392 4.560716e-03 1.851903e-04
393 4.520487e-03 1.835451e-04
394 4.480616e-03 1.819144e-04
395 4.441100e-03 1.802983e-04
396 4.401934e-03 1.786964e-04
397 4.363117e-03 1.771089e-04
398 4.324645e-03 1.755354e-04
399 4.286515e-03 1.739759e-04
400 4.248724e-03 1.724303e-04
401 4.211268e-03 1.708983e-04
402 4.174146e-03 1.693800e-04
403 4.137354e-03 1.678752e-04
404 4.100889e-03 1.663838e-04
405 4.064748e-03 1.649056e-04
406 4.028928e-03 1.634405e-04
407 3.993427e-03 1.619885e-04
408 3.958242e-03 1.605494e-04
409 3.923369e-03 1.591230e-04
410 3.888806e-03 1.577093e-04
411 3.854551e-03 1.563082e-04
412 3.820600e-03 1.549195e-04
413 3.786951e-03 1.535432e-04
414 3.753601e-03 1.521791e-04
415 3.720548e-03 1.508271e-04
416 3.687789e-03 1.494871e-04
417 3.655320e-03 1.481590e-04
418 3.623141e-03 1.468427e-04
419 3.591248e-03 1.455382e-04
420 3.559638e-03 1.442452e-04
421 3.528310e-03 1.429637e-04
422 3.497260e-03 1.416935e-04
423 3.466486e-03 1.404347e-04
424 3.435985e-03 1.391871e-04
425 3.405757e-03 1.379505e-04
426 3.375796e-03 1.367249e-04
427 3.346103e-03 1.355102e-04
428 3.316673e-03 1.343063e-04
429 3.287505e-03 1.331131e-04
430 3.258596e-03 1.319305e-04
431 3.229945e-03 1.307584e-04
432 3.201548e-03 1.295967e-04
433 3.173404e-03 1.284453e-04
434 3.145511e-03 1.273042e-04
435 3.117865e-03 1.261732e-04
436 3.090465e-03 1.250523e-04
437 3.063309e-03 1.239413e-04
438 3.036395e-03 1.228401e-04
439 3.009720e-03 1.217488e-04
440 2.983282e-03 1.206672e-04
441 2.957079e-03 1.195951e-04
442 2.931110e-03 1.185326e-04
443 2.905371e-03 1.174795e-04
444 2.879862e-03 1.164358e-04
445 2.854579e-03 1.154014e-04
446 2.829522e-03 1.143761e-04
447 2.804687e-03 1.133600e-04
448 2.780073e-03 1.123529e-04
449 2.755679e-03 1.113547e-04
450 2.731501e-03 1.103654e-04
451 2.707538e-03 1.093849e-04
452 2.683789e-03 1.084131e-04
453 2.660251e-03 1.074499e-04
454 2.636922e-03 1.064953e-04
455 2.613801e-03 1.055492e-04
456 2.590886e-03 1.046115e-04
457 2.568175e-03 1.036821e-04
458 2.545665e-03 1.027610e-04
459 2.523357e-03 1.018480e-04
460 2.501246e-03 1.009432e-04
461 2.479333e-03 1.000464e-04
462 2.457614e-03 9.915753e-05
463 2.436089e-03 9.827659e-05
464 2.414755e-03 9.740348e-05
465 2.393612e-03 9.653813e-05
466 2.372656e-03 9.568046e-05
467 2.351887e-03 9.483042e-05
468 2.331303e-03 9.398792e-05
469 2.310902e-03 9.315291e-05
470 2.290683e-03 9.232532e-05
471 2.270644e-03 9.150508e-05
472 2.250783e-03 9.069213e-05
473 2.231099e-03 8.988640e-05
474 2.211591e-03 8.908783e-05
475 2.192256e-03 8.829636e-05
476 2.173093e-03 8.751191e-05
477 2.154101e-03 8.673444e-05
478 2.135278e-03 8.596387e-05
479 2.116623e-03 8.520015e-05
480 2.098134e-03 8.444321e-05
481 2.079809e-03 8.369300e-05
482 2.061648e-03 8.294945e-05
483 2.043649e-03 8.221251e-05
484 2.025809e-03 8.148212e-05
485 2.008129e-03 8.075821e-05
486 1.990607e-03 8.004074e-05
487 1.973240e-03 7.932964e-05
488 1.956028e-03 7.862486e-05
489 1.938970e-03 7.792634e-05
490 1.922063e-03 7.723402e-05
491 1.905307e-03 7.654786e-05
492 1.888701e-03 7.586779e-05
493 1.872242e-03 7.519376e-05
494 1.855931e-03 7.452573e-05
495 1.839764e-03 7.386362e-05
496 1.823742e-03 7.320740e-05
497 1.807862e-03 7.255701e-05
498 1.792124e-03 7.191240e-05
499 1.776527e-03 7.127351e-05
500 1.761068e-03 7.064030e-05
501 1.745747e-03 7.001272e-05
502 1.730563e-03 6.939071e-05
503 1.715515e-03 6.877423e-05
504 1.700600e-03 6.816322e-05
505 1.685819e-03 6.755765e-05
506 1.671169e-03 6.695745e-05
507 1.656650e-03 6.636259e-05
508 1.642261e-03 6.577301e-05
509 1.627999e-03 6.518866e-05
510 1.613866e-03 6.460951e-05
511 1.599858e-03 6.403551e-05
512 1.585975e-03 6.346660e-05
513 1.572216e-03 6.290275e-05
514 1.558580e-03 6.234391e-05
515 1.545066e-03 6.179003e-05
516 1.531672e-03 6.124108e-05
517 1.518398e-03 6.069700e-05
518 1.505242e-03 6.015775e-05
519 1.492204e-03 5.962330e-05
520 1.479282e-03 5.909359e-05
521 1.466476e-03 5.856859e-05
522 1.453784e-03 5.804825e-05
523 1.441205e-03 5.753254e-05
524 1.428738e-03 5.702141e-05
525 1.416383e-03 5.651482e-05
526 1.404139e-03 5.601273e-05
527 1.392004e-03 5.551510e-05
528 1.379977e-03 5.502189e-05
529 1.368057e-03 5.453306e-05
530 1.356245e-03 5.404858e-05
531 1.344537e-03 5.356840e-05
532 1.332935e-03 5.309249e-05
533 1.321436e-03 5.262080e-05
534 1.310040e-03 5.215331e-05
535 1.298746e-03 5.168997e-05
536 1.287553e-03 5.123074e-05
537 1.276460e-03 5.077560e-05
538 1.265466e-03 5.032449e-05
539 1.254570e-03 4.987740e-05
540 1.243773e-03 4.943428e-05
541 1.233071e-03 4.899509e-05
542 1.222466e-03 4.855981e-05
543 1.211955e-03 4.812839e-05
544 1.201538e-03 4.770081e-05
545 1.191215e-03 4.727703e-05
546 1.180984e-03 4.685701e-05
547 1.170845e-03 4.644072e-05
548 1.160797e-03 4.602813e-05
549 1.150838e-03 4.561921e-05
550 1.140969e-03 4.521391e-05
551 1.131188e-03 4.481222e-05
552 1.121495e-03 4.441410e-05
553 1.111889e-03 4.401952e-05
554 1.102368e-03 4.362844e-05
555 1.092934e-03 4.324083e-05
556 1.083583e-03 4.285667e-05
557 1.074317e-03 4.247593e-05
558 1.065134e-03 4.209856e-05
559 1.056033e-03 4.172455e-05
560 1.047014e-03 4.135386e-05
561 1.038075e-03 4.098646e-05
562 1.029217e-03 4.062233e-05
563 1.020439e-03 4.026143e-05
564 1.011739e-03 3.990374e-05
565 1.003118e-03 3.954923e-05
566 9.945734e-04 3.919786e-05
567 9.861060e-04 3.884962e-05
568 9.777147e-04 3.850447e-05
569 9.693988e-04 3.816239e-05
570 9.611576e-04 3.782334e-05
571 9.529905e-04 3.748731e-05
572 9.448969e-04 3.715427e-05
573 9.368761e-04 3.682418e-05
574 9.289274e-04 3.649703e-05
575 9.210502e-04 3.617278e-05
576 9.132440e-04 3.585141e-05
577 9.055080e-04 3.553290e-05
578 8.978416e-04 3.521722e-05
579 8.902443e-04 3.490434e-05
580 8.827154e-04 3.459424e-05
581 8.752544e-04 3.428690e-05
582 8.678606e-04 3.398229e-05
583 8.605334e-04 3.368038e-05
584 8.532723e-04 3.338116e-05
585 8.460767e-04 3.308459e-05
586 8.389460e-04 3.279066e-05
587 8.318797e-04 3.249934e-05
588 8.248771e-04 3.221061e-05
589 8.179377e-04 3.192445e-05
590 8.110610e-04 3.164082e-05
591 8.042464e-04 3.135972e-05
592 7.974934e-04 3.108111e-05
593 7.908014e-04 3.080498e-05
594 7.841699e-04 3.053130e-05
595 7.775983e-04 3.026005e-05
596 7.710862e-04 2.999122e-05
597 7.646330e-04 2.972477e-05
598 7.582383e-04 2.946069e-05
599 7.519014e-04 2.919895e-05
600 7.456219e-04 2.893954e-05
601 7.393993e-04 2.868244e-05
602 7.332330e-04 2.842762e-05
603 7.271227e-04 2.817506e-05
604 7.210678e-04 2.792475e-05
605 7.150678e-04 2.767666e-05
606 7.091222e-04 2.743077e-05
607 7.032306e-04 2.718707e-05
608 6.973926e-04 2.694553e-05
609 6.916075e-04 2.670614e-05
610 6.858750e-04 2.646888e-05
611 6.801946e-04 2.623373e-05
612 6.745659e-04 2.600066e-05
613 6.689883e-04 2.576966e-05
614 6.634615e-04 2.554072e-05
615 6.579851e-04 2.531381e-05
616 6.525585e-04 2.508892e-05
617 6.471813e-04 2.486602e-05
618 6.418532e-04 2.464511e-05
619 6.365736e-04 2.442615e-05
620 6.313422e-04 2.420915e-05
621 6.261586e-04 2.399407e-05
622 6.210223e-04 2.378090e-05
623 6.159328e-04 2.356962e-05
624 6.108899e-04 2.336023e-05
625 6.058931e-04 2.315269e-05
626 6.009420e-04 2.294700e-05
627 5.960362e-04 2.274313e-05
628 5.911753e-04 2.254107e-05
629 5.863589e-04 2.234081e-05
630 5.815867e-04 2.214233e-05
631 5.768582e-04 2.194562e-05
632 5.721731e-04 2.175065e-05
633 5.675310e-04 2.155741e-05
634 5.629315e-04 2.136589e-05
635 5.583742e-04 2.117607e-05
636 5.538588e-04 2.098794e-05
637 5.493850e-04 2.080148e-05
638 5.449523e-04 2.061667e-05
639 5.405604e-04 2.043351e-05
640 5.362090e-04 2.025197e-05
641 5.318977e-04 2.007205e-05
642 5.276261e-04 1.989372e-05
643 5.233940e-04 1.971698e-05
644 5.192009e-04 1.954181e-05
645 5.150466e-04 1.936820e-05
646 5.109306e-04 1.919613e-05
647 5.068528e-04 1.902559e-05
648 5.028126e-04 1.885656e-05
649 4.988099e-04 1.868903e-05
650 4.948442e-04 1.852300e-05
651 4.909154e-04 1.835843e-05
652 4.870229e-04 1.819533e-05
653 4.831667e-04 1.803368e-05
654 4.793462e-04 1.787347e-05
655 4.755613e-04 1.771467e-05
656 4.718115e-04 1.755729e-05
657 4.680967e-04 1.740131e-05
658 4.644165e-04 1.724671e-05
659 4.607706e-04 1.709349e-05
660 4.571587e-04 1.694163e-05
661 4.535805e-04 1.679111e-05
662 4.500357e-04 1.664194e-05
663 4.465241e-04 1.649409e-05
664 4.430454e-04 1.634755e-05
665 4.395992e-04 1.620232e-05
666 4.361853e-04 1.605837e-05
667 4.328034e-04 1.591570e-05
668 4.294533e-04 1.577431e-05
669 4.261347e-04 1.563416e-05
670 4.228472e-04 1.549527e-05
671 4.195907e-04 1.535760e-05
672 4.163648e-04 1.522116e-05
673 4.131693e-04 1.508593e-05
674 4.100040e-04 1.495191e-05
675 4.068686e-04 1.481907e-05
676 4.037628e-04 1.468742e-05
677 4.006863e-04 1.455693e-05
678 3.976390e-04 1.442760e-05
679 3.946205e-04 1.429942e-05
680 3.916307e-04 1.417239e-05
681 3.886693e-04 1.404647e-05
682 3.857359e-04 1.392168e-05
683 3.828305e-04 1.379800e-05
684 3.799527e-04 1.367541e-05
685 3.771024e-04 1.355392e-05
686 3.742792e-04 1.343350e-05
687 3.714830e-04 1.331416e-05
688 3.687135e-04 1.319587e-05
689 3.659705e-04 1.307864e-05
690 3.632537e-04 1.296244e-05
691 3.605630e-04 1.284728e-05
692 3.578981e-04 1.273314e-05
693 3.552588e-04 1.262002e-05
694 3.526449e-04 1.250790e-05
695 3.500562e-04 1.239678e-05
696 3.474923e-04 1.228664e-05
697 3.449532e-04 1.217748e-05
698 3.424387e-04 1.206930e-05
699 3.399484e-04 1.196207e-05
700 3.374823e-04 1.185580e-05
701 3.350400e-04 1.175047e-05
702 3.326214e-04 1.164607e-05
703 3.302263e-04 1.154261e-05
704 3.278545e-04 1.144006e-05
705 3.255058e-04 1.133842e-05
706 3.231800e-04 1.123769e-05
707 3.208769e-04 1.113785e-05
708 3.185962e-04 1.103890e-05
709 3.163379e-04 1.094083e-05
710 3.141017e-04 1.084363e-05
711 3.118874e-04 1.074729e-05
712 3.096949e-04 1.065181e-05
713 3.075239e-04 1.055718e-05
714 3.053743e-04 1.046339e-05
715 3.032459e-04 1.037043e-05
716 3.011384e-04 1.027829e-05
717 2.990518e-04 1.018698e-05
718 2.969858e-04 1.009648e-05
719 2.949404e-04 1.000678e-05
720 2.929151e-04 9.917874e-06
721 2.909101e-04 9.829761e-06
722 2.889249e-04 9.742432e-06
723 2.869595e-04 9.655878e-06
724 2.850138e-04 9.570093e-06
725 2.830874e-04 9.485070e-06
726 2.811804e-04 9.400803e-06
727 2.792924e-04 9.317284e-06
728 2.774233e-04 9.234507e-06
729 2.755731e-04 9.152466e-06
730 2.737414e-04 9.071153e-06
731 2.719282e-04 8.990563e-06
732 2.701333e-04 8.910689e-06
733 2.683565e-04 8.831524e-06
734 2.665977e-04 8.753063e-06
735 2.648568e-04 8.675299e-06
736 2.631335e-04 8.598226e-06
737 2.614277e-04 8.521837e-06
738 2.597392e-04 8.446127e-06
739 2.580680e-04 8.371090e-06
740 2.564138e-04 8.296719e-06
741 2.547766e-04 8.223010e-06
742 2.531561e-04 8.149955e-06
743 2.515522e-04 8.077549e-06
744 2.499648e-04 8.005786e-06
745 2.483937e-04 7.934661e-06
746 2.468388e-04 7.864167e-06
747 2.453000e-04 7.794300e-06
748 2.437771e-04 7.725054e-06
749 2.422699e-04 7.656423e-06
750 2.407784e-04 7.588402e-06
751 2.393023e-04 7.520985e-06
752 2.378416e-04 7.454167e-06
753 2.363962e-04 7.387942e-06
754 2.349658e-04 7.322306e-06
755 2.335503e-04 7.257253e-06
756 2.321497e-04 7.192778e-06
757 2.307638e-04 7.128876e-06
758 2.293924e-04 7.065541e-06
759 2.280355e-04 7.002770e-06
760 2.266928e-04 6.940555e-06
761 2.253644e-04 6.878894e-06
762 2.240499e-04 6.817780e-06
763 2.227494e-04 6.757210e-06
764 2.214627e-04 6.697177e-06
765 2.201897e-04 6.637678e-06
766 2.189302e-04 6.578707e-06
767 2.176842e-04 6.520261e-06
768 2.164514e-04 6.462333e-06
769 2.152318e-04 6.404921e-06
770 2.140254e-04 6.348018e-06
771 2.128318e-04 6.291621e-06
772 2.116511e-04 6.235724e-06
773 2.104831e-04 6.180325e-06
774 2.093277e-04 6.125418e-06
775 2.081848e-04 6.070998e-06
776 2.070543e-04 6.017062e-06
777 2.059360e-04 5.963605e-06
778 2.048299e-04 5.910623e-06
779 2.037358e-04 5.858112e-06
780 2.026536e-04 5.806067e-06
781 2.015832e-04 5.754485e-06
782 2.005245e-04 5.703361e-06
783 1.994775e-04 5.652691e-06
784 1.984419e-04 5.602471e-06
785 1.974177e-04 5.552697e-06
786 1.964048e-04 5.503366e-06
787 1.954030e-04 5.454473e-06
788 1.944123e-04 5.406014e-06
789 1.934326e-04 5.357986e-06
790 1.924637e-04 5.310384e-06
791 1.915056e-04 5.263206e-06
792 1.905581e-04 5.216446e-06
793 1.896212e-04 5.170102e-06
794 1.886948e-04 5.124170e-06
795 1.877787e-04 5.078646e-06
796 1.868728e-04 5.033526e-06
797 1.859771e-04 4.988807e-06
798 1.850915e-04 4.944485e-06
799 1.842158e-04 4.900557e-06
800 1.833500e-04 4.857020e-06
801 1.824939e-04 4.813869e-06
802 1.816475e-04 4.771101e-06
803 1.808108e-04 4.728714e-06
804 1.799834e-04 4.686703e-06
805 1.791655e-04 4.645065e-06
806 1.783569e-04 4.603798e-06
807 1.775575e-04 4.562896e-06
808 1.767673e-04 4.522359e-06
809 1.759860e-04 4.482181e-06
810 1.752137e-04 4.442360e-06
811 1.744503e-04 4.402893e-06
812 1.736956e-04 4.363777e-06
813 1.729496e-04 4.325008e-06
814 1.722122e-04 4.286584e-06
815 1.714833e-04 4.248501e-06
816 1.707628e-04 4.210756e-06
817 1.700506e-04 4.173347e-06
818 1.693467e-04 4.136270e-06
819 1.686509e-04 4.099523e-06
820 1.679633e-04 4.063102e-06
821 1.672836e-04 4.027004e-06
822 1.666119e-04 3.991227e-06
823 1.659480e-04 3.955768e-06
824 1.652918e-04 3.920625e-06
825 1.646434e-04 3.885793e-06
826 1.640025e-04 3.851271e-06
827 1.633691e-04 3.817055e-06
828 1.627432e-04 3.783144e-06
829 1.621247e-04 3.749533e-06
830 1.615134e-04 3.716222e-06
831 1.609093e-04 3.683206e-06
832 1.603124e-04 3.650483e-06
833 1.597226e-04 3.618052e-06
834 1.591397e-04 3.585908e-06
835 1.585637e-04 3.554050e-06
836 1.579946e-04 3.522475e-06
837 1.574322e-04 3.491181e-06
838 1.568765e-04 3.460164e-06
839 1.563275e-04 3.429423e-06
840 1.557850e-04 3.398956e-06
841 1.552490e-04 3.368759e-06
842 1.547193e-04 3.338830e-06
843 1.541961e-04 3.309167e-06
844 1.536790e-04 3.279768e-06
845 1.531682e-04 3.250629e-06
846 1.526636e-04 3.221750e-06
847 1.521650e-04 3.193127e-06
848 1.516723e-04 3.164759e-06
849 1.511857e-04 3.136643e-06
850 1.507049e-04 3.108776e-06
851 1.502299e-04 3.081157e-06
852 1.497606e-04 3.053783e-06
853 1.492970e-04 3.026653e-06
854 1.488391e-04 2.999763e-06
855 1.483866e-04 2.973113e-06
856 1.479397e-04 2.946699e-06
857 1.474982e-04 2.920520e-06
858 1.470621e-04 2.894573e-06
859 1.466312e-04 2.868857e-06
860 1.462056e-04 2.843370e-06
861 1.457852e-04 2.818109e-06
862 1.453700e-04 2.793072e-06
863 1.449597e-04 2.768258e-06
864 1.445545e-04 2.743664e-06
865 1.441543e-04 2.719288e-06
866 1.437589e-04 2.695130e-06
867 1.433684e-04 2.671186e-06
868 1.429827e-04 2.647454e-06
869 1.426017e-04 2.623934e-06
870 1.422254e-04 2.600622e-06
871 1.418537e-04 2.577518e-06
872 1.414865e-04 2.554618e-06
873 1.411239e-04 2.531923e-06
874 1.407657e-04 2.509428e-06
875 1.404120e-04 2.487134e-06
876 1.400625e-04 2.465038e-06
877 1.397174e-04 2.443138e-06
878 1.393766e-04 2.421432e-06
879 1.390400e-04 2.399920e-06
880 1.387075e-04 2.378599e-06
881 1.383791e-04 2.357467e-06
882 1.380547e-04 2.336522e-06
883 1.377344e-04 2.315764e-06
884 1.374181e-04 2.295190e-06
885 1.371056e-04 2.274799e-06
886 1.367970e-04 2.254590e-06
887 1.364923e-04 2.234559e-06
888 1.361913e-04 2.214707e-06
889 1.358940e-04 2.195031e-06
890 1.356004e-04 2.175530e-06
891 1.353105e-04 2.156202e-06
892 1.350241e-04 2.137046e-06
893 1.347413e-04 2.118060e-06
894 1.344620e-04 2.099243e-06
895 1.341862e-04 2.080592e-06
896 1.339138e-04 2.062108e-06
897 1.336448e-04 2.043788e-06
898 1.333791e-04 2.025630e-06
899 1.331167e-04 2.007634e-06
900 1.328576e-04 1.989798e-06
901 1.326017e-04 1.972120e-06
902 1.323490e-04 1.954599e-06
903 1.320994e-04 1.937234e-06
904 1.318529e-04 1.920023e-06
905 1.316095e-04 1.902966e-06
906 1.313691e-04 1.886059e-06
907 1.311317e-04 1.869303e-06
908 1.308972e-04 1.852696e-06
909 1.306657e-04 1.836236e-06
910 1.304370e-04 1.819922e-06
911 1.302112e-04 1.803754e-06
912 1.299882e-04 1.787729e-06
913 1.297679e-04 1.771846e-06
914 1.295504e-04 1.756105e-06
915 1.293356e-04 1.740503e-06
916 1.291235e-04 1.725040e-06
917 1.289140e-04 1.709715e-06
918 1.287071e-04 1.694525e-06
919 1.285027e-04 1.679471e-06
920 1.283009e-04 1.664550e-06
921 1.281017e-04 1.649762e-06
922 1.279048e-04 1.635105e-06
923 1.277105e-04 1.620578e-06
924 1.275185e-04 1.606181e-06
925 1.273289e-04 1.591911e-06
926 1.271417e-04 1.577768e-06
927 1.269568e-04 1.563751e-06
928 1.267741e-04 1.549858e-06
929 1.265938e-04 1.536089e-06
930 1.264157e-04 1.522442e-06
931 1.262397e-04 1.508916e-06
932 1.260660e-04 1.495511e-06
933 1.258944e-04 1.482224e-06
934 1.257249e-04 1.469056e-06
935 1.255575e-04 1.456004e-06
936 1.253922e-04 1.443069e-06
937 1.252290e-04 1.430248e-06
938 1.250677e-04 1.417542e-06
939 1.249085e-04 1.404948e-06
940 1.247512e-04 1.392466e-06
941 1.245958e-04 1.380095e-06
942 1.244424e-04 1.367834e-06
943 1.242908e-04 1.355682e-06
944 1.241411e-04 1.343638e-06
945 1.239933e-04 1.331701e-06
946 1.238473e-04 1.319869e-06
947 1.237030e-04 1.308143e-06
948 1.235606e-04 1.296522e-06
949 1.234199e-04 1.285003e-06
950 1.232809e-04 1.273587e-06
951 1.231436e-04 1.262272e-06
952 1.230080e-04 1.251058e-06
953 1.228741e-04 1.239943e-06
954 1.227418e-04 1.228927e-06
955 1.226111e-04 1.218009e-06
956 1.224820e-04 1.207188e-06
957 1.223545e-04 1.196463e-06
958 1.222286e-04 1.185833e-06
959 1.221042e-04 1.175298e-06
960 1.219813e-04 1.164857e-06
961 1.218599e-04 1.154508e-06
962 1.217400e-04 1.144251e-06
963 1.216216e-04 1.134085e-06
964 1.215045e-04 1.124010e-06
965 1.213889e-04 1.114024e-06
966 1.212748e-04 1.104126e-06
967 1.211620e-04 1.094317e-06
968 1.210505e-04 1.084595e-06
969 1.209404e-04 1.074959e-06
970 1.208317e-04 1.065409e-06
971 1.207243e-04 1.055944e-06
972 1.206181e-04 1.046562e-06
973 1.205133e-04 1.037264e-06
974 1.204097e-04 1.028049e-06
975 1.203073e-04 1.018916e-06
976 1.202062e-04 1.009864e-06
977 1.201063e-04 1.000892e-06
978 1.200076e-04 9.919995e-07
979 1.199101e-04 9.831864e-07
980 1.198138e-04 9.744515e-07
981 1.197186e-04 9.657943e-07
982 1.196246e-04 9.572140e-07
983 1.195317e-04 9.487099e-07
984 1.194399e-04 9.402813e-07
985 1.193492e-04 9.319277e-07
986 1.192595e-04 9.236482e-07
987 1.191710e-04 9.154423e-07
988 1.190835e-04 9.073093e-07
989 1.189970e-04 8.992486e-07
990 1.189116e-04 8.912595e-07
991 1.188272e-04 8.833413e-07
992 1.187438e-04 8.754935e-07
993 1.186614e-04 8.677155e-07
994 1.185799e-04 8.600065e-07
995 1.184995e-04 8.523660e-07
996 1.184199e-04 8.447934e-07
997 1.183414e-04 8.372881e-07
998 1.182637e-04 8.298494e-07
999 1.181870e-04 8.224768e-07
1000 1.181111e-04 8.151698e-07
1001 1.180362e-04 8.079276e-07
1002 1.179621e-04 8.007498e-07
1003 1.178889e-04 7.936358e-07
1004 1.178166e-04 7.865849e-07
1005 1.177451e-04 7.795968e-07
1006 1.176744e-04 7.726706e-07
1007 1.176046e-04 7.658061e-07
1008 1.175356e-04 7.590025e-07
1009 1.174674e-04 7.522593e-07
1010 1.174000e-04 7.455761e-07
1011 1.173334e-04 7.389522e-07
1012 1.172676e-04 7.323872e-07
1013 1.172025e-04 7.258805e-07
1014 1.171381e-04 7.194317e-07
1015 1.170746e-04 7.130401e-07
1016 1.170117e-04 7.067053e-07
1017 1.169496e-04 7.004267e-07
1018 1.168882e-04 6.942040e-07
1019 1.168275e-04 6.880365e-07
1020 1.167676e-04 6.819239e-07
1021 1.167083e-04 6.758655e-07
1022 1.166497e-04 6.698610e-07
1023 1.165917e-04 6.639098e-07
1024 1.165344e-04 6.580115e-07
1025 1.164778e-04 6.521655e-07
1026 1.164219e-04 6.463716e-07
1027 1.163665e-04 6.406290e-07
1028 1.163119e-04 6.349376e-07
1029 1.162578e-04 6.292966e-07
1030 1.162043e-04 6.237058e-07
1031 1.161515e-04 6.181647e-07
1032 1.160993e-04 6.126728e-07
1033 1.160476e-04 6.072297e-07
1034 1.159966e-04 6.018349e-07
1035 1.159461e-04 5.964881e-07
1036 1.158962e-04 5.911887e-07
1037 1.158468e-04 5.859365e-07
1038 1.157981e-04 5.807309e-07
1039 1.157498e-04 5.755715e-07
1040 1.157021e-04 5.704580e-07
1041 1.156550e-04 5.653900e-07
1042 1.156084e-04 5.603669e-07
1043 1.155623e-04 5.553885e-07
1044 1.155167e-04 5.504543e-07
1045 1.154717e-04 5.455639e-07
1046 1.154271e-04 5.407170e-07
1047 1.153830e-04 5.359132e-07
1048 1.153395e-04 5.311520e-07
1049 1.152964e-04 5.264331e-07
1050 1.152538e-04 5.217562e-07
1051 1.152117e-04 5.171208e-07
1052 1.151700e-04 5.125266e-07
1053 1.151288e-04 5.079732e-07
1054 1.150881e-04 5.034602e-07
1055 1.150478e-04 4.989874e-07
1056 1.150080e-04 4.945543e-07
1057 1.149686e-04 4.901606e-07
1058 1.149296e-04 4.858059e-07
1059 1.148911e-04 4.814899e-07
1060 1.148530e-04 4.772122e-07
1061 1.148153e-04 4.729725e-07
1062 1.147781e-04 4.687705e-07
1063 1.147412e-04 4.646059e-07
1064 1.147048e-04 4.604782e-07
1065 1.146687e-04 4.563872e-07
1066 1.146331e-04 4.523326e-07
1067 1.145978e-04 4.483140e-07
1068 1.145629e-04 4.443310e-07
1069 1.145284e-04 4.403835e-07
1070 1.144943e-04 4.364710e-07
1071 1.144605e-04 4.325933e-07
1072 1.144272e-04 4.287501e-07
1073 1.143941e-04 4.249410e-07
1074 1.143615e-04 4.211657e-07
1075 1.143292e-04 4.174240e-07
1076 1.142972e-04 4.137155e-07
1077 1.142656e-04 4.100400e-07
1078 1.142344e-04 4.063971e-07
1079 1.142034e-04 4.027865e-07
1080 1.141728e-04 3.992081e-07
1081 1.141426e-04 3.956615e-07
1082 1.141126e-04 3.921463e-07
1083 1.140830e-04 3.886624e-07
1084 1.140537e-04 3.852094e-07
1085 1.140247e-04 3.817871e-07
1086 1.139961e-04 3.783953e-07
1087 1.139677e-04 3.750335e-07
1088 1.139396e-04 3.717016e-07
1089 1.139119e-04 3.683994e-07
1090 1.138844e-04 3.651264e-07
1091 1.138572e-04 3.618826e-07
1092 1.138303e-04 3.586675e-07
1093 1.138037e-04 3.554810e-07
1094 1.137774e-04 3.523229e-07
1095 1.137514e-04 3.491927e-07
1096 1.137256e-04 3.460904e-07
1097 1.137002e-04 3.430157e-07
1098 1.136749e-04 3.399683e-07
1099 1.136500e-04 3.369479e-07
1100 1.136253e-04 3.339544e-07
1101 1.136009e-04 3.309875e-07
1102 1.135767e-04 3.280469e-07
1103 1.135528e-04 3.251325e-07
1104 1.135291e-04 3.222439e-07
1105 1.135057e-04 3.193810e-07
1106 1.134826e-04 3.165436e-07
1107 1.134596e-04 3.137313e-07
1108 1.134370e-04 3.109441e-07
1109 1.134145e-04 3.081816e-07
1110 1.133923e-04 3.054436e-07
1111 1.133703e-04 3.027300e-07
1112 1.133486e-04 3.000405e-07
1113 1.133270e-04 2.973749e-07
1114 1.133057e-04 2.947329e-07
1115 1.132847e-04 2.921144e-07
1116 1.132638e-04 2.895192e-07
1117 1.132432e-04 2.869471e-07
1118 1.132227e-04 2.843978e-07
1119 1.132025e-04 2.818711e-07
1120 1.131825e-04 2.793669e-07
1121 1.131627e-04 2.768850e-07
1122 1.131431e-04 2.744251e-07
1123 1.131237e-04 2.719870e-07
1124 1.131046e-04 2.695706e-07
1125 1.130856e-04 2.671757e-07
1126 1.130668e-04 2.648020e-07
1127 1.130482e-04 2.624495e-07
1128 1.130297e-04 2.601178e-07
1129 1.130115e-04 2.578069e-07
1130 1.129935e-04 2.555165e-07
1131 1.129756e-04 2.532464e-07
1132 1.129580e-04 2.509965e-07
1133 1.129405e-04 2.487666e-07
1134 1.129232e-04 2.465565e-07
1135 1.129060e-04 2.443660e-07
1136 1.128891e-04 2.421950e-07
1137 1.128723e-04 2.400433e-07
1138 1.128557e-04 2.379107e-07
1139 1.128392e-04 2.357971e-07
1140 1.128229e-04 2.337022e-07
1141 1.128068e-04 2.316259e-07
1142 1.127909e-04 2.295681e-07
1143 1.127751e-04 2.275286e-07
1144 1.127594e-04 2.255072e-07
1145 1.127440e-04 2.235037e-07
1146 1.127287e-04 2.215181e-07
1147 1.127135e-04 2.195501e-07
1148 1.126985e-04 2.175995e-07
1149 1.126836e-04 2.156663e-07
1150 1.126689e-04 2.137503e-07
1151 1.126544e-04 2.118513e-07
1152 1.126400e-04 2.099692e-07
1153 1.126257e-04 2.081037e-07
1154 1.126116e-04 2.062549e-07
1155 1.125976e-04 2.044225e-07
1156 1.125837e-04 2.026064e-07
1157 1.125700e-04 2.008064e-07
1158 1.125565e-04 1.990223e-07
1159 1.125430e-04 1.972542e-07
1160 1.125297e-04 1.955017e-07
1161 1.125166e-04 1.937649e-07
1162 1.125035e-04 1.920434e-07
1163 1.124906e-04 1.903373e-07
1164 1.124779e-04 1.886463e-07
1165 1.124652e-04 1.869703e-07
1166 1.124527e-04 1.853092e-07
1167 1.124403e-04 1.836629e-07
1168 1.124280e-04 1.820312e-07
1169 1.124159e-04 1.804140e-07
1170 1.124038e-04 1.788111e-07
1171 1.123919e-04 1.772225e-07
1172 1.123801e-04 1.756480e-07
1173 1.123685e-04 1.740875e-07
1174 1.123569e-04 1.725409e-07
1175 1.123454e-04 1.710080e-07
1176 1.123341e-04 1.694888e-07
1177 1.123229e-04 1.679830e-07
1178 1.123118e-04 1.664906e-07
1179 1.123008e-04 1.650114e-07
1180 1.122899e-04 1.635454e-07
1181 1.122791e-04 1.620925e-07
1182 1.122684e-04 1.606524e-07
1183 1.122578e-04 1.592251e-07
1184 1.122473e-04 1.578105e-07
1185 1.122370e-04 1.564085e-07
1186 1.122267e-04 1.550190e-07
1187 1.122165e-04 1.536417e-07
1188 1.122065e-04 1.522767e-07
1189 1.121965e-04 1.509239e-07
1190 1.121866e-04 1.495830e-07
1191 1.121768e-04 1.482541e-07
1192 1.121671e-04 1.469370e-07
1193 1.121576e-04 1.456316e-07
1194 1.121481e-04 1.443377e-07
1195 1.121387e-04 1.430554e-07
1196 1.121293e-04 1.417845e-07
1197 1.121201e-04 1.405248e-07
1198 1.121110e-04 1.392764e-07
1199 1.121019e-04 1.380390e-07
1200 1.120930e-04 1.368127e-07
1201 1.120841e-04 1.355972e-07
1202 1.120753e-04 1.343925e-07
1203 1.120666e-04 1.331985e-07
1204 1.120580e-04 1.320152e-07
1205 1.120495e-04 1.308423e-07
1206 1.120410e-04 1.296799e-07
1207 1.120327e-04 1.285278e-07
1208 1.120244e-04 1.273859e-07
1209 1.120162e-04 1.262542e-07
1210 1.120081e-04 1.251325e-07
1211 1.120000e-04 1.240208e-07
1212 1.119920e-04 1.229190e-07
1213 1.119841e-04 1.218269e-07
1214 1.119763e-04 1.207446e-07
1215 1.119686e-04 1.196719e-07
1216 1.119609e-04 1.186087e-07
1217 1.119533e-04 1.175549e-07
1218 1.119458e-04 1.165106e-07
1219 1.119383e-04 1.154755e-07
1220 1.119310e-04 1.144495e-07
1221 1.119237e-04 1.134328e-07
1222 1.119164e-04 1.124250e-07
1223 1.119092e-04 1.114262e-07
1224 1.119021e-04 1.104363e-07
1225 1.118951e-04 1.094551e-07
1226 1.118881e-04 1.084827e-07
1227 1.118812e-04 1.075189e-07
1228 1.118744e-04 1.065637e-07
1229 1.118676e-04 1.056169e-07
1230 1.118609e-04 1.046786e-07
1231 1.118543e-04 1.037486e-07
1232 1.118477e-04 1.028269e-07
1233 1.118412e-04 1.019134e-07
1234 1.118347e-04 1.010080e-07
1235 1.118284e-04 1.001106e-07
1236 1.118220e-04 9.922117e-08
1237 1.118158e-04 9.833967e-08
1238 1.118095e-04 9.746600e-08
1239 1.118034e-04 9.660009e-08
1240 1.117973e-04 9.574187e-08
1241 1.117913e-04 9.489128e-08
1242 1.117853e-04 9.404824e-08
1243 1.117794e-04 9.321270e-08
1244 1.117735e-04 9.238458e-08
1245 1.117677e-04 9.156381e-08
1246 1.117619e-04 9.075034e-08
1247 1.117562e-04 8.994409e-08
1248 1.117506e-04 8.914501e-08
1249 1.117450e-04 8.835303e-08
1250 1.117394e-04 8.756808e-08
1251 1.117339e-04 8.679010e-08
1252 1.117285e-04 8.601904e-08
1253 1.117231e-04 8.525483e-08
1254 1.117178e-04 8.449741e-08
1255 1.117125e-04 8.374671e-08
1256 1.117073e-04 8.300269e-08
1257 1.117021e-04 8.226528e-08
1258 1.116969e-04 8.153441e-08
1259 1.116918e-04 8.081004e-08
1260 1.116868e-04 8.009211e-08
1261 1.116818e-04 7.938055e-08
1262 1.116768e-04 7.867532e-08
1263 1.116719e-04 7.797635e-08
1264 1.116671e-04 7.728359e-08
1265 1.116623e-04 7.659699e-08
1266 1.116575e-04 7.591648e-08
1267 1.116528e-04 7.524202e-08
1268 1.116481e-04 7.457356e-08
1269 1.116435e-04 7.391103e-08
1270 1.116389e-04 7.325439e-08
1271 1.116343e-04 7.260358e-08
1272 1.116298e-04 7.195855e-08
1273 1.116254e-04 7.131926e-08
1274 1.116210e-04 7.068564e-08
1275 1.116166e-04 7.005765e-08
1276 1.116122e-04 6.943525e-08
1277 1.116079e-04 6.881837e-08
1278 1.116037e-04 6.820697e-08
1279 1.115995e-04 6.760101e-08
1280 1.115953e-04 6.700042e-08
1281 1.115911e-04 6.640518e-08
1282 1.115870e-04 6.581522e-08
1283 1.115830e-04 6.523050e-08
1284 1.115789e-04 6.465098e-08
1285 1.115750e-04 6.407661e-08
1286 1.115710e-04 6.350734e-08
1287 1.115671e-04 6.294312e-08
1288 1.115632e-04 6.238392e-08
1289 1.115594e-04 6.182969e-08
1290 1.115556e-04 6.128038e-08
1291 1.115518e-04 6.073595e-08
1292 1.115480e-04 6.019636e-08
1293 1.115443e-04 5.966156e-08
1294 1.115407e-04 5.913152e-08
1295 1.115370e-04 5.860618e-08
1296 1.115334e-04 5.808551e-08
1297 1.115299e-04 5.756947e-08
1298 1.115263e-04 5.705801e-08
1299 1.115228e-04 5.655109e-08
1300 1.115194e-04 5.604868e-08
1301 1.115159e-04 5.555073e-08
1302 1.115125e-04 5.505720e-08
1303 1.115092e-04 5.456806e-08
1304 1.115058e-04 5.408327e-08
1305 1.115025e-04 5.360278e-08
1306 1.114992e-04 5.312656e-08
1307 1.114960e-04 5.265457e-08
1308 1.114927e-04 5.218678e-08
1309 1.114895e-04 5.172314e-08
1310 1.114864e-04 5.126362e-08
1311 1.114833e-04 5.080818e-08
1312 1.114802e-04 5.035679e-08
1313 1.114771e-04 4.990941e-08
1314 1.114740e-04 4.946601e-08
1315 1.114710e-04 4.902654e-08
1316 1.114680e-04 4.859098e-08
1317 1.114651e-04 4.815928e-08
1318 1.114621e-04 4.773143e-08
1319 1.114592e-04 4.730737e-08
1320 1.114563e-04 4.688708e-08
1321 1.114535e-04 4.647053e-08
1322 1.114506e-04 4.605767e-08
1323 1.114478e-04 4.564848e-08
1324 1.114451e-04 4.524293e-08
1325 1.114423e-04 4.484099e-08
1326 1.114396e-04 4.444261e-08
1327 1.114369e-04 4.404777e-08
1328 1.114342e-04 4.365644e-08
1329 1.114315e-04 4.326859e-08
1330 1.114289e-04 4.288418e-08
1331 1.114263e-04 4.250319e-08
1332 1.114237e-04 4.212558e-08
1333 1.114212e-04 4.175133e-08
1334 1.114186e-04 4.138040e-08
1335 1.114161e-04 4.101277e-08
1336 1.114136e-04 4.064840e-08
1337 1.114112e-04 4.028727e-08
1338 1.114087e-04 3.992935e-08
1339 1.114063e-04 3.957461e-08
1340 1.114039e-04 3.922302e-08
1341 1.114015e-04 3.887455e-08
1342 1.113992e-04 3.852918e-08
1343 1.113968e-04 3.818688e-08
1344 1.113945e-04 3.784762e-08
1345 1.113922e-04 3.751137e-08
1346 1.113900e-04 3.717811e-08
1347 1.113877e-04 3.684782e-08
1348 1.113855e-04 3.652045e-08
1349 1.113833e-04 3.619600e-08
1350 1.113811e-04 3.587442e-08
1351 1.113789e-04 3.555571e-08
1352 1.113768e-04 3.523982e-08
1353 1.113746e-04 3.492674e-08
1354 1.113725e-04 3.461645e-08
1355 1.113704e-04 3.430891e-08
1356 1.113684e-04 3.400410e-08
1357 1.113663e-04 3.370200e-08
1358 1.113643e-04 3.340258e-08
1359 1.113623e-04 3.310583e-08
1360 1.113603e-04 3.281171e-08
1361 1.113583e-04 3.252020e-08
1362 1.113563e-04 3.223128e-08
1363 1.113544e-04 3.194493e-08
1364 1.113525e-04 3.166113e-08
1365 1.113506e-04 3.137984e-08
1366 1.113487e-04 3.110106e-08
1367 1.113468e-04 3.082475e-08
1368 1.113449e-04 3.055090e-08
1369 1.113431e-04 3.027948e-08
1370 1.113413e-04 3.001047e-08
1371 1.113395e-04 2.974385e-08
1372 1.113377e-04 2.947960e-08
1373 1.113359e-04 2.921769e-08
1374 1.113341e-04 2.895812e-08
1375 1.113324e-04 2.870085e-08
1376 1.113307e-04 2.844586e-08
1377 1.113290e-04 2.819314e-08
1378 1.113273e-04 2.794267e-08
1379 1.113256e-04 2.769442e-08
1380 1.113239e-04 2.744838e-08
1381 1.113223e-04 2.720452e-08
1382 1.113206e-04 2.696283e-08
1383 1.113190e-04 2.672328e-08
1384 1.113174e-04 2.648587e-08
1385 1.113158e-04 2.625056e-08
1386 1.113143e-04 2.601735e-08
1387 1.113127e-04 2.578620e-08
1388 1.113112e-04 2.555711e-08
1389 1.113096e-04 2.533006e-08
1390 1.113081e-04 2.510502e-08
1391 1.113066e-04 2.488198e-08
1392 1.113051e-04 2.466092e-08
1393 1.113036e-04 2.444183e-08
1394 1.113022e-04 2.422468e-08
1395 1.113007e-04 2.400947e-08
1396 1.112993e-04 2.379616e-08
1397 1.112978e-04 2.358475e-08
1398 1.112964e-04 2.337522e-08
1399 1.112950e-04 2.316755e-08
1400 1.112936e-04 2.296172e-08
1401 1.112923e-04 2.275773e-08
1402 1.112909e-04 2.255554e-08
1403 1.112896e-04 2.235515e-08
1404 1.112882e-04 2.215654e-08
1405 1.112869e-04 2.195970e-08
1406 1.112856e-04 2.176461e-08
1407 1.112843e-04 2.157124e-08
1408 1.112830e-04 2.137960e-08
1409 1.112817e-04 2.118966e-08
1410 1.112804e-04 2.100141e-08
1411 1.112792e-04 2.081483e-08
1412 1.112779e-04 2.062990e-08
1413 1.112767e-04 2.044662e-08
1414 1.112755e-04 2.026497e-08
1415 1.112743e-04 2.008493e-08
1416 1.112731e-04 1.990649e-08
1417 1.112719e-04 1.972964e-08
1418 1.112707e-04 1.955436e-08
1419 1.112695e-04 1.938063e-08
1420 1.112684e-04 1.920845e-08
1421 1.112672e-04 1.903780e-08
1422 1.112661e-04 1.886866e-08
1423 1.112650e-04 1.870103e-08
1424 1.112639e-04 1.853488e-08
1425 1.112627e-04 1.837022e-08
1426 1.112616e-04 1.820701e-08
1427 1.112606e-04 1.804526e-08
1428 1.112595e-04 1.788494e-08
1429 1.112584e-04 1.772604e-08
1430 1.112574e-04 1.756856e-08
1431 1.112563e-04 1.741248e-08
1432 1.112553e-04 1.725778e-08
1433 1.112542e-04 1.710446e-08
1434 1.112532e-04 1.695250e-08
1435 1.112522e-04 1.680189e-08
1436 1.112512e-04 1.665262e-08
1437 1.112502e-04 1.650467e-08
1438 1.112492e-04 1.635804e-08
1439 1.112483e-04 1.621271e-08
1440 1.112473e-04 1.606868e-08
1441 1.112463e-04 1.592592e-08
1442 1.112454e-04 1.578443e-08
1443 1.112445e-04 1.564420e-08
1444 1.112435e-04 1.550521e-08
1445 1.112426e-04 1.536746e-08
1446 1.112417e-04 1.523093e-08
1447 1.112408e-04 1.509562e-08
1448 1.112399e-04 1.496150e-08
1449 1.112390e-04 1.482858e-08
1450 1.112381e-04 1.469684e-08
1451 1.112372e-04 1.456627e-08
1452 1.112364e-04 1.443686e-08
1453 1.112355e-04 1.430860e-08
1454 1.112347e-04 1.418148e-08
1455 1.112338e-04 1.405549e-08
1456 1.112330e-04 1.393062e-08
1457 1.112321e-04 1.380685e-08
1458 1.112313e-04 1.368419e-08
1459 1.112305e-04 1.356262e-08
1460 1.112297e-04 1.344213e-08
1461 1.112289e-04 1.332270e-08
1462 1.112281e-04 1.320434e-08
1463 1.112273e-04 1.308703e-08
1464 1.112265e-04 1.297076e-08
1465 1.112258e-04 1.285553e-08
1466 1.112250e-04 1.274132e-08
1467 1.112243e-04 1.262812e-08
1468 1.112235e-04 1.251593e-08
1469 1.112228e-04 1.240473e-08
1470 1.112220e-04 1.229453e-08
1471 1.112213e-04 1.218530e-08
1472 1.112206e-04 1.207704e-08
1473 1.112199e-04 1.196975e-08
1474 1.112191e-04 1.186341e-08
1475 1.112184e-04 1.175801e-08
1476 1.112177e-04 1.165355e-08
1477 1.112170e-04 1.155002e-08
1478 1.112164e-04 1.144740e-08
1479 1.112157e-04 1.134570e-08
1480 1.112150e-04 1.124490e-08
1481 1.112143e-04 1.114500e-08
1482 1.112137e-04 1.104599e-08
1483 1.112130e-04 1.094785e-08
1484 1.112124e-04 1.085059e-08
1485 1.112117e-04 1.075419e-08
1486 1.112111e-04 1.065865e-08
1487 1.112105e-04 1.056395e-08
1488 1.112098e-04 1.047010e-08
1489 1.112092e-04 1.037708e-08
1490 1.112086e-04 1.028489e-08
1491 1.112080e-04 1.019352e-08
1492 1.112074e-04 1.010296e-08
1493 1.112068e-04 1.001320e-08
1494 1.112062e-04 9.924239e-09
