# step err_l2 res_l2
0 2.462974e-01 1.000000e+00
1 2.211053e-01 1.706911e-01
2 2.117351e-01 9.817234e-02
3 2.046769e-01 7.090540e-02
4 1.988374e-01 5.635031e-02
5 1.937828e-01 4.716868e-02
6 1.892882e-01 4.078650e-02
7 1.852190e-01 3.606026e-02
8 1.814872e-01 3.240086e-02
9 1.780315e-01 2.947230e-02
10 1.748071e-01 2.706811e-02
11 1.717800e-01 2.505399e-02
12 1.689240e-01 2.333862e-02
13 1.662179e-01 2.185756e-02
14 1.636447e-01 2.056396e-02
15 1.611904e-01 1.942291e-02
16 1.588430e-01 1.840781e-02
17 1.565928e-01 1.749803e-02
18 1.544311e-01 1.667728e-02
19 1.523505e-01 1.593254e-02
20 1.503446e-01 1.525326e-02
21 1.484077e-01 1.463079e-02
22 1.465350e-01 1.405798e-02
23 1.447219e-01 1.352885e-02
24 1.429645e-01 1.303837e-02
25 1.412593e-01 1.258225e-02
26 1.396030e-01 1.215686e-02
27 1.379928e-01 1.175904e-02
28 1.364261e-01 1.138609e-02
29 1.349004e-01 1.103564e-02
30 1.334135e-01 1.070563e-02
31 1.319634e-01 1.039424e-02
32 1.305483e-01 1.009987e-02
33 1.291664e-01 9.821105e-03
34 1.278161e-01 9.556688e-03
35 1.264961e-01 9.305494e-03
36 1.252048e-01 9.066519e-03
37 1.239411e-01 8.838861e-03
38 1.227037e-01 8.621707e-03
39 1.214916e-01 8.414324e-03
40 1.203036e-01 8.216048e-03
41 1.191388e-01 8.026278e-03
42 1.179963e-01 7.844466e-03
43 1.168752e-01 7.670112e-03
44 1.157747e-01 7.502762e-03
45 1.146940e-01 7.341997e-03
46 1.136325e-01 7.187435e-03
47 1.125893e-01 7.038723e-03
48 1.115638e-01 6.895538e-03
49 1.105555e-01 6.757582e-03
50 1.095638e-01 6.624577e-03
51 1.085880e-01 6.496269e-03
52 1.076276e-01 6.372419e-03
53 1.066823e-01 6.252808e-03
54 1.057513e-01 6.137231e-03
55 1.048344e-01 6.025496e-03
56 1.039311e-01 5.917425e-03
57 1.030409e-01 5.812850e-03
58 1.021635e-01 5.711616e-03
59 1.012984e-01 5.613575e-03
60 1.004454e-01 5.518590e-03
61 9.960397e-02 5.426531e-03
62 9.877392e-02 5.337275e-03
63 9.795488e-02 5.250707e-03
64 9.714655e-02 5.166717e-03
65 9.634863e-02 5.085202e-03
66 9.556085e-02 5.006065e-03
67 9.478293e-02 4.929211e-03
68 9.401462e-02 4.854554e-03
69 9.325568e-02 4.782008e-03
70 9.250586e-02 4.711494e-03
71 9.176493e-02 4.642936e-03
72 9.103268e-02 4.576260e-03
73 9.030890e-02 4.511398e-03
74 8.959339e-02 4.448282e-03
75 8.888594e-02 4.386850e-03
76 8.818638e-02 4.327040e-03
77 8.749452e-02 4.268795e-03
78 8.681019e-02 4.212057e-03
79 8.613323e-02 4.156774e-03
80 8.546347e-02 4.102895e-03
81 8.480076e-02 4.050369e-03
82 8.414494e-02 3.999150e-03
83 8.349589e-02 3.949191e-03
84 8.285345e-02 3.900450e-03
85 8.221750e-02 3.852883e-03
86 8.158790e-02 3.806451e-03
87 8.096453e-02 3.761114e-03
88 8.034728e-02 3.716834e-03
89 7.973603e-02 3.673576e-03
90 7.913066e-02 3.631305e-03
91 7.853106e-02 3.589987e-03
92 7.793714e-02 3.549589e-03
93 7.734880e-02 3.510082e-03
94 7.676592e-02 3.471434e-03
95 7.618843e-02 3.433617e-03
96 7.561623e-02 3.396604e-03
97 7.504923e-02 3.360366e-03
98 7.448735e-02 3.324880e-03
99 7.393050e-02 3.290119e-03
100 7.337861e-02 3.256059e-03
101 7.283159e-02 3.222678e-03
102 7.228937e-02 3.189954e-03
103 7.175189e-02 3.157865e-03
104 7.121906e-02 3.126390e-03
105 7.069082e-02 3.095509e-03
106 7.016711e-02 3.065204e-03
107 6.964785e-02 3.035455e-03
108 6.913299e-02 3.006246e-03
109 6.862247e-02 2.977558e-03
110 6.811622e-02 2.949377e-03
111 6.761419e-02 2.921684e-03
112 6.711633e-02 2.894466e-03
113 6.662257e-02 2.867708e-03
114 6.613287e-02 2.841395e-03
115 6.564718e-02 2.815514e-03
116 6.516544e-02 2.790052e-03
117 6.468760e-02 2.764996e-03
118 6.421362e-02 2.740334e-03
119 6.374346e-02 2.716053e-03
120 6.327706e-02 2.692144e-03
121 6.281438e-02 2.668595e-03
122 6.235538e-02 2.645395e-03
123 6.190002e-02 2.622534e-03
124 6.144826e-02 2.600004e-03
125 6.100005e-02 2.577794e-03
126 6.055536e-02 2.555895e-03
127 6.011415e-02 2.534299e-03
128 5.967637e-02 2.512998e-03
129 5.924201e-02 2.491983e-03
130 5.881101e-02 2.471246e-03
131 5.838334e-02 2.450781e-03
132 5.795898e-02 2.430581e-03
133 5.753788e-02 2.410637e-03
134 5.712001e-02 2.390945e-03
135 5.670534e-02 2.371496e-03
136 5.629385e-02 2.352286e-03
137 5.588549e-02 2.333307e-03
138 5.548023e-02 2.314556e-03
139 5.507806e-02 2.296025e-03
140 5.467893e-02 2.277710e-03
141 5.428282e-02 2.259606e-03
142 5.388970e-02 2.241707e-03
143 5.349955e-02 2.224009e-03
144 5.311233e-02 2.206508e-03
145 5.272802e-02 2.189199e-03
146 5.234659e-02 2.172077e-03
147 5.196801e-02 2.155139e-03
148 5.159227e-02 2.138381e-03
149 5.121934e-02 2.121799e-03
150 5.084918e-02 2.105389e-03
151 5.048178e-02 2.089148e-03
152 5.011712e-02 2.073072e-03
153 4.975516e-02 2.057158e-03
154 4.939589e-02 2.041402e-03
155 4.903928e-02 2.025803e-03
156 4.868531e-02 2.010356e-03
157 4.833395e-02 1.995059e-03
158 4.798520e-02 1.979910e-03
159 4.763901e-02 1.964904e-03
160 4.729538e-02 1.950041e-03
161 4.695428e-02 1.935317e-03
162 4.661569e-02 1.920729e-03
163 4.627959e-02 1.906277e-03
164 4.594596e-02 1.891956e-03
165 4.561477e-02 1.877766e-03
166 4.528602e-02 1.863704e-03
167 4.495968e-02 1.849768e-03
168 4.463572e-02 1.835955e-03
169 4.431414e-02 1.822265e-03
170 4.399491e-02 1.808695e-03
171 4.367802e-02 1.795243e-03
172 4.336344e-02 1.781907e-03
173 4.305115e-02 1.768687e-03
174 4.274115e-02 1.755579e-03
175 4.243340e-02 1.742584e-03
176 4.212790e-02 1.729698e-03
177 4.182463e-02 1.716920e-03
178 4.152356e-02 1.704250e-03
179 4.122468e-02 1.691685e-03
180 4.092798e-02 1.679225e-03
181 4.063344e-02 1.666867e-03
182 4.034104e-02 1.654611e-03
183 4.005076e-02 1.642455e-03
184 3.976259e-02 1.630398e-03
185 3.947651e-02 1.618438e-03
186 3.919251e-02 1.606575e-03
187 3.891057e-02 1.594808e-03
188 3.863067e-02 1.583135e-03
189 3.835281e-02 1.571555e-03
190 3.807695e-02 1.560067e-03
191 3.780310e-02 1.548670e-03
192 3.753123e-02 1.537363e-03
193 3.726133e-02 1.526144e-03
194 3.699338e-02 1.515014e-03
195 3.672737e-02 1.503971e-03
196 3.646329e-02 1.493015e-03
197 3.620112e-02 1.482143e-03
198 3.594084e-02 1.471356e-03
199 3.568245e-02 1.460652e-03
200 3.542592e-02 1.450030e-03
201 3.517125e-02 1.439491e-03
202 3.491842e-02 1.429032e-03
203 3.466741e-02 1.418653e-03
204 3.441822e-02 1.408354e-03
205 3.417083e-02 1.398133e-03
206 3.392522e-02 1.387990e-03
207 3.368139e-02 1.377924e-03
208 3.343932e-02 1.367934e-03
209 3.319900e-02 1.358020e-03
210 3.296041e-02 1.348180e-03
211 3.272354e-02 1.338415e-03
212 3.248838e-02 1.328723e-03
213 3.225492e-02 1.319104e-03
214 3.202314e-02 1.309557e-03
215 3.179303e-02 1.300082e-03
216 3.156458e-02 1.290677e-03
217 3.133778e-02 1.281343e-03
218 3.111261e-02 1.272078e-03
219 3.088907e-02 1.262882e-03
220 3.066714e-02 1.253754e-03
221 3.044681e-02 1.244695e-03
222 3.022807e-02 1.235702e-03
223 3.001090e-02 1.226777e-03
224 2.979530e-02 1.217917e-03
225 2.958125e-02 1.209122e-03
226 2.936874e-02 1.200393e-03
227 2.915776e-02 1.191728e-03
228 2.894831e-02 1.183127e-03
229 2.874036e-02 1.174589e-03
230 2.853391e-02 1.166115e-03
231 2.832894e-02 1.157702e-03
232 2.812546e-02 1.149351e-03
233 2.792343e-02 1.141062e-03
234 2.772287e-02 1.132833e-03
235 2.752374e-02 1.124665e-03
236 2.732605e-02 1.116556e-03
237 2.712979e-02 1.108507e-03
238 2.693493e-02 1.100516e-03
239 2.674148e-02 1.092584e-03
240 2.654942e-02 1.084710e-03
241 2.635875e-02 1.076894e-03
242 2.616944e-02 1.069134e-03
243 2.598150e-02 1.061431e-03
244 2.579491e-02 1.053785e-03
245 2.560966e-02 1.046194e-03
246 2.542575e-02 1.038658e-03
247 2.524316e-02 1.031177e-03
248 2.506189e-02 1.023750e-03
249 2.488191e-02 1.016378e-03
250 2.470324e-02 1.009059e-03
251 2.452585e-02 1.001793e-03
252 2.434973e-02 9.945797e-04
253 2.417489e-02 9.874190e-04
254 2.400130e-02 9.803103e-04
255 2.382896e-02 9.732531e-04
256 2.365785e-02 9.662471e-04
257 2.348798e-02 9.592919e-04
258 2.331934e-02 9.523871e-04
259 2.315190e-02 9.455323e-04
260 2.298567e-02 9.387272e-04
261 2.282064e-02 9.319714e-04
262 2.265679e-02 9.252644e-04
263 2.249412e-02 9.186060e-04
264 2.233262e-02 9.119958e-04
265 2.217228e-02 9.054334e-04
266 2.201310e-02 8.989184e-04
267 2.185506e-02 8.924506e-04
268 2.169816e-02 8.860295e-04
269 2.154238e-02 8.796548e-04
270 2.138773e-02 8.733261e-04
271 2.123419e-02 8.670432e-04
272 2.108175e-02 8.608057e-04
273 2.093041e-02 8.546132e-04
274 2.078016e-02 8.484654e-04
275 2.063098e-02 8.423620e-04
276 2.048289e-02 8.363027e-04
277 2.033585e-02 8.302871e-04
278 2.018987e-02 8.243148e-04
279 2.004495e-02 8.183857e-04
280 1.990106e-02 8.124994e-04
281 1.975821e-02 8.066555e-04
282 1.961639e-02 8.008538e-04
283 1.947559e-02 7.950939e-04
284 1.933580e-02 7.893755e-04
285 1.919701e-02 7.836984e-04
286 1.905922e-02 7.780622e-04
287 1.892243e-02 7.724666e-04
288 1.878661e-02 7.669113e-04
289 1.865178e-02 7.613961e-04
290 1.851791e-02 7.559206e-04
291 1.838501e-02 7.504846e-04
292 1.825306e-02 7.450877e-04
293 1.812206e-02 7.397297e-04
294 1.799200e-02 7.344103e-04
295 1.786288e-02 7.291292e-04
296 1.773468e-02 7.238862e-04
297 1.760741e-02 7.186809e-04
298 1.748105e-02 7.135131e-04
299 1.735560e-02 7.083825e-04
300 1.723106e-02 7.032889e-04
301 1.710740e-02 6.982319e-04
302 1.698464e-02 6.932114e-04
303 1.686276e-02 6.882270e-04
304 1.674176e-02 6.832784e-04
305 1.662162e-02 6.783655e-04
306 1.650236e-02 6.734880e-04
307 1.638394e-02 6.686455e-04
308 1.626638e-02 6.638380e-04
309 1.614967e-02 6.590650e-04
310 1.603379e-02 6.543263e-04
311 1.591875e-02 6.496218e-04
312 1.580453e-02 6.449511e-04
313 1.569114e-02 6.403141e-04
314 1.557856e-02 6.357104e-04
315 1.546679e-02 6.311398e-04
316 1.535582e-02 6.266021e-04
317 1.524565e-02 6.220970e-04
318 1.513627e-02 6.176244e-04
319 1.502768e-02 6.131840e-04
320 1.491987e-02 6.087754e-04
321 1.481284e-02 6.043986e-04
322 1.470658e-02 6.000533e-04
323 1.460107e-02 5.957393e-04
324 1.449633e-02 5.914563e-04
325 1.439234e-02 5.872041e-04
326 1.428910e-02 5.829824e-04
327 1.418660e-02 5.787912e-04
328 1.408484e-02 5.746301e-04
329 1.398381e-02 5.704989e-04
330 1.388350e-02 5.663974e-04
331 1.378392e-02 5.623255e-04
332 1.368505e-02 5.582828e-04
333 1.358690e-02 5.542692e-04
334 1.348945e-02 5.502844e-04
335 1.339270e-02 5.463283e-04
336 1.329664e-02 5.424007e-04
337 1.320128e-02 5.385013e-04
338 1.310660e-02 5.346300e-04
339 1.301260e-02 5.307865e-04
340 1.291928e-02 5.269706e-04
341 1.282663e-02 5.231822e-04
342 1.273464e-02 5.194210e-04
343 1.264332e-02 5.156869e-04
344 1.255265e-02 5.119796e-04
345 1.246264e-02 5.082989e-04
346 1.237327e-02 5.046448e-04
347 1.228454e-02 5.010169e-04
348 1.219646e-02 4.974151e-04
349 1.210900e-02 4.938392e-04
350 1.202218e-02 4.902890e-04
351 1.193598e-02 4.867644e-04
352 1.185039e-02 4.832650e-04
353 1.176543e-02 4.797909e-04
354 1.168107e-02 4.763417e-04
355 1.159732e-02 4.729173e-04
356 1.151418e-02 4.695176e-04
357 1.143163e-02 4.661423e-04
358 1.134967e-02 4.627912e-04
359 1.126831e-02 4.594643e-04
360 1.118753e-02 4.561613e-04
361 1.110733e-02 4.528820e-04
362 1.102770e-02 4.496263e-04
363 1.094865e-02 4.463940e-04
364 1.087017e-02 4.431849e-04
365 1.079225e-02 4.399990e-04
366 1.071489e-02 4.368359e-04
367 1.063809e-02 4.336955e-04
368 1.056184e-02 4.305778e-04
369 1.048614e-02 4.274824e-04
370 1.041098e-02 4.244094e-04
371 1.033636e-02 4.213584e-04
372 1.026228e-02 4.183293e-04
373 1.018873e-02 4.153220e-04
374 1.011571e-02 4.123364e-04
375 1.004322e-02 4.093722e-04
376 9.971243e-03 4.064293e-04
377 9.899788e-03 4.035076e-04
378 9.828845e-03 4.006068e-04
379 9.758413e-03 3.977270e-04
380 9.688488e-03 3.948678e-04
381 9.619065e-03 3.920292e-04
382 9.550141e-03 3.892110e-04
383 9.481713e-03 3.864130e-04
384 9.413776e-03 3.836352e-04
385 9.346329e-03 3.808774e-04
386 9.279366e-03 3.781393e-04
387 9.212884e-03 3.754210e-04
388 9.146881e-03 3.727222e-04
389 9.081352e-03 3.700428e-04
390 9.016294e-03 3.673826e-04
391 8.951704e-03 3.647416e-04
392 8.887579e-03 3.621196e-04
393 8.823914e-03 3.595164e-04
394 8.760707e-03 3.569319e-04
395 8.697955e-03 3.543661e-04
396 8.635654e-03 3.518186e-04
397 8.573800e-03 3.492895e-04
398 8.512392e-03 3.467785e-04
399 8.451425e-03 3.442856e-04
400 8.390896e-03 3.418107e-04
401 8.330803e-03 3.393535e-04
402 8.271141e-03 3.369140e-04
403 8.211909e-03 3.344920e-04
404 8.153102e-03 3.320874e-04
405 8.094718e-03 3.297002e-04
406 8.036755e-03 3.273300e-04
407 7.979207e-03 3.249770e-04
408 7.922074e-03 3.226408e-04
409 7.865351e-03 3.203214e-04
410 7.809036e-03 3.180187e-04
411 7.753127e-03 3.157326e-04
412 7.697619e-03 3.134629e-04
413 7.642510e-03 3.112095e-04
414 7.587797e-03 3.089723e-04
415 7.533478e-03 3.067512e-04
416 7.479550e-03 3.045460e-04
417 7.426009e-03 3.023568e-04
418 7.372853e-03 3.001832e-04
419 7.320079e-03 2.980253e-04
420 7.267685e-03 2.958829e-04
421 7.215668e-03 2.937559e-04
422 7.164024e-03 2.916441e-04
423 7.112752e-03 2.895476e-04
424 7.061849e-03 2.874661e-04
425 7.011311e-03 2.853996e-04
426 6.961137e-03 2.833480e-04
427 6.911324e-03 2.813111e-04
428 6.861869e-03 2.792888e-04
429 6.812770e-03 2.772811e-04
430 6.764023e-03 2.752878e-04
431 6.715627e-03 2.733088e-04
432 6.667579e-03 2.713441e-04
433 6.619877e-03 2.693935e-04
434 6.572518e-03 2.674569e-04
435 6.525499e-03 2.655343e-04
436 6.478818e-03 2.636254e-04
437 6.432473e-03 2.617303e-04
438 6.386461e-03 2.598488e-04
439 6.340780e-03 2.579808e-04
440 6.295427e-03 2.561263e-04
441 6.250401e-03 2.542851e-04
442 6.205698e-03 2.524571e-04
443 6.161317e-03 2.506423e-04
444 6.117255e-03 2.488405e-04
445 6.073510e-03 2.470516e-04
446 6.030079e-03 2.452757e-04
447 5.986961e-03 2.435124e-04
448 5.944153e-03 2.417619e-04
449 5.901653e-03 2.400240e-04
450 5.859458e-03 2.382985e-04
451 5.817566e-03 2.365855e-04
452 5.775976e-03 2.348847e-04
453 5.734685e-03 2.331962e-04
454 5.693691e-03 2.315198e-04
455 5.652992e-03 2.298555e-04
456 5.612585e-03 2.282032e-04
457 5.572469e-03 2.265627e-04
458 5.532642e-03 2.249340e-04
459 5.493101e-03 2.233170e-04
460 5.453844e-03 2.217117e-04
461 5.414869e-03 2.201178e-04
462 5.376175e-03 2.185355e-04
463 5.337759e-03 2.169645e-04
464 5.299620e-03 2.154048e-04
465 5.261754e-03 2.138563e-04
466 5.224161e-03 2.123190e-04
467 5.186839e-03 2.107927e-04
468 5.149784e-03 2.092774e-04
469 5.112997e-03 2.077730e-04
470 5.076473e-03 2.062793e-04
471 5.040213e-03 2.047965e-04
472 5.004213e-03 2.033242e-04
473 4.968472e-03 2.018626e-04
474 4.932988e-03 2.004115e-04
475 4.897760e-03 1.989708e-04
476 4.862785e-03 1.975405e-04
477 4.828061e-03 1.961204e-04
478 4.793587e-03 1.947106e-04
479 4.759361e-03 1.933108e-04
480 4.725381e-03 1.919212e-04
481 4.691646e-03 1.905415e-04
482 4.658153e-03 1.891718e-04
483 4.624901e-03 1.878119e-04
484 4.591888e-03 1.864618e-04
485 4.559113e-03 1.851214e-04
486 4.526574e-03 1.837906e-04
487 4.494268e-03 1.824694e-04
488 4.462195e-03 1.811577e-04
489 4.430353e-03 1.798554e-04
490 4.398739e-03 1.785625e-04
491 4.367353e-03 1.772788e-04
492 4.336193e-03 1.760044e-04
493 4.305257e-03 1.747392e-04
494 4.274543e-03 1.734830e-04
495 4.244051e-03 1.722359e-04
496 4.213777e-03 1.709978e-04
497 4.183722e-03 1.697685e-04
498 4.153882e-03 1.685481e-04
499 4.124258e-03 1.673365e-04
500 4.094846e-03 1.661336e-04
501 4.065646e-03 1.649393e-04
502 4.036656e-03 1.637536e-04
503 4.007875e-03 1.625764e-04
504 3.979300e-03 1.614077e-04
505 3.950931e-03 1.602474e-04
506 3.922767e-03 1.590954e-04
507 3.894805e-03 1.579517e-04
508 3.867044e-03 1.568163e-04
509 3.839482e-03 1.556890e-04
510 3.812119e-03 1.545698e-04
511 3.784953e-03 1.534586e-04
512 3.757983e-03 1.523555e-04
513 3.731206e-03 1.512602e-04
514 3.704622e-03 1.501729e-04
515 3.678229e-03 1.490933e-04
516 3.652027e-03 1.480215e-04
517 3.626012e-03 1.469575e-04
518 3.600185e-03 1.459010e-04
519 3.574544e-03 1.448522e-04
520 3.549087e-03 1.438109e-04
521 3.523813e-03 1.427771e-04
522 3.498722e-03 1.417507e-04
523 3.473810e-03 1.407317e-04
524 3.449078e-03 1.397200e-04
525 3.424524e-03 1.387156e-04
526 3.400147e-03 1.377185e-04
527 3.375945e-03 1.367284e-04
528 3.351917e-03 1.357455e-04
529 3.328062e-03 1.347697e-04
530 3.304379e-03 1.338009e-04
531 3.280866e-03 1.328390e-04
532 3.257523e-03 1.318841e-04
533 3.234347e-03 1.309360e-04
534 3.211338e-03 1.299948e-04
535 3.188495e-03 1.290603e-04
536 3.165816e-03 1.281325e-04
537 3.143300e-03 1.272114e-04
538 3.120947e-03 1.262969e-04
539 3.098754e-03 1.253890e-04
540 3.076721e-03 1.244876e-04
541 3.054847e-03 1.235927e-04
542 3.033130e-03 1.227043e-04
543 3.011569e-03 1.218222e-04
544 2.990164e-03 1.209465e-04
545 2.968912e-03 1.200770e-04
546 2.947814e-03 1.192138e-04
547 2.926867e-03 1.183568e-04
548 2.906071e-03 1.175060e-04
549 2.885425e-03 1.166613e-04
550 2.864928e-03 1.158226e-04
551 2.844578e-03 1.149900e-04
552 2.824374e-03 1.141634e-04
553 2.804316e-03 1.133427e-04
554 2.784403e-03 1.125279e-04
555 2.764633e-03 1.117190e-04
556 2.745005e-03 1.109159e-04
557 2.725518e-03 1.101186e-04
558 2.706172e-03 1.093270e-04
559 2.686965e-03 1.085410e-04
560 2.667896e-03 1.077608e-04
561 2.648965e-03 1.069861e-04
562 2.630170e-03 1.062170e-04
563 2.611510e-03 1.054535e-04
564 2.592984e-03 1.046954e-04
565 2.574592e-03 1.039428e-04
566 2.556333e-03 1.031956e-04
567 2.538205e-03 1.024537e-04
568 2.520207e-03 1.017172e-04
569 2.502339e-03 1.009860e-04
570 2.484600e-03 1.002600e-04
571 2.466988e-03 9.953931e-05
572 2.449504e-03 9.882375e-05
573 2.432145e-03 9.811334e-05
574 2.414911e-03 9.740804e-05
575 2.397802e-03 9.670780e-05
576 2.380815e-03 9.601260e-05
577 2.363951e-03 9.532240e-05
578 2.347209e-03 9.463716e-05
579 2.330587e-03 9.395684e-05
580 2.314085e-03 9.328141e-05
581 2.297701e-03 9.261084e-05
582 2.281436e-03 9.194510e-05
583 2.265288e-03 9.128413e-05
584 2.249256e-03 9.062792e-05
585 2.233340e-03 8.997643e-05
586 2.217538e-03 8.932961e-05
587 2.201851e-03 8.868745e-05
588 2.186276e-03 8.804991e-05
589 2.170813e-03 8.741694e-05
590 2.155462e-03 8.678853e-05
591 2.140222e-03 8.616464e-05
592 2.125091e-03 8.554523e-05
593 2.110070e-03 8.493027e-05
594 2.095156e-03 8.431973e-05
595 2.080351e-03 8.371359e-05
596 2.065651e-03 8.311180e-05
597 2.051058e-03 8.251433e-05
598 2.036570e-03 8.192117e-05
599 2.022187e-03 8.133226e-05
600 2.007907e-03 8.074759e-05
601 1.993730e-03 8.016712e-05
602 1.979655e-03 7.959083e-05
603 1.965682e-03 7.901867e-05
604 1.951809e-03 7.845063e-05
605 1.938037e-03 7.788668e-05
606 1.924364e-03 7.732677e-05
607 1.910789e-03 7.677090e-05
608 1.897312e-03 7.621902e-05
609 1.883933e-03 7.567110e-05
610 1.870650e-03 7.512713e-05
611 1.857462e-03 7.458706e-05
612 1.844370e-03 7.405088e-05
613 1.831373e-03 7.351855e-05
614 1.818469e-03 7.299005e-05
615 1.805658e-03 7.246535e-05
616 1.792939e-03 7.194442e-05
617 1.780312e-03 7.142724e-05
618 1.767777e-03 7.091377e-05
619 1.755332e-03 7.040399e-05
620 1.742976e-03 6.989788e-05
621 1.730710e-03 6.939541e-05
622 1.718532e-03 6.889655e-05
623 1.706442e-03 6.840127e-05
624 1.694440e-03 6.790956e-05
625 1.682524e-03 6.742138e-05
626 1.670693e-03 6.693671e-05
627 1.658949e-03 6.645552e-05
628 1.647289e-03 6.597779e-05
629 1.635713e-03 6.550350e-05
630 1.624221e-03 6.503262e-05
631 1.612812e-03 6.456512e-05
632 1.601485e-03 6.410098e-05
633 1.590240e-03 6.364018e-05
634 1.579076e-03 6.318269e-05
635 1.567993e-03 6.272849e-05
636 1.556990e-03 6.227756e-05
637 1.546066e-03 6.182986e-05
638 1.535221e-03 6.138539e-05
639 1.524455e-03 6.094411e-05
640 1.513766e-03 6.050600e-05
641 1.503154e-03 6.007104e-05
642 1.492620e-03 5.963921e-05
643 1.482161e-03 5.921048e-05
644 1.471778e-03 5.878484e-05
645 1.461469e-03 5.836225e-05
646 1.451236e-03 5.794271e-05
647 1.441076e-03 5.752618e-05
648 1.430990e-03 5.711264e-05
649 1.420976e-03 5.670207e-05
650 1.411035e-03 5.629446e-05
651 1.401166e-03 5.588978e-05
652 1.391369e-03 5.548801e-05
653 1.381642e-03 5.508912e-05
654 1.371985e-03 5.469310e-05
655 1.362398e-03 5.429993e-05
656 1.352881e-03 5.390959e-05
657 1.343432e-03 5.352205e-05
658 1.334052e-03 5.313730e-05
659 1.324739e-03 5.275531e-05
660 1.315494e-03 5.237607e-05
661 1.306316e-03 5.199955e-05
662 1.297204e-03 5.162575e-05
663 1.288159e-03 5.125462e-05
664 1.279178e-03 5.088617e-05
665 1.270263e-03 5.052037e-05
666 1.261412e-03 5.015719e-05
667 1.252625e-03 4.979663e-05
668 1.243902e-03 4.943866e-05
669 1.235242e-03 4.908326e-05
670 1.226645e-03 4.873041e-05
671 1.218110e-03 4.838011e-05
672 1.209637e-03 4.803232e-05
673 1.201225e-03 4.768703e-05
674 1.192874e-03 4.734422e-05
675 1.184583e-03 4.700388e-05
676 1.176353e-03 4.666599e-05
677 1.168182e-03 4.633052e-05
678 1.160071e-03 4.599746e-05
679 1.152018e-03 4.566680e-05
680 1.144024e-03 4.533852e-05
681 1.136088e-03 4.501260e-05
682 1.128209e-03 4.468901e-05
683 1.120387e-03 4.436776e-05
684 1.112622e-03 4.404881e-05
685 1.104914e-03 4.373216e-05
686 1.097261e-03 4.341778e-05
687 1.089664e-03 4.310567e-05
688 1.082122e-03 4.279580e-05
689 1.074634e-03 4.248815e-05
690 1.067201e-03 4.218272e-05
691 1.059822e-03 4.187948e-05
692 1.052497e-03 4.157842e-05
693 1.045224e-03 4.127953e-05
694 1.038005e-03 4.098278e-05
695 1.030838e-03 4.068817e-05
696 1.023723e-03 4.039568e-05
697 1.016660e-03 4.010528e-05
698 1.009648e-03 3.981698e-05
699 1.002687e-03 3.953075e-05
700 9.957762e-04 3.924658e-05
701 9.889160e-04 3.896444e-05
702 9.821056e-04 3.868434e-05
703 9.753448e-04 3.840625e-05
704 9.686332e-04 3.813016e-05
705 9.619703e-04 3.785606e-05
706 9.553560e-04 3.758392e-05
707 9.487897e-04 3.731374e-05
708 9.422713e-04 3.704551e-05
709 9.358002e-04 3.677920e-05
710 9.293763e-04 3.651481e-05
711 9.229992e-04 3.625231e-05
712 9.166685e-04 3.599171e-05
713 9.103839e-04 3.573297e-05
714 9.041450e-04 3.547610e-05
715 8.979517e-04 3.522107e-05
716 8.918034e-04 3.496788e-05
717 8.857000e-04 3.471651e-05
718 8.796411e-04 3.446694e-05
719 8.736263e-04 3.421917e-05
720 8.676554e-04 3.397318e-05
721 8.617281e-04 3.372896e-05
722 8.558439e-04 3.348649e-05
723 8.500028e-04 3.324577e-05
724 8.442042e-04 3.300678e-05
725 8.384480e-04 3.276950e-05
726 8.327338e-04 3.253393e-05
727 8.270613e-04 3.230006e-05
728 8.214303e-04 3.206786e-05
729 8.158404e-04 3.183734e-05
730 8.102914e-04 3.160847e-05
731 8.047829e-04 3.138124e-05
732 7.993147e-04 3.115565e-05
733 7.938864e-04 3.093169e-05
734 7.884979e-04 3.070933e-05
735 7.831488e-04 3.048857e-05
736 7.778388e-04 3.026940e-05
737 7.725677e-04 3.005180e-05
738 7.673352e-04 2.983577e-05
739 7.621410e-04 2.962129e-05
740 7.569848e-04 2.940835e-05
741 7.518664e-04 2.919694e-05
742 7.467855e-04 2.898706e-05
743 7.417419e-04 2.877868e-05
744 7.367352e-04 2.857180e-05
745 7.317653e-04 2.836640e-05
746 7.268318e-04 2.816249e-05
747 7.219345e-04 2.796003e-05
748 7.170731e-04 2.775904e-05
749 7.122475e-04 2.755949e-05
750 7.074572e-04 2.736137e-05
751 7.027022e-04 2.716468e-05
752 6.979821e-04 2.696940e-05
753 6.932967e-04 2.677553e-05
754 6.886457e-04 2.658305e-05
755 6.840289e-04 2.639195e-05
756 6.794461e-04 2.620223e-05
757 6.748971e-04 2.601387e-05
758 6.703815e-04 2.582686e-05
759 6.658991e-04 2.564120e-05
760 6.614498e-04 2.545688e-05
761 6.570332e-04 2.527387e-05
762 6.526492e-04 2.509219e-05
763 6.482975e-04 2.491181e-05
764 6.439779e-04 2.473273e-05
765 6.396902e-04 2.455493e-05
766 6.354341e-04 2.437841e-05
767 6.312094e-04 2.420316e-05
768 6.270160e-04 2.402918e-05
769 6.228535e-04 2.385644e-05
770 6.187217e-04 2.368494e-05
771 6.146205e-04 2.351468e-05
772 6.105497e-04 2.334564e-05
773 6.065089e-04 2.317781e-05
774 6.024981e-04 2.301120e-05
775 5.985169e-04 2.284578e-05
776 5.945652e-04 2.268155e-05
777 5.906428e-04 2.251850e-05
778 5.867495e-04 2.235662e-05
779 5.828850e-04 2.219590e-05
780 5.790492e-04 2.203634e-05
781 5.752419e-04 2.187793e-05
782 5.714628e-04 2.172066e-05
783 5.677118e-04 2.156452e-05
784 5.639887e-04 2.140949e-05
785 5.602932e-04 2.125559e-05
786 5.566252e-04 2.110279e-05
787 5.529845e-04 2.095109e-05
788 5.493709e-04 2.080048e-05
789 5.457842e-04 2.065095e-05
790 5.422242e-04 2.050250e-05
791 5.386907e-04 2.035511e-05
792 5.351836e-04 2.020878e-05
793 5.317027e-04 2.006351e-05
794 5.282477e-04 1.991928e-05
795 5.248185e-04 1.977609e-05
796 5.214149e-04 1.963392e-05
797 5.180367e-04 1.949278e-05
798 5.146838e-04 1.935265e-05
799 5.113560e-04 1.921353e-05
800 5.080531e-04 1.907541e-05
801 5.047749e-04 1.893829e-05
802 5.015213e-04 1.880215e-05
803 4.982920e-04 1.866698e-05
804 4.950870e-04 1.853279e-05
805 4.919060e-04 1.839957e-05
806 4.887489e-04 1.826730e-05
807 4.856155e-04 1.813598e-05
808 4.825056e-04 1.800561e-05
809 4.794192e-04 1.787617e-05
810 4.763559e-04 1.774766e-05
811 4.733157e-04 1.762008e-05
812 4.702984e-04 1.749342e-05
813 4.673038e-04 1.736766e-05
814 4.643318e-04 1.724281e-05
815 4.613822e-04 1.711886e-05
816 4.584549e-04 1.699580e-05
817 4.555497e-04 1.687362e-05
818 4.526665e-04 1.675232e-05
819 4.498050e-04 1.663189e-05
820 4.469652e-04 1.651233e-05
821 4.441469e-04 1.639363e-05
822 4.413500e-04 1.627578e-05
823 4.385742e-04 1.615878e-05
824 4.358195e-04 1.604262e-05
825 4.330857e-04 1.592730e-05
826 4.303727e-04 1.581280e-05
827 4.276803e-04 1.569913e-05
828 4.250083e-04 1.558627e-05
829 4.223567e-04 1.547423e-05
830 4.197253e-04 1.536299e-05
831 4.171139e-04 1.525255e-05
832 4.145225e-04 1.514290e-05
833 4.119508e-04 1.503404e-05
834 4.093987e-04 1.492597e-05
835 4.068662e-04 1.481867e-05
836 4.043530e-04 1.471214e-05
837 4.018590e-04 1.460638e-05
838 3.993842e-04 1.450138e-05
839 3.969283e-04 1.439714e-05
840 3.944912e-04 1.429364e-05
841 3.920728e-04 1.419089e-05
842 3.896730e-04 1.408887e-05
843 3.872917e-04 1.398759e-05
844 3.849286e-04 1.388704e-05
845 3.825838e-04 1.378721e-05
846 3.802570e-04 1.368810e-05
847 3.779481e-04 1.358970e-05
848 3.756571e-04 1.349201e-05
849 3.733838e-04 1.339502e-05
850 3.711280e-04 1.329873e-05
851 3.688896e-04 1.320313e-05
852 3.666686e-04 1.310821e-05
853 3.644648e-04 1.301398e-05
854 3.622781e-04 1.292043e-05
855 3.601083e-04 1.282755e-05
856 3.579554e-04 1.273534e-05
857 3.558192e-04 1.264379e-05
858 3.536996e-04 1.255289e-05
859 3.515966e-04 1.246266e-05
860 3.495099e-04 1.237307e-05
861 3.474395e-04 1.228412e-05
862 3.453853e-04 1.219581e-05
863 3.433471e-04 1.210814e-05
864 3.413248e-04 1.202110e-05
865 3.393184e-04 1.193468e-05
866 3.373277e-04 1.184889e-05
867 3.353526e-04 1.176371e-05
868 3.333930e-04 1.167915e-05
869 3.314488e-04 1.159519e-05
870 3.295199e-04 1.151183e-05
871 3.276061e-04 1.142908e-05
872 3.257075e-04 1.134692e-05
873 3.238238e-04 1.126535e-05
874 3.219550e-04 1.118437e-05
875 3.201009e-04 1.110397e-05
876 3.182615e-04 1.102414e-05
877 3.164367e-04 1.094489e-05
878 3.146263e-04 1.086622e-05
879 3.128303e-04 1.078810e-05
880 3.110486e-04 1.071055e-05
881 3.092810e-04 1.063355e-05
882 3.075275e-04 1.055711e-05
883 3.057879e-04 1.048122e-05
884 3.040622e-04 1.040588e-05
885 3.023503e-04 1.033107e-05
886 3.006521e-04 1.025680e-05
887 2.989674e-04 1.018307e-05
888 2.972963e-04 1.010987e-05
889 2.956385e-04 1.003719e-05
890 2.939940e-04 9.965038e-06
891 2.923628e-04 9.893403e-06
892 2.907446e-04 9.822282e-06
893 2.891395e-04 9.751673e-06
894 2.875473e-04 9.681571e-06
895 2.859680e-04 9.611974e-06
896 2.844014e-04 9.542876e-06
897 2.828475e-04 9.474276e-06
898 2.813062e-04 9.406168e-06
899 2.797774e-04 9.338550e-06
900 2.782609e-04 9.271418e-06
901 2.767568e-04 9.204769e-06
902 2.752649e-04 9.138599e-06
903 2.737852e-04 9.072905e-06
904 2.723175e-04 9.007682e-06
905 2.708618e-04 8.942929e-06
906 2.694180e-04 8.878641e-06
907 2.679860e-04 8.814816e-06
908 2.665658e-04 8.751449e-06
909 2.651571e-04 8.688537e-06
910 2.637601e-04 8.626078e-06
911 2.623745e-04 8.564068e-06
912 2.610003e-04 8.502504e-06
913 2.596375e-04 8.441382e-06
914 2.582859e-04 8.380700e-06
915 2.569454e-04 8.320454e-06
916 2.556161e-04 8.260641e-06
917 2.542977e-04 8.201258e-06
918 2.529903e-04 8.142301e-06
919 2.516937e-04 8.083769e-06
920 2.504079e-04 8.025657e-06
921 2.491328e-04 7.967964e-06
922 2.478684e-04 7.910685e-06
923 2.466145e-04 7.853817e-06
924 2.453710e-04 7.797359e-06
925 2.441380e-04 7.741306e-06
926 2.429153e-04 7.685656e-06
927 2.417028e-04 7.630406e-06
928 2.405005e-04 7.575554e-06
929 2.393083e-04 7.521096e-06
930 2.381262e-04 7.467029e-06
931 2.369540e-04 7.413351e-06
932 2.357917e-04 7.360059e-06
933 2.346393e-04 7.307150e-06
934 2.334965e-04 7.254621e-06
935 2.323635e-04 7.202470e-06
936 2.312401e-04 7.150694e-06
937 2.301262e-04 7.099290e-06
938 2.290218e-04 7.048255e-06
939 2.279269e-04 6.997588e-06
940 2.268412e-04 6.947284e-06
941 2.257648e-04 6.897342e-06
942 2.246977e-04 6.847760e-06
943 2.236396e-04 6.798533e-06
944 2.225907e-04 6.749661e-06
945 2.215507e-04 6.701140e-06
946 2.205197e-04 6.652967e-06
947 2.194976e-04 6.605141e-06
948 2.184843e-04 6.557659e-06
949 2.174797e-04 6.510518e-06
950 2.164839e-04 6.463716e-06
951 2.154966e-04 6.417251e-06
952 2.145179e-04 6.371119e-06
953 2.135477e-04 6.325319e-06
954 2.125859e-04 6.279849e-06
955 2.116325e-04 6.234705e-06
956 2.106874e-04 6.189885e-06
957 2.097506e-04 6.145388e-06
958 2.088219e-04 6.101211e-06
959 2.079014e-04 6.057352e-06
960 2.069889e-04 6.013807e-06
961 2.060845e-04 5.970576e-06
962 2.051880e-04 5.927655e-06
963 2.042994e-04 5.885043e-06
964 2.034186e-04 5.842738e-06
965 2.025456e-04 5.800736e-06
966 2.016803e-04 5.759037e-06
967 2.008226e-04 5.717637e-06
968 1.999726e-04 5.676534e-06
969 1.991301e-04 5.635728e-06
970 1.982950e-04 5.595214e-06
971 1.974675e-04 5.554992e-06
972 1.966472e-04 5.515059e-06
973 1.958343e-04 5.475413e-06
974 1.950287e-04 5.436052e-06
975 1.942303e-04 5.396974e-06
976 1.934390e-04 5.358177e-06
977 1.926548e-04 5.319659e-06
978 1.918776e-04 5.281417e-06
979 1.911075e-04 5.243451e-06
980 1.903443e-04 5.205758e-06
981 1.895879e-04 5.168335e-06
982 1.888384e-04 5.131182e-06
983 1.880957e-04 5.094295e-06
984 1.873597e-04 5.057674e-06
985 1.866303e-04 5.021316e-06
986 1.859076e-04 4.985219e-06
987 1.851915e-04 4.949382e-06
988 1.844819e-04 4.913803e-06
989 1.837787e-04 4.878479e-06
990 1.830819e-04 4.843409e-06
991 1.823916e-04 4.808592e-06
992 1.817075e-04 4.774024e-06
993 1.810297e-04 4.739705e-06
994 1.803581e-04 4.705633e-06
995 1.796927e-04 4.671806e-06
996 1.790334e-04 4.638222e-06
997 1.783802e-04 4.604879e-06
998 1.777330e-04 4.571776e-06
999 1.770918e-04 4.538911e-06
1000 1.764565e-04 4.506282e-06
1001 1.758270e-04 4.473888e-06
1002 1.752035e-04 4.441727e-06
1003 1.745857e-04 4.409797e-06
1004 1.739736e-04 4.378096e-06
1005 1.733672e-04 4.346623e-06
1006 1.727665e-04 4.315377e-06
1007 1.721714e-04 4.284355e-06
1008 1.715818e-04 4.253556e-06
1009 1.709978e-04 4.222979e-06
1010 1.704192e-04 4.192621e-06
1011 1.698460e-04 4.162482e-06
1012 1.692782e-04 4.132559e-06
1013 1.687157e-04 4.102851e-06
1014 1.681585e-04 4.073357e-06
1015 1.676066e-04 4.044075e-06
1016 1.670599e-04 4.015004e-06
1017 1.665183e-04 3.986141e-06
1018 1.659819e-04 3.957486e-06
1019 1.654505e-04 3.929037e-06
1020 1.649241e-04 3.900792e-06
1021 1.644027e-04 3.872751e-06
1022 1.638863e-04 3.844911e-06
1023 1.633748e-04 3.817271e-06
1024 1.628682e-04 3.789830e-06
1025 1.623663e-04 3.762586e-06
1026 1.618693e-04 3.735538e-06
1027 1.613770e-04 3.708684e-06
1028 1.608894e-04 3.682024e-06
1029 1.604064e-04 3.655555e-06
1030 1.599281e-04 3.629276e-06
1031 1.594544e-04 3.603187e-06
1032 1.589852e-04 3.577285e-06
1033 1.585205e-04 3.551569e-06
1034 1.580603e-04 3.526038e-06
1035 1.576044e-04 3.500690e-06
1036 1.571530e-04 3.475525e-06
1037 1.567060e-04 3.450540e-06
1038 1.562632e-04 3.425735e-06
1039 1.558247e-04 3.401109e-06
1040 1.553905e-04 3.376659e-06
1041 1.549605e-04 3.352386e-06
1042 1.545346e-04 3.328287e-06
1043 1.541128e-04 3.304361e-06
1044 1.536952e-04 3.280607e-06
1045 1.532816e-04 3.257023e-06
1046 1.528720e-04 3.233610e-06
1047 1.524664e-04 3.210364e-06
1048 1.520648e-04 3.187286e-06
1049 1.516670e-04 3.164374e-06
1050 1.512732e-04 3.141626e-06
1051 1.508832e-04 3.119042e-06
1052 1.504970e-04 3.096620e-06
1053 1.501145e-04 3.074360e-06
1054 1.497358e-04 3.052259e-06
1055 1.493609e-04 3.030317e-06
1056 1.489895e-04 3.008533e-06
1057 1.486219e-04 2.986906e-06
1058 1.482578e-04 2.965434e-06
1059 1.478973e-04 2.944116e-06
1060 1.475404e-04 2.922952e-06
1061 1.471870e-04 2.901940e-06
1062 1.468370e-04 2.881079e-06
1063 1.464905e-04 2.860368e-06
1064 1.461474e-04 2.839805e-06
1065 1.458077e-04 2.819391e-06
1066 1.454714e-04 2.799123e-06
1067 1.451384e-04 2.779001e-06
1068 1.448086e-04 2.759024e-06
1069 1.444821e-04 2.739190e-06
1070 1.441589e-04 2.719499e-06
1071 1.438388e-04 2.699950e-06
1072 1.435220e-04 2.680540e-06
1073 1.432082e-04 2.661271e-06
1074 1.428976e-04 2.642140e-06
1075 1.425901e-04 2.623146e-06
1076 1.422856e-04 2.604289e-06
1077 1.419841e-04 2.585568e-06
1078 1.416856e-04 2.566981e-06
1079 1.413901e-04 2.548528e-06
1080 1.410976e-04 2.530208e-06
1081 1.408079e-04 2.512019e-06
1082 1.405212e-04 2.493961e-06
1083 1.402373e-04 2.476032e-06
1084 1.399562e-04 2.458233e-06
1085 1.396779e-04 2.440562e-06
1086 1.394024e-04 2.423017e-06
1087 1.391297e-04 2.405599e-06
1088 1.388597e-04 2.388306e-06
1089 1.385923e-04 2.371137e-06
1090 1.383277e-04 2.354092e-06
1091 1.380657e-04 2.337169e-06
1092 1.378063e-04 2.320368e-06
1093 1.375495e-04 2.303687e-06
1094 1.372953e-04 2.287127e-06
1095 1.370436e-04 2.270685e-06
1096 1.367945e-04 2.254362e-06
1097 1.365478e-04 2.238156e-06
1098 1.363036e-04 2.222067e-06
1099 1.360619e-04 2.206093e-06
1100 1.358226e-04 2.190234e-06
1101 1.355857e-04 2.174489e-06
1102 1.353511e-04 2.158858e-06
1103 1.351189e-04 2.143338e-06
1104 1.348891e-04 2.127931e-06
1105 1.346615e-04 2.112634e-06
1106 1.344363e-04 2.097447e-06
1107 1.342133e-04 2.082369e-06
1108 1.339925e-04 2.067399e-06
1109 1.337740e-04 2.052537e-06
1110 1.335576e-04 2.037782e-06
1111 1.333435e-04 2.023133e-06
1112 1.331314e-04 2.008590e-06
1113 1.329216e-04 1.994151e-06
1114 1.327138e-04 1.979815e-06
1115 1.325081e-04 1.965583e-06
1116 1.323045e-04 1.951453e-06
1117 1.321029e-04 1.937425e-06
1118 1.319034e-04 1.923497e-06
1119 1.317058e-04 1.909670e-06
1120 1.315103e-04 1.895942e-06
1121 1.313167e-04 1.882313e-06
1122 1.311251e-04 1.868781e-06
1123 1.309353e-04 1.855347e-06
1124 1.307475e-04 1.842010e-06
1125 1.305616e-04 1.828768e-06
1126 1.303776e-04 1.815622e-06
1127 1.301954e-04 1.802570e-06
1128 1.300150e-04 1.789612e-06
1129 1.298365e-04 1.776747e-06
1130 1.296598e-04 1.763974e-06
1131 1.294848e-04 1.751294e-06
1132 1.293116e-04 1.738704e-06
1133 1.291401e-04 1.726205e-06
1134 1.289704e-04 1.713796e-06
1135 1.288023e-04 1.701476e-06
1136 1.286360e-04 1.689245e-06
1137 1.284713e-04 1.677101e-06
1138 1.283083e-04 1.665045e-06
1139 1.281469e-04 1.653076e-06
1140 1.279871e-04 1.641192e-06
1141 1.278290e-04 1.629394e-06
1142 1.276724e-04 1.617681e-06
1143 1.275174e-04 1.606052e-06
1144 1.273639e-04 1.594507e-06
1145 1.272120e-04 1.583044e-06
1146 1.270617e-04 1.571664e-06
1147 1.269128e-04 1.560366e-06
1148 1.267654e-04 1.549149e-06
1149 1.266195e-04 1.538013e-06
1150 1.264751e-04 1.526957e-06
1151 1.263321e-04 1.515980e-06
1152 1.261905e-04 1.505082e-06
1153 1.260504e-04 1.494262e-06
1154 1.259117e-04 1.483521e-06
1155 1.257743e-04 1.472856e-06
1156 1.256383e-04 1.462268e-06
1157 1.255037e-04 1.451756e-06
1158 1.253705e-04 1.441320e-06
1159 1.252385e-04 1.430959e-06
1160 1.251079e-04 1.420672e-06
1161 1.249786e-04 1.410460e-06
1162 1.248506e-04 1.400320e-06
1163 1.247239e-04 1.390254e-06
1164 1.245984e-04 1.380260e-06
1165 1.244742e-04 1.370337e-06
1166 1.243512e-04 1.360487e-06
1167 1.242294e-04 1.350706e-06
1168 1.241089e-04 1.340997e-06
1169 1.239895e-04 1.331357e-06
1170 1.238714e-04 1.321786e-06
1171 1.237544e-04 1.312284e-06
1172 1.236386e-04 1.302850e-06
1173 1.235239e-04 1.293485e-06
1174 1.234104e-04 1.284186e-06
1175 1.232980e-04 1.274955e-06
1176 1.231867e-04 1.265789e-06
1177 1.230765e-04 1.256690e-06
1178 1.229674e-04 1.247656e-06
1179 1.228594e-04 1.238687e-06
1180 1.227525e-04 1.229783e-06
1181 1.226466e-04 1.220942e-06
1182 1.225418e-04 1.212165e-06
1183 1.224380e-04 1.203451e-06
1184 1.223352e-04 1.194800e-06
1185 1.222335e-04 1.186211e-06
1186 1.221327e-04 1.177684e-06
1187 1.220330e-04 1.169218e-06
1188 1.219342e-04 1.160813e-06
1189 1.218364e-04 1.152468e-06
1190 1.217396e-04 1.144183e-06
1191 1.216437e-04 1.135958e-06
1192 1.215488e-04 1.127792e-06
1193 1.214548e-04 1.119685e-06
1194 1.213618e-04 1.111636e-06
1195 1.212696e-04 1.103644e-06
1196 1.211783e-04 1.095711e-06
1197 1.210880e-04 1.087834e-06
1198 1.209985e-04 1.080014e-06
1199 1.209099e-04 1.072250e-06
1200 1.208222e-04 1.064542e-06
1201 1.207353e-04 1.056889e-06
1202 1.206493e-04 1.049292e-06
1203 1.205641e-04 1.041749e-06
1204 1.204798e-04 1.034260e-06
1205 1.203963e-04 1.026825e-06
1206 1.203136e-04 1.019443e-06
1207 1.202317e-04 1.012115e-06
1208 1.201506e-04 1.004839e-06
1209 1.200703e-04 9.976157e-07
1210 1.199907e-04 9.904442e-07
1211 1.199120e-04 9.833242e-07
1212 1.198340e-04 9.762554e-07
1213 1.197568e-04 9.692374e-07
1214 1.196803e-04 9.622699e-07
1215 1.196045e-04 9.553525e-07
1216 1.195295e-04 9.484847e-07
1217 1.194553e-04 9.416664e-07
1218 1.193817e-04 9.348971e-07
1219 1.193088e-04 9.281764e-07
1220 1.192367e-04 9.215040e-07
1221 1.191652e-04 9.148796e-07
1222 1.190945e-04 9.083029e-07
1223 1.190244e-04 9.017734e-07
1224 1.189550e-04 8.952908e-07
1225 1.188863e-04 8.888548e-07
1226 1.188182e-04 8.824652e-07
1227 1.187508e-04 8.761214e-07
1228 1.186840e-04 8.698232e-07
1229 1.186179e-04 8.635704e-07
1230 1.185524e-04 8.573624e-07
1231 1.184875e-04 8.511991e-07
1232 1.184232e-04 8.450801e-07
1233 1.183596e-04 8.390051e-07
1234 1.182966e-04 8.329738e-07
1235 1.182341e-04 8.269858e-07
1236 1.181723e-04 8.210409e-07
1237 1.181111e-04 8.151387e-07
1238 1.180504e-04 8.092789e-07
1239 1.179903e-04 8.034613e-07
1240 1.179308e-04 7.976855e-07
1241 1.178719e-04 7.919512e-07
1242 1.178135e-04 7.862581e-07
1243 1.177557e-04 7.806059e-07
1244 1.176984e-04 7.749944e-07
1245 1.176416e-04 7.694232e-07
1246 1.175854e-04 7.638921e-07
1247 1.175298e-04 7.584007e-07
1248 1.174746e-04 7.529488e-07
1249 1.174200e-04 7.475361e-07
1250 1.173659e-04 7.421623e-07
1251 1.173123e-04 7.368271e-07
1252 1.172592e-04 7.315303e-07
1253 1.172066e-04 7.262716e-07
1254 1.171545e-04 7.210507e-07
1255 1.171029e-04 7.158673e-07
1256 1.170518e-04 7.107211e-07
1257 1.170011e-04 7.056120e-07
1258 1.169510e-04 7.005396e-07
1259 1.169013e-04 6.955036e-07
1260 1.168520e-04 6.905039e-07
1261 1.168032e-04 6.855401e-07
1262 1.167549e-04 6.806119e-07
1263 1.167071e-04 6.757192e-07
1264 1.166596e-04 6.708617e-07
1265 1.166126e-04 6.660391e-07
1266 1.165661e-04 6.612512e-07
1267 1.165200e-04 6.564976e-07
1268 1.164743e-04 6.517783e-07
1269 1.164290e-04 6.470929e-07
1270 1.163842e-04 6.424411e-07
1271 1.163398e-04 6.378228e-07
1272 1.162957e-04 6.332377e-07
1273 1.162521e-04 6.286856e-07
1274 1.162089e-04 6.241662e-07
1275 1.161661e-04 6.196792e-07
1276 1.161237e-04 6.152246e-07
1277 1.160817e-04 6.108019e-07
1278 1.160401e-04 6.064111e-07
1279 1.159988e-04 6.020518e-07
1280 1.159579e-04 5.977238e-07
1281 1.159174e-04 5.934270e-07
1282 1.158773e-04 5.891610e-07
1283 1.158375e-04 5.849257e-07
1284 1.157982e-04 5.807209e-07
1285 1.157591e-04 5.765463e-07
1286 1.157204e-04 5.724017e-07
1287 1.156821e-04 5.682869e-07
1288 1.156441e-04 5.642016e-07
1289 1.156065e-04 5.601458e-07
1290 1.155692e-04 5.561191e-07
1291 1.155323e-04 5.521213e-07
1292 1.154957e-04 5.481523e-07
1293 1.154594e-04 5.442118e-07
1294 1.154234e-04 5.402996e-07
1295 1.153878e-04 5.364156e-07
1296 1.153525e-04 5.325595e-07
1297 1.153175e-04 5.287311e-07
1298 1.152829e-04 5.249302e-07
1299 1.152485e-04 5.211566e-07
1300 1.152145e-04 5.174102e-07
1301 1.151807e-04 5.136907e-07
1302 1.151473e-04 5.099980e-07
1303 1.151142e-04 5.063318e-07
1304 1.150813e-04 5.026919e-07
1305 1.150488e-04 4.990782e-07
1306 1.150166e-04 4.954905e-07
1307 1.149846e-04 4.919286e-07
1308 1.149529e-04 4.883923e-07
1309 1.149215e-04 4.848814e-07
1310 1.148904e-04 4.813957e-07
1311 1.148596e-04 4.779351e-07
1312 1.148290e-04 4.744994e-07
1313 1.147988e-04 4.710884e-07
1314 1.147688e-04 4.677019e-07
1315 1.147390e-04 4.643397e-07
1316 1.147095e-04 4.610017e-07
1317 1.146803e-04 4.576877e-07
1318 1.146513e-04 4.543976e-07
1319 1.146226e-04 4.511310e-07
1320 1.145942e-04 4.478880e-07
1321 1.145660e-04 4.446683e-07
1322 1.145381e-04 4.414717e-07
1323 1.145104e-04 4.382981e-07
1324 1.144829e-04 4.351473e-07
1325 1.144557e-04 4.320192e-07
1326 1.144287e-04 4.289136e-07
1327 1.144020e-04 4.258302e-07
1328 1.143755e-04 4.227691e-07
1329 1.143492e-04 4.197299e-07
1330 1.143232e-04 4.167126e-07
1331 1.142974e-04 4.137170e-07
1332 1.142718e-04 4.107429e-07
1333 1.142464e-04 4.077902e-07
1334 1.142213e-04 4.048588e-07
1335 1.141964e-04 4.019484e-07
1336 1.141717e-04 3.990589e-07
1337 1.141472e-04 3.961902e-07
1338 1.141229e-04 3.933421e-07
1339 1.140989e-04 3.905145e-07
1340 1.140750e-04 3.877072e-07
1341 1.140514e-04 3.849201e-07
1342 1.140279e-04 3.821530e-07
1343 1.140047e-04 3.794059e-07
1344 1.139817e-04 3.766784e-07
1345 1.139588e-04 3.739706e-07
1346 1.139362e-04 3.712823e-07
1347 1.139138e-04 3.686132e-07
1348 1.138915e-04 3.659634e-07
1349 1.138695e-04 3.633326e-07
1350 1.138476e-04 3.607207e-07
1351 1.138259e-04 3.581276e-07
1352 1.138045e-04 3.555532e-07
1353 1.137832e-04 3.529972e-07
1354 1.137620e-04 3.504596e-07
1355 1.137411e-04 3.479403e-07
1356 1.137203e-04 3.454391e-07
1357 1.136998e-04 3.429558e-07
1358 1.136794e-04 3.404904e-07
1359 1.136591e-04 3.380427e-07
1360 1.136391e-04 3.356126e-07
1361 1.136192e-04 3.332000e-07
1362 1.135995e-04 3.308048e-07
1363 1.135799e-04 3.284267e-07
1364 1.135605e-04 3.260658e-07
1365 1.135413e-04 3.237218e-07
1366 1.135223e-04 3.213947e-07
1367 1.135034e-04 3.190843e-07
1368 1.134847e-04 3.167905e-07
1369 1.134661e-04 3.145132e-07
1370 1.134477e-04 3.122522e-07
1371 1.134294e-04 3.100075e-07
1372 1.134113e-04 3.077790e-07
1373 1.133934e-04 3.055665e-07
1374 1.133756e-04 3.033699e-07
1375 1.133579e-04 3.011890e-07
1376 1.133404e-04 2.990239e-07
1377 1.133231e-04 2.968743e-07
1378 1.133059e-04 2.947402e-07
1379 1.132888e-04 2.926214e-07
1380 1.132719e-04 2.905178e-07
1381 1.132552e-04 2.884294e-07
1382 1.132385e-04 2.863559e-07
1383 1.132220e-04 2.842974e-07
1384 1.132057e-04 2.822537e-07
1385 1.131895e-04 2.802247e-07
1386 1.131734e-04 2.782102e-07
1387 1.131574e-04 2.762103e-07
1388 1.131416e-04 2.742247e-07
1389 1.131259e-04 2.722534e-07
1390 1.131104e-04 2.702962e-07
1391 1.130950e-04 2.683532e-07
1392 1.130797e-04 2.664240e-07
1393 1.130645e-04 2.645088e-07
1394 1.130495e-04 2.626073e-07
1395 1.130346e-04 2.607195e-07
1396 1.130198e-04 2.588453e-07
1397 1.130051e-04 2.569846e-07
1398 1.129906e-04 2.551372e-07
1399 1.129761e-04 2.533031e-07
1400 1.129618e-04 2.514822e-07
1401 1.129477e-04 2.496743e-07
1402 1.129336e-04 2.478795e-07
1403 1.129196e-04 2.460976e-07
1404 1.129058e-04 2.443285e-07
1405 1.128921e-04 2.425721e-07
1406 1.128785e-04 2.408283e-07
1407 1.128650e-04 2.390971e-07
1408 1.128516e-04 2.373783e-07
1409 1.128383e-04 2.356718e-07
1410 1.128251e-04 2.339777e-07
1411 1.128121e-04 2.322957e-07
1412 1.127991e-04 2.306258e-07
1413 1.127863e-04 2.289679e-07
1414 1.127735e-04 2.273219e-07
1415 1.127609e-04 2.256878e-07
1416 1.127484e-04 2.240654e-07
1417 1.127359e-04 2.224546e-07
1418 1.127236e-04 2.208555e-07
1419 1.127114e-04 2.192678e-07
1420 1.126993e-04 2.176916e-07
1421 1.126872e-04 2.161267e-07
1422 1.126753e-04 2.145730e-07
1423 1.126635e-04 2.130305e-07
1424 1.126517e-04 2.114991e-07
1425 1.126401e-04 2.099787e-07
1426 1.126285e-04 2.084692e-07
1427 1.126171e-04 2.069706e-07
1428 1.126057e-04 2.054828e-07
1429 1.125945e-04 2.040056e-07
1430 1.125833e-04 2.025391e-07
1431 1.125722e-04 2.010831e-07
1432 1.125612e-04 1.996376e-07
1433 1.125503e-04 1.982025e-07
1434 1.125395e-04 1.967776e-07
1435 1.125287e-04 1.953631e-07
1436 1.125181e-04 1.939587e-07
1437 1.125075e-04 1.925644e-07
1438 1.124971e-04 1.911801e-07
1439 1.124867e-04 1.898057e-07
1440 1.124764e-04 1.884413e-07
1441 1.124662e-04 1.870867e-07
1442 1.124560e-04 1.857417e-07
1443 1.124460e-04 1.844065e-07
1444 1.124360e-04 1.830809e-07
1445 1.124261e-04 1.817648e-07
1446 1.124163e-04 1.804581e-07
1447 1.124065e-04 1.791609e-07
1448 1.123969e-04 1.778729e-07
1449 1.123873e-04 1.765943e-07
1450 1.123778e-04 1.753248e-07
1451 1.123683e-04 1.740644e-07
1452 1.123590e-04 1.728131e-07
1453 1.123497e-04 1.715708e-07
1454 1.123405e-04 1.703375e-07
1455 1.123314e-04 1.691130e-07
1456 1.123223e-04 1.678973e-07
1457 1.123133e-04 1.666903e-07
1458 1.123044e-04 1.654920e-07
1459 1.122955e-04 1.643024e-07
1460 1.122868e-04 1.631212e-07
1461 1.122781e-04 1.619486e-07
1462 1.122694e-04 1.607844e-07
1463 1.122608e-04 1.596286e-07
1464 1.122523e-04 1.584811e-07
1465 1.122439e-04 1.573418e-07
1466 1.122355e-04 1.562107e-07
1467 1.122272e-04 1.550878e-07
1468 1.122190e-04 1.539729e-07
1469 1.122108e-04 1.528660e-07
1470 1.122027e-04 1.517671e-07
1471 1.121947e-04 1.506761e-07
1472 1.121867e-04 1.495930e-07
1473 1.121788e-04 1.485176e-07
1474 1.121710e-04 1.474500e-07
1475 1.121632e-04 1.463900e-07
1476 1.121554e-04 1.453376e-07
1477 1.121478e-04 1.442928e-07
1478 1.121402e-04 1.432556e-07
1479 1.121326e-04 1.422258e-07
1480 1.121251e-04 1.412033e-07
1481 1.121177e-04 1.401883e-07
1482 1.121103e-04 1.391805e-07
1483 1.121030e-04 1.381800e-07
1484 1.120958e-04 1.371867e-07
1485 1.120886e-04 1.362005e-07
1486 1.120814e-04 1.352214e-07
1487 1.120743e-04 1.342493e-07
1488 1.120673e-04 1.332842e-07
1489 1.120603e-04 1.323261e-07
1490 1.120534e-04 1.313748e-07
1491 1.120465e-04 1.304304e-07
1492 1.120397e-04 1.294928e-07
1493 1.120330e-04 1.285619e-07
1494 1.120263e-04 1.276377e-07
1495 1.120196e-04 1.267202e-07
1496 1.120130e-04 1.258092e-07
1497 1.120064e-04 1.249048e-07
1498 1.119999e-04 1.240069e-07
1499 1.119935e-04 1.231155e-07
1500 1.119871e-04 1.222304e-07
1501 1.119807e-04 1.213518e-07
1502 1.119744e-04 1.204794e-07
1503 1.119682e-04 1.196133e-07
1504 1.119620e-04 1.187535e-07
1505 1.119558e-04 1.178998e-07
1506 1.119497e-04 1.170522e-07
1507 1.119437e-04 1.162108e-07
1508 1.119377e-04 1.153754e-07
1509 1.119317e-04 1.145460e-07
1510 1.119258e-04 1.137226e-07
1511 1.119199e-04 1.129050e-07
1512 1.119141e-04 1.120934e-07
1513 1.119083e-04 1.112876e-07
1514 1.119025e-04 1.104876e-07
1515 1.118968e-04 1.096933e-07
1516 1.118912e-04 1.089048e-07
1517 1.118856e-04 1.081219e-07
1518 1.118800e-04 1.073446e-07
1519 1.118745e-04 1.065730e-07
1520 1.118690e-04 1.058069e-07
1521 1.118636e-04 1.050463e-07
1522 1.118582e-04 1.042911e-07
1523 1.118528e-04 1.035414e-07
1524 1.118475e-04 1.027971e-07
1525 1.118423e-04 1.020581e-07
1526 1.118370e-04 1.013244e-07
1527 1.118318e-04 1.005960e-07
1528 1.118267e-04 9.987289e-08
1529 1.118216e-04 9.915494e-08
1530 1.118165e-04 9.844214e-08
1531 1.118115e-04 9.773448e-08
1532 1.118065e-04 9.703189e-08
1533 1.118015e-04 9.633436e-08
1534 1.117966e-04 9.564185e-08
1535 1.117917e-04 9.495431e-08
1536 1.117869e-04 9.427171e-08
1537 1.117821e-04 9.359402e-08
1538 1.117773e-04 9.292121e-08
1539 1.117726e-04 9.225323e-08
1540 1.117679e-04 9.159005e-08
1541 1.117632e-04 9.093164e-08
1542 1.117586e-04 9.027796e-08
1543 1.117540e-04 8.962898e-08
1544 1.117495e-04 8.898467e-08
1545 1.117449e-04 8.834498e-08
1546 1.117405e-04 8.770990e-08
1547 1.117360e-04 8.707938e-08
1548 1.117316e-04 8.645340e-08
1549 1.117272e-04 8.583191e-08
1550 1.117229e-04 8.521489e-08
1551 1.117185e-04 8.460231e-08
1552 1.117143e-04 8.399413e-08
1553 1.117100e-04 8.339033e-08
1554 1.117058e-04 8.279086e-08
1555 1.117016e-04 8.219570e-08
1556 1.116974e-04 8.160483e-08
1557 1.116933e-04 8.101819e-08
1558 1.116892e-04 8.043578e-08
1559 1.116852e-04 7.985755e-08
1560 1.116811e-04 7.928348e-08
1561 1.116771e-04 7.871354e-08
1562 1.116732e-04 7.814770e-08
1563 1.116692e-04 7.758592e-08
1564 1.116653e-04 7.702818e-08
1565 1.116614e-04 7.647445e-08
1566 1.116576e-04 7.592470e-08
1567 1.116538e-04 7.537890e-08
1568 1.116500e-04 7.483702e-08
1569 1.116462e-04 7.429904e-08
1570 1.116425e-04 7.376493e-08
1571 1.116388e-04 7.323466e-08
1572 1.116351e-04 7.270820e-08
1573 1.116314e-04 7.218552e-08
1574 1.116278e-04 7.166661e-08
1575 1.116242e-04 7.115142e-08
1576 1.116207e-04 7.063993e-08
1577 1.116171e-04 7.013213e-08
1578 1.116136e-04 6.962797e-08
1579 1.116101e-04 6.912744e-08
1580 1.116066e-04 6.863050e-08
1581 1.116032e-04 6.813714e-08
1582 1.115998e-04 6.764732e-08
1583 1.115964e-04 6.716103e-08
1584 1.115931e-04 6.667823e-08
1585 1.115897e-04 6.619890e-08
1586 1.115864e-04 6.572302e-08
1587 1.115831e-04 6.525056e-08
1588 1.115799e-04 6.478149e-08
1589 1.115766e-04 6.431580e-08
1590 1.115734e-04 6.385345e-08
1591 1.115702e-04 6.339443e-08
1592 1.115671e-04 6.293871e-08
1593 1.115639e-04 6.248626e-08
1594 1.115608e-04 6.203707e-08
1595 1.115577e-04 6.159111e-08
1596 1.115547e-04 6.114835e-08
1597 1.115516e-04 6.070877e-08
1598 1.115486e-04 6.027236e-08
1599 1.115456e-04 5.983908e-08
1600 1.115426e-04 5.940891e-08
1601 1.115397e-04 5.898184e-08
1602 1.115367e-04 5.855784e-08
1603 1.115338e-04 5.813689e-08
1604 1.115309e-04 5.771896e-08
1605 1.115281e-04 5.730404e-08
1606 1.115252e-04 5.689210e-08
1607 1.115224e-04 5.648312e-08
1608 1.115196e-04 5.607708e-08
1609 1.115168e-04 5.567396e-08
1610 1.115140e-04 5.527374e-08
1611 1.115113e-04 5.487639e-08
1612 1.115086e-04 5.448190e-08
1613 1.115059e-04 5.409025e-08
1614 1.115032e-04 5.370141e-08
1615 1.115005e-04 5.331537e-08
1616 1.114979e-04 5.293210e-08
1617 1.114953e-04 5.255159e-08
1618 1.114927e-04 5.217382e-08
1619 1.114901e-04 5.179876e-08
1620 1.114875e-04 5.142639e-08
1621 1.114850e-04 5.105670e-08
1622 1.114825e-04 5.068967e-08
1623 1.114799e-04 5.032528e-08
1624 1.114775e-04 4.996351e-08
1625 1.114750e-04 4.960434e-08
1626 1.114725e-04 4.924775e-08
1627 1.114701e-04 4.889372e-08
1628 1.114677e-04 4.854224e-08
1629 1.114653e-04 4.819329e-08
1630 1.114629e-04 4.784684e-08
1631 1.114606e-04 4.750289e-08
1632 1.114582e-04 4.716140e-08
1633 1.114559e-04 4.682237e-08
1634 1.114536e-04 4.648578e-08
1635 1.114513e-04 4.615161e-08
1636 1.114490e-04 4.581984e-08
1637 1.114468e-04 4.549046e-08
1638 1.114445e-04 4.516344e-08
1639 1.114423e-04 4.483878e-08
1640 1.114401e-04 4.451645e-08
1641 1.114379e-04 4.419643e-08
1642 1.114357e-04 4.387872e-08
1643 1.114336e-04 4.356329e-08
1644 1.114314e-04 4.325013e-08
1645 1.114293e-04 4.293922e-08
1646 1.114272e-04 4.263054e-08
1647 1.114251e-04 4.232408e-08
1648 1.114230e-04 4.201983e-08
1649 1.114209e-04 4.171776e-08
1650 1.114189e-04 4.141787e-08
1651 1.114169e-04 4.112013e-08
1652 1.114148e-04 4.082453e-08
1653 1.114128e-04 4.053105e-08
1654 1.114108e-04 4.023969e-08
1655 1.114089e-04 3.995042e-08
1656 1.114069e-04 3.966323e-08
1657 1.114050e-04 3.937810e-08
1658 1.114030e-04 3.909502e-08
1659 1.114011e-04 3.881398e-08
1660 1.113992e-04 3.853496e-08
1661 1.113973e-04 3.825795e-08
1662 1.113955e-04 3.798292e-08
1663 1.113936e-04 3.770988e-08
1664 1.113917e-04 3.743879e-08
1665 1.113899e-04 3.716966e-08
1666 1.113881e-04 3.690246e-08
1667 1.113863e-04 3.663718e-08
1668 1.113845e-04 3.637380e-08
1669 1.113827e-04 3.611232e-08
1670 1.113810e-04 3.585272e-08
1671 1.113792e-04 3.559499e-08
1672 1.113775e-04 3.533911e-08
1673 1.113757e-04 3.508507e-08
1674 1.113740e-04 3.483285e-08
1675 1.113723e-04 3.458245e-08
1676 1.113706e-04 3.433385e-08
1677 1.113689e-04 3.408703e-08
1678 1.113673e-04 3.384199e-08
1679 1.113656e-04 3.359871e-08
1680 1.113640e-04 3.335718e-08
1681 1.113624e-04 3.311739e-08
1682 1.113607e-04 3.287932e-08
1683 1.113591e-04 3.264296e-08
1684 1.113575e-04 3.240830e-08
1685 1.113560e-04 3.217533e-08
1686 1.113544e-04 3.194403e-08
1687 1.113528e-04 3.171439e-08
1688 1.113513e-04 3.148641e-08
1689 1.113498e-04 3.126006e-08
1690 1.113482e-04 3.103535e-08
1691 1.113467e-04 3.081224e-08
1692 1.113452e-04 3.059074e-08
1693 1.113437e-04 3.037084e-08
1694 1.113422e-04 3.015251e-08
1695 1.113408e-04 2.993575e-08
1696 1.113393e-04 2.972056e-08
1697 1.113379e-04 2.950690e-08
1698 1.113364e-04 2.929479e-08
1699 1.113350e-04 2.908420e-08
1700 1.113336e-04 2.887512e-08
1701 1.113322e-04 2.866755e-08
1702 1.113308e-04 2.846147e-08
1703 1.113294e-04 2.825687e-08
1704 1.113280e-04 2.805374e-08
1705 1.113267e-04 2.785207e-08
1706 1.113253e-04 2.765185e-08
1707 1.113240e-04 2.745307e-08
1708 1.113226e-04 2.725572e-08
1709 1.113213e-04 2.705978e-08
1710 1.113200e-04 2.686526e-08
1711 1.113187e-04 2.667213e-08
1712 1.113174e-04 2.648040e-08
1713 1.113161e-04 2.629004e-08
1714 1.113148e-04 2.610105e-08
1715 1.113136e-04 2.591341e-08
1716 1.113123e-04 2.572713e-08
1717 1.113111e-04 2.554219e-08
1718 1.113098e-04 2.535857e-08
1719 1.113086e-04 2.517628e-08
1720 1.113074e-04 2.499529e-08
1721 1.113062e-04 2.481561e-08
1722 1.113049e-04 2.463722e-08
1723 1.113038e-04 2.446011e-08
1724 1.113026e-04 2.428428e-08
1725 1.113014e-04 2.410970e-08
1726 1.113002e-04 2.393639e-08
1727 1.112991e-04 2.376432e-08
1728 1.112979e-04 2.359348e-08
1729 1.112968e-04 2.342388e-08
1730 1.112956e-04 2.325549e-08
1731 1.112945e-04 2.308831e-08
1732 1.112934e-04 2.292234e-08
1733 1.112923e-04 2.275756e-08
1734 1.112912e-04 2.259396e-08
1735 1.112901e-04 2.243154e-08
1736 1.112890e-04 2.227029e-08
1737 1.112879e-04 2.211019e-08
1738 1.112868e-04 2.195125e-08
1739 1.112858e-04 2.179345e-08
1740 1.112847e-04 2.163678e-08
1741 1.112837e-04 2.148124e-08
1742 1.112826e-04 2.132682e-08
1743 1.112816e-04 2.117351e-08
1744 1.112806e-04 2.102130e-08
1745 1.112796e-04 2.087019e-08
1746 1.112785e-04 2.072016e-08
1747 1.112775e-04 2.057121e-08
1748 1.112766e-04 2.042333e-08
1749 1.112756e-04 2.027651e-08
1750 1.112746e-04 2.013075e-08
1751 1.112736e-04 1.998603e-08
1752 1.112726e-04 1.984236e-08
1753 1.112717e-04 1.969972e-08
1754 1.112707e-04 1.955811e-08
1755 1.112698e-04 1.941751e-08
1756 1.112688e-04 1.927792e-08
1757 1.112679e-04 1.913934e-08
1758 1.112670e-04 1.900175e-08
1759 1.112661e-04 1.886516e-08
1760 1.112652e-04 1.872954e-08
1761 1.112643e-04 1.859490e-08
1762 1.112634e-04 1.846123e-08
1763 1.112625e-04 1.832852e-08
1764 1.112616e-04 1.819676e-08
1765 1.112607e-04 1.806595e-08
1766 1.112598e-04 1.793608e-08
1767 1.112590e-04 1.780714e-08
1768 1.112581e-04 1.767913e-08
1769 1.112573e-04 1.755204e-08
1770 1.112564e-04 1.742587e-08
1771 1.112556e-04 1.730060e-08
1772 1.112547e-04 1.717623e-08
1773 1.112539e-04 1.705275e-08
1774 1.112531e-04 1.693017e-08
1775 1.112523e-04 1.680846e-08
1776 1.112515e-04 1.668763e-08
1777 1.112506e-04 1.656767e-08
1778 1.112498e-04 1.644857e-08
1779 1.112491e-04 1.633033e-08
1780 1.112483e-04 1.621293e-08
1781 1.112475e-04 1.609638e-08
1782 1.112467e-04 1.598067e-08
1783 1.112459e-04 1.586579e-08
1784 1.112452e-04 1.575174e-08
1785 1.112444e-04 1.563850e-08
1786 1.112437e-04 1.552608e-08
1787 1.112429e-04 1.541447e-08
1788 1.112422e-04 1.530366e-08
1789 1.112414e-04 1.519365e-08
1790 1.112407e-04 1.508443e-08
1791 1.112400e-04 1.497599e-08
1792 1.112393e-04 1.486833e-08
1793 1.112385e-04 1.476145e-08
1794 1.112378e-04 1.465533e-08
1795 1.112371e-04 1.454998e-08
1796 1.112364e-04 1.444539e-08
1797 1.112357e-04 1.434154e-08
1798 1.112350e-04 1.423845e-08
1799 1.112344e-04 1.413609e-08
1800 1.112337e-04 1.403447e-08
1801 1.112330e-04 1.393358e-08
1802 1.112323e-04 1.383342e-08
1803 1.112317e-04 1.373397e-08
1804 1.112310e-04 1.363524e-08
1805 1.112303e-04 1.353722e-08
1806 1.112297e-04 1.343991e-08
1807 1.112290e-04 1.334329e-08
1808 1.112284e-04 1.324737e-08
1809 1.112278e-04 1.315214e-08
1810 1.112271e-04 1.305760e-08
1811 1.112265e-04 1.296373e-08
1812 1.112259e-04 1.287054e-08
1813 1.112253e-04 1.277802e-08
1814 1.112246e-04 1.268616e-08
1815 1.112240e-04 1.259496e-08
1816 1.112234e-04 1.250442e-08
1817 1.112228e-04 1.241453e-08
1818 1.112222e-04 1.232529e-08
1819 1.112216e-04 1.223668e-08
1820 1.112211e-04 1.214872e-08
1821 1.112205e-04 1.206139e-08
1822 1.112199e-04 1.197468e-08
1823 1.112193e-04 1.188860e-08
1824 1.112187e-04 1.180313e-08
1825 1.112182e-04 1.171829e-08
1826 1.112176e-04 1.163405e-08
1827 1.112171e-04 1.155041e-08
1828 1.112165e-04 1.146738e-08
1829 1.112159e-04 1.138495e-08
1830 1.112154e-04 1.130310e-08
1831 1.112149e-04 1.122185e-08
1832 1.112143e-04 1.114118e-08
1833 1.112138e-04 1.106109e-08
1834 1.112133e-04 1.098157e-08
1835 1.112127e-04 1.090263e-08
1836 1.112122e-04 1.082425e-08
1837 1.112117e-04 1.074644e-08
1838 1.112112e-04 1.066919e-08
1839 1.112107e-04 1.059249e-08
1840 1.112101e-04 1.051635e-08
1841 1.112096e-04 1.044075e-08
1842 1.112091e-04 1.036569e-08
1843 1.112086e-04 1.029118e-08
1844 1.112081e-04 1.021720e-08
1845 1.112077e-04 1.014375e-08
1846 1.112072e-04 1.007083e-08
1847 1.112067e-04 9.998433e-09
