# step err_l2 res_l2
0 2.462974e-01 1.000000e+00
1 2.224221e-01 2.351434e-01
2 2.115632e-01 1.363113e-01
3 2.037002e-01 9.888795e-02
4 1.973003e-01 7.882894e-02
5 1.918127e-01 6.610766e-02
6 1.869643e-01 5.722654e-02
7 1.825958e-01 5.062763e-02
8 1.786047e-01 4.550490e-02
9 1.749206e-01 4.139673e-02
10 1.714923e-01 3.801846e-02
11 1.682815e-01 3.518440e-02
12 1.652584e-01 3.276790e-02
13 1.623996e-01 3.067942e-02
14 1.596859e-01 2.885376e-02
15 1.571017e-01 2.724222e-02
16 1.546340e-01 2.580767e-02
17 1.522715e-01 2.452123e-02
18 1.500050e-01 2.336012e-02
19 1.478263e-01 2.230608e-02
20 1.457283e-01 2.134433e-02
21 1.437048e-01 2.046271e-02
22 1.417503e-01 1.965119e-02
23 1.398600e-01 1.890135e-02
24 1.380296e-01 1.820611e-02
25 1.362552e-01 1.755945e-02
26 1.345333e-01 1.695625e-02
27 1.328607e-01 1.639206e-02
28 1.312346e-01 1.586307e-02
29 1.296523e-01 1.536594e-02
30 1.281114e-01 1.489776e-02
31 1.266098e-01 1.445598e-02
32 1.251454e-01 1.403834e-02
33 1.237163e-01 1.364284e-02
34 1.223209e-01 1.326771e-02
35 1.209575e-01 1.291137e-02
36 1.196246e-01 1.257239e-02
37 1.183209e-01 1.224953e-02
38 1.170450e-01 1.194162e-02
39 1.157958e-01 1.164764e-02
40 1.145720e-01 1.136667e-02
41 1.133728e-01 1.109784e-02
42 1.121969e-01 1.084040e-02
43 1.110436e-01 1.059364e-02
44 1.099119e-01 1.035692e-02
45 1.088011e-01 1.012966e-02
46 1.077102e-01 9.911310e-03
47 1.066386e-01 9.701387e-03
48 1.055855e-01 9.499431e-03
49 1.045504e-01 9.305018e-03
50 1.035325e-01 9.117758e-03
51 1.025313e-01 8.937289e-03
52 1.015462e-01 8.763273e-03
53 1.005766e-01 8.595396e-03
54 9.962211e-02 8.433365e-03
55 9.868217e-02 8.276905e-03
56 9.775632e-02 8.125759e-03
57 9.684413e-02 7.979685e-03
58 9.594517e-02 7.838455e-03
59 9.505905e-02 7.701856e-03
60 9.418537e-02 7.569685e-03
61 9.332378e-02 7.441752e-03
62 9.247393e-02 7.317874e-03
63 9.163548e-02 7.197882e-03
64 9.080811e-02 7.081611e-03
65 8.999153e-02 6.968909e-03
66 8.918543e-02 6.859627e-03
67 8.838955e-02 6.753625e-03
68 8.760362e-02 6.650771e-03
69 8.682738e-02 6.550936e-03
70 8.606060e-02 6.454001e-03
71 8.530302e-02 6.359848e-03
72 8.455444e-02 6.268368e-03
73 8.381464e-02 6.179453e-03
74 8.308342e-02 6.093003e-03
75 8.236056e-02 6.008921e-03
76 8.164590e-02 5.927115e-03
77 8.093924e-02 5.847494e-03
78 8.024041e-02 5.769975e-03
79 7.954925e-02 5.694476e-03
80 7.886558e-02 5.620918e-03
81 7.818927e-02 5.549226e-03
82 7.752016e-02 5.479330e-03
83 7.685810e-02 5.411160e-03
84 7.620296e-02 5.344650e-03
85 7.555461e-02 5.279738e-03
86 7.491291e-02 5.216362e-03
87 7.427775e-02 5.154464e-03
88 7.364901e-02 5.093990e-03
89 7.302657e-02 5.034885e-03
90 7.241032e-02 4.977099e-03
91 7.180015e-02 4.920582e-03
92 7.119597e-02 4.865288e-03
93 7.059768e-02 4.811171e-03
94 7.000517e-02 4.758189e-03
95 6.941835e-02 4.706300e-03
96 6.883714e-02 4.655464e-03
97 6.826145e-02 4.605644e-03
98 6.769119e-02 4.556804e-03
99 6.712628e-02 4.508908e-03
100 6.656665e-02 4.461924e-03
101 6.601221e-02 4.415819e-03
102 6.546289e-02 4.370562e-03
103 6.491863e-02 4.326126e-03
104 6.437935e-02 4.282481e-03
105 6.384497e-02 4.239600e-03
106 6.331545e-02 4.197459e-03
107 6.279071e-02 4.156032e-03
108 6.227069e-02 4.115296e-03
109 6.175533e-02 4.075229e-03
110 6.124456e-02 4.035808e-03
111 6.073835e-02 3.997014e-03
112 6.023661e-02 3.958826e-03
113 5.973931e-02 3.921225e-03
114 5.924639e-02 3.884194e-03
115 5.875780e-02 3.847715e-03
116 5.827348e-02 3.811770e-03
117 5.779339e-02 3.776346e-03
118 5.731747e-02 3.741425e-03
119 5.684569e-02 3.706994e-03
120 5.637799e-02 3.673039e-03
121 5.591433e-02 3.639546e-03
122 5.545467e-02 3.606502e-03
123 5.499895e-02 3.573895e-03
124 5.454715e-02 3.541713e-03
125 5.409921e-02 3.509945e-03
126 5.365510e-02 3.478581e-03
127 5.321477e-02 3.447609e-03
128 5.277819e-02 3.417020e-03
129 5.234533e-02 3.386804e-03
130 5.191613e-02 3.356952e-03
131 5.149057e-02 3.327456e-03
132 5.106860e-02 3.298306e-03
133 5.065020e-02 3.269495e-03
134 5.023532e-02 3.241015e-03
135 4.982393e-02 3.212859e-03
136 4.941601e-02 3.185019e-03
137 4.901150e-02 3.157488e-03
138 4.861039e-02 3.130260e-03
139 4.821264e-02 3.103329e-03
140 4.781822e-02 3.076688e-03
141 4.742709e-02 3.050332e-03
142 4.703923e-02 3.024254e-03
143 4.665460e-02 2.998450e-03
144 4.627318e-02 2.972913e-03
145 4.589493e-02 2.947640e-03
146 4.551983e-02 2.922625e-03
147 4.514784e-02 2.897863e-03
148 4.477895e-02 2.873350e-03
149 4.441311e-02 2.849081e-03
150 4.405031e-02 2.825053e-03
151 4.369051e-02 2.801261e-03
152 4.333370e-02 2.777701e-03
153 4.297983e-02 2.754370e-03
154 4.262889e-02 2.731263e-03
155 4.228085e-02 2.708377e-03
156 4.193569e-02 2.685710e-03
157 4.159338e-02 2.663256e-03
158 4.125389e-02 2.641014e-03
159 4.091720e-02 2.618980e-03
160 4.058328e-02 2.597150e-03
161 4.025212e-02 2.575523e-03
162 3.992368e-02 2.554095e-03
163 3.959795e-02 2.532863e-03
164 3.927489e-02 2.511825e-03
165 3.895450e-02 2.490979e-03
166 3.863674e-02 2.470320e-03
167 3.832159e-02 2.449848e-03
168 3.800902e-02 2.429560e-03
169 3.769903e-02 2.409453e-03
170 3.739158e-02 2.389524e-03
171 3.708666e-02 2.369773e-03
172 3.678424e-02 2.350197e-03
173 3.648430e-02 2.330792e-03
174 3.618682e-02 2.311559e-03
175 3.589178e-02 2.292494e-03
176 3.559915e-02 2.273595e-03
177 3.530893e-02 2.254861e-03
178 3.502108e-02 2.236290e-03
179 3.473559e-02 2.217880e-03
180 3.445244e-02 2.199629e-03
181 3.417161e-02 2.181535e-03
182 3.389308e-02 2.163597e-03
183 3.361683e-02 2.145812e-03
184 3.334284e-02 2.128180e-03
185 3.307109e-02 2.110699e-03
186 3.280157e-02 2.093367e-03
187 3.253425e-02 2.076183e-03
188 3.226911e-02 2.059144e-03
189 3.200615e-02 2.042251e-03
190 3.174533e-02 2.025500e-03
191 3.148665e-02 2.008891e-03
192 3.123009e-02 1.992422e-03
193 3.097562e-02 1.976092e-03
194 3.072323e-02 1.959899e-03
195 3.047290e-02 1.943843e-03
196 3.022462e-02 1.927922e-03
197 2.997836e-02 1.912134e-03
198 2.973412e-02 1.896478e-03
199 2.949188e-02 1.880953e-03
200 2.925161e-02 1.865559e-03
201 2.901331e-02 1.850292e-03
202 2.877695e-02 1.835153e-03
203 2.854252e-02 1.820141e-03
204 2.831001e-02 1.805253e-03
205 2.807940e-02 1.790489e-03
206 2.785067e-02 1.775847e-03
207 2.762380e-02 1.761328e-03
208 2.739879e-02 1.746929e-03
209 2.717562e-02 1.732649e-03
210 2.695427e-02 1.718487e-03
211 2.673472e-02 1.704443e-03
212 2.651697e-02 1.690515e-03
213 2.630099e-02 1.676702e-03
214 2.608678e-02 1.663004e-03
215 2.587431e-02 1.649418e-03
216 2.566358e-02 1.635945e-03
217 2.545457e-02 1.622583e-03
218 2.524726e-02 1.609331e-03
219 2.504165e-02 1.596188e-03
220 2.483771e-02 1.583154e-03
221 2.463544e-02 1.570227e-03
222 2.443482e-02 1.557406e-03
223 2.423583e-02 1.544691e-03
224 2.403847e-02 1.532080e-03
225 2.384272e-02 1.519573e-03
226 2.364857e-02 1.507169e-03
227 2.345600e-02 1.494867e-03
228 2.326500e-02 1.482666e-03
229 2.307556e-02 1.470565e-03
230 2.288766e-02 1.458563e-03
231 2.270130e-02 1.446660e-03
232 2.251645e-02 1.434854e-03
233 2.233312e-02 1.423146e-03
234 2.215128e-02 1.411533e-03
235 2.197092e-02 1.400015e-03
236 2.179203e-02 1.388592e-03
237 2.161461e-02 1.377263e-03
238 2.143863e-02 1.366026e-03
239 2.126408e-02 1.354881e-03
240 2.109096e-02 1.343828e-03
241 2.091926e-02 1.332865e-03
242 2.074895e-02 1.321992e-03
243 2.058003e-02 1.311208e-03
244 2.041249e-02 1.300512e-03
245 2.024631e-02 1.289903e-03
246 2.008149e-02 1.279382e-03
247 1.991802e-02 1.268946e-03
248 1.975587e-02 1.258596e-03
249 1.959505e-02 1.248330e-03
250 1.943554e-02 1.238149e-03
251 1.927733e-02 1.228050e-03
252 1.912042e-02 1.218034e-03
253 1.896478e-02 1.208100e-03
254 1.881041e-02 1.198248e-03
255 1.865730e-02 1.188475e-03
256 1.850544e-02 1.178783e-03
257 1.835481e-02 1.169169e-03
258 1.820542e-02 1.159635e-03
259 1.805724e-02 1.150178e-03
260 1.791027e-02 1.140798e-03
261 1.776450e-02 1.131495e-03
262 1.761992e-02 1.122268e-03
263 1.747652e-02 1.113116e-03
264 1.733429e-02 1.104039e-03
265 1.719321e-02 1.095036e-03
266 1.705329e-02 1.086107e-03
267 1.691451e-02 1.077251e-03
268 1.677686e-02 1.068466e-03
269 1.664033e-02 1.059754e-03
270 1.650491e-02 1.051113e-03
271 1.637060e-02 1.042542e-03
272 1.623739e-02 1.034041e-03
273 1.610526e-02 1.025609e-03
274 1.597421e-02 1.017247e-03
275 1.584422e-02 1.008952e-03
276 1.571530e-02 1.000725e-03
277 1.558743e-02 9.925657e-04
278 1.546060e-02 9.844726e-04
279 1.533480e-02 9.764456e-04
280 1.521003e-02 9.684840e-04
281 1.508628e-02 9.605875e-04
282 1.496353e-02 9.527553e-04
283 1.484179e-02 9.449870e-04
284 1.472104e-02 9.372821e-04
285 1.460128e-02 9.296401e-04
286 1.448249e-02 9.220604e-04
287 1.436467e-02 9.145425e-04
288 1.424781e-02 9.070860e-04
289 1.413190e-02 8.996902e-04
290 1.401694e-02 8.923548e-04
291 1.390291e-02 8.850793e-04
292 1.378982e-02 8.778630e-04
293 1.367765e-02 8.707057e-04
294 1.356639e-02 8.636067e-04
295 1.345604e-02 8.565656e-04
296 1.334659e-02 8.495819e-04
297 1.323803e-02 8.426552e-04
298 1.313035e-02 8.357850e-04
299 1.302356e-02 8.289708e-04
300 1.291763e-02 8.222122e-04
301 1.281257e-02 8.155086e-04
302 1.270837e-02 8.088598e-04
303 1.260501e-02 8.022652e-04
304 1.250250e-02 7.957244e-04
305 1.240083e-02 7.892369e-04
306 1.229998e-02 7.828023e-04
307 1.219995e-02 7.764201e-04
308 1.210074e-02 7.700900e-04
309 1.200234e-02 7.638116e-04
310 1.190474e-02 7.575843e-04
311 1.180794e-02 7.514078e-04
312 1.171193e-02 7.452817e-04
313 1.161670e-02 7.392055e-04
314 1.152224e-02 7.331789e-04
315 1.142856e-02 7.272014e-04
316 1.133564e-02 7.212727e-04
317 1.124348e-02 7.153923e-04
318 1.115207e-02 7.095598e-04
319 1.106140e-02 7.037749e-04
320 1.097148e-02 6.980372e-04
321 1.088228e-02 6.923462e-04
322 1.079382e-02 6.867017e-04
323 1.070607e-02 6.811032e-04
324 1.061904e-02 6.755503e-04
325 1.053272e-02 6.700427e-04
326 1.044711e-02 6.645800e-04
327 1.036219e-02 6.591618e-04
328 1.027797e-02 6.537879e-04
329 1.019443e-02 6.484577e-04
330 1.011157e-02 6.431710e-04
331 1.002939e-02 6.379274e-04
332 9.947877e-03 6.327265e-04
333 9.867030e-03 6.275681e-04
334 9.786842e-03 6.224517e-04
335 9.707309e-03 6.173771e-04
336 9.628423e-03 6.123438e-04
337 9.550181e-03 6.073515e-04
338 9.472577e-03 6.023999e-04
339 9.395605e-03 5.974888e-04
340 9.319261e-03 5.926176e-04
341 9.243540e-03 5.877862e-04
342 9.168436e-03 5.829942e-04
343 9.093945e-03 5.782412e-04
344 9.020061e-03 5.735270e-04
345 8.946779e-03 5.688512e-04
346 8.874095e-03 5.642135e-04
347 8.802003e-03 5.596137e-04
348 8.730500e-03 5.550513e-04
349 8.659579e-03 5.505262e-04
350 8.589237e-03 5.460379e-04
351 8.519468e-03 5.415863e-04
352 8.450268e-03 5.371709e-04
353 8.381632e-03 5.327915e-04
354 8.313556e-03 5.284478e-04
355 8.246036e-03 5.241396e-04
356 8.179065e-03 5.198665e-04
357 8.112641e-03 5.156282e-04
358 8.046759e-03 5.114244e-04
359 7.981413e-03 5.072550e-04
360 7.916601e-03 5.031195e-04
361 7.852317e-03 4.990177e-04
362 7.788557e-03 4.949494e-04
363 7.725317e-03 4.909143e-04
364 7.662593e-03 4.869120e-04
365 7.600380e-03 4.829424e-04
366 7.538674e-03 4.790051e-04
367 7.477472e-03 4.751000e-04
368 7.416769e-03 4.712266e-04
369 7.356561e-03 4.673849e-04
370 7.296843e-03 4.635745e-04
371 7.237613e-03 4.597951e-04
372 7.178866e-03 4.560466e-04
373 7.120597e-03 4.523286e-04
374 7.062804e-03 4.486409e-04
375 7.005482e-03 4.449833e-04
376 6.948628e-03 4.413555e-04
377 6.892237e-03 4.377573e-04
378 6.836306e-03 4.341884e-04
379 6.780832e-03 4.306487e-04
380 6.725809e-03 4.271377e-04
381 6.671235e-03 4.236554e-04
382 6.617107e-03 4.202015e-04
383 6.563419e-03 4.167758e-04
384 6.510170e-03 4.133780e-04
385 6.457355e-03 4.100078e-04
386 6.404970e-03 4.066652e-04
387 6.353013e-03 4.033498e-04
388 6.301479e-03 4.000614e-04
389 6.250366e-03 3.967999e-04
390 6.199669e-03 3.935649e-04
391 6.149386e-03 3.903563e-04
392 6.099513e-03 3.871739e-04
393 6.050047e-03 3.840174e-04
394 6.000984e-03 3.808867e-04
395 5.952321e-03 3.777814e-04
396 5.904055e-03 3.747015e-04
397 5.856182e-03 3.716467e-04
398 5.808701e-03 3.686168e-04
399 5.761606e-03 3.656116e-04
400 5.714895e-03 3.626309e-04
401 5.668566e-03 3.596745e-04
402 5.622614e-03 3.567422e-04
403 5.577037e-03 3.538339e-04
404 5.531832e-03 3.509492e-04
405 5.486995e-03 3.480880e-04
406 5.442524e-03 3.452502e-04
407 5.398416e-03 3.424355e-04
408 5.354667e-03 3.396438e-04
409 5.311275e-03 3.368748e-04
410 5.268238e-03 3.341283e-04
411 5.225551e-03 3.314043e-04
412 5.183212e-03 3.287025e-04
413 5.141219e-03 3.260227e-04
414 5.099568e-03 3.233648e-04
415 5.058257e-03 3.207285e-04
416 5.017283e-03 3.181137e-04
417 4.976643e-03 3.155203e-04
418 4.936334e-03 3.129479e-04
419 4.896354e-03 3.103966e-04
420 4.856701e-03 3.078661e-04
421 4.817371e-03 3.053561e-04
422 4.778361e-03 3.028667e-04
423 4.739670e-03 3.003975e-04
424 4.701294e-03 2.979485e-04
425 4.663232e-03 2.955194e-04
426 4.625480e-03 2.931102e-04
427 4.588036e-03 2.907206e-04
428 4.550897e-03 2.883504e-04
429 4.514061e-03 2.859996e-04
430 4.477526e-03 2.836680e-04
431 4.441288e-03 2.813553e-04
432 4.405347e-03 2.790615e-04
433 4.369698e-03 2.767865e-04
434 4.334341e-03 2.745299e-04
435 4.299271e-03 2.722918e-04
436 4.264488e-03 2.700719e-04
437 4.229989e-03 2.678701e-04
438 4.195771e-03 2.656862e-04
439 4.161832e-03 2.635202e-04
440 4.128170e-03 2.613718e-04
441 4.094783e-03 2.592410e-04
442 4.061668e-03 2.571275e-04
443 4.028823e-03 2.550312e-04
444 3.996246e-03 2.529520e-04
445 3.963935e-03 2.508898e-04
446 3.931888e-03 2.488444e-04
447 3.900102e-03 2.468157e-04
448 3.868575e-03 2.448035e-04
449 3.837305e-03 2.428077e-04
450 3.806291e-03 2.408282e-04
451 3.775530e-03 2.388648e-04
452 3.745020e-03 2.369174e-04
453 3.714758e-03 2.349859e-04
454 3.684744e-03 2.330701e-04
455 3.654974e-03 2.311700e-04
456 3.625448e-03 2.292854e-04
457 3.596162e-03 2.274161e-04
458 3.567115e-03 2.255621e-04
459 3.538305e-03 2.237231e-04
460 3.509731e-03 2.218992e-04
461 3.481389e-03 2.200901e-04
462 3.453279e-03 2.182958e-04
463 3.425398e-03 2.165161e-04
464 3.397745e-03 2.147510e-04
465 3.370317e-03 2.130002e-04
466 3.343114e-03 2.112637e-04
467 3.316132e-03 2.095413e-04
468 3.289370e-03 2.078330e-04
469 3.262827e-03 2.061386e-04
470 3.236501e-03 2.044581e-04
471 3.210389e-03 2.027912e-04
472 3.184490e-03 2.011379e-04
473 3.158803e-03 1.994981e-04
474 3.133326e-03 1.978717e-04
475 3.108056e-03 1.962585e-04
476 3.082993e-03 1.946585e-04
477 3.058134e-03 1.930715e-04
478 3.033478e-03 1.914975e-04
479 3.009024e-03 1.899363e-04
480 2.984769e-03 1.883878e-04
481 2.960712e-03 1.868519e-04
482 2.936851e-03 1.853286e-04
483 2.913185e-03 1.838177e-04
484 2.889713e-03 1.823191e-04
485 2.866432e-03 1.808327e-04
486 2.843341e-03 1.793584e-04
487 2.820438e-03 1.778962e-04
488 2.797723e-03 1.764459e-04
489 2.775193e-03 1.750074e-04
490 2.752847e-03 1.735806e-04
491 2.730683e-03 1.721655e-04
492 2.708700e-03 1.707619e-04
493 2.686897e-03 1.693697e-04
494 2.665272e-03 1.679889e-04
495 2.643824e-03 1.666194e-04
496 2.622550e-03 1.652610e-04
497 2.601451e-03 1.639137e-04
498 2.580523e-03 1.625773e-04
499 2.559767e-03 1.612519e-04
500 2.539180e-03 1.599373e-04
501 2.518761e-03 1.586334e-04
502 2.498509e-03 1.573401e-04
503 2.478422e-03 1.560574e-04
504 2.458500e-03 1.547851e-04
505 2.438740e-03 1.535232e-04
506 2.419142e-03 1.522716e-04
507 2.399703e-03 1.510301e-04
508 2.380424e-03 1.497989e-04
509 2.361301e-03 1.485776e-04
510 2.342336e-03 1.473663e-04
511 2.323525e-03 1.461649e-04
512 2.304867e-03 1.449733e-04
513 2.286363e-03 1.437913e-04
514 2.268009e-03 1.426191e-04
515 2.249805e-03 1.414563e-04
516 2.231750e-03 1.403031e-04
517 2.213843e-03 1.391593e-04
518 2.196082e-03 1.380248e-04
519 2.178466e-03 1.368995e-04
520 2.160994e-03 1.357834e-04
521 2.143665e-03 1.346764e-04
522 2.126477e-03 1.335784e-04
523 2.109430e-03 1.324894e-04
524 2.092522e-03 1.314093e-04
525 2.075752e-03 1.303380e-04
526 2.059120e-03 1.292754e-04
527 2.042623e-03 1.282214e-04
528 2.026262e-03 1.271761e-04
529 2.010034e-03 1.261393e-04
530 1.993938e-03 1.251109e-04
531 1.977975e-03 1.240909e-04
532 1.962141e-03 1.230793e-04
533 1.946438e-03 1.220758e-04
534 1.930862e-03 1.210806e-04
535 1.915414e-03 1.200935e-04
536 1.900093e-03 1.191144e-04
537 1.884896e-03 1.181433e-04
538 1.869824e-03 1.171801e-04
539 1.854876e-03 1.162248e-04
540 1.840049e-03 1.152773e-04
541 1.825344e-03 1.143375e-04
542 1.810759e-03 1.134053e-04
543 1.796293e-03 1.124808e-04
544 1.781946e-03 1.115637e-04
545 1.767716e-03 1.106542e-04
546 1.753603e-03 1.097521e-04
547 1.739605e-03 1.088573e-04
548 1.725721e-03 1.079698e-04
549 1.711951e-03 1.070896e-04
550 1.698294e-03 1.062165e-04
551 1.684749e-03 1.053506e-04
552 1.671314e-03 1.044917e-04
553 1.657990e-03 1.036398e-04
554 1.644774e-03 1.027949e-04
555 1.631667e-03 1.019568e-04
556 1.618667e-03 1.011256e-04
557 1.605773e-03 1.003012e-04
558 1.592985e-03 9.948348e-05
559 1.580302e-03 9.867242e-05
560 1.567723e-03 9.786799e-05
561 1.555246e-03 9.707010e-05
562 1.542872e-03 9.627873e-05
563 1.530599e-03 9.549380e-05
564 1.518427e-03 9.471528e-05
565 1.506355e-03 9.394310e-05
566 1.494381e-03 9.317722e-05
567 1.482505e-03 9.241758e-05
568 1.470727e-03 9.166413e-05
569 1.459045e-03 9.091683e-05
570 1.447459e-03 9.017562e-05
571 1.435968e-03 8.944045e-05
572 1.424571e-03 8.871128e-05
573 1.413268e-03 8.798805e-05
574 1.402057e-03 8.727072e-05
575 1.390938e-03 8.655923e-05
576 1.379911e-03 8.585355e-05
577 1.368973e-03 8.515361e-05
578 1.358126e-03 8.445939e-05
579 1.347367e-03 8.377082e-05
580 1.336697e-03 8.308787e-05
581 1.326114e-03 8.241049e-05
582 1.315618e-03 8.173863e-05
583 1.305208e-03 8.107224e-05
584 1.294884e-03 8.041129e-05
585 1.284644e-03 7.975573e-05
586 1.274489e-03 7.910551e-05
587 1.264416e-03 7.846059e-05
588 1.254427e-03 7.782093e-05
589 1.244519e-03 7.718649e-05
590 1.234693e-03 7.655721e-05
591 1.224947e-03 7.593307e-05
592 1.215282e-03 7.531402e-05
593 1.205696e-03 7.470001e-05
594 1.196188e-03 7.409101e-05
595 1.186759e-03 7.348697e-05
596 1.177407e-03 7.288786e-05
597 1.168132e-03 7.229364e-05
598 1.158934e-03 7.170425e-05
599 1.149811e-03 7.111968e-05
600 1.140763e-03 7.053986e-05
601 1.131789e-03 6.996478e-05
602 1.122889e-03 6.939438e-05
603 1.114062e-03 6.882864e-05
604 1.105308e-03 6.826750e-05
605 1.096626e-03 6.771094e-05
606 1.088015e-03 6.715892e-05
607 1.079476e-03 6.661140e-05
608 1.071006e-03 6.606834e-05
609 1.062606e-03 6.552971e-05
610 1.054276e-03 6.499547e-05
611 1.046014e-03 6.446559e-05
612 1.037820e-03 6.394002e-05
613 1.029693e-03 6.341875e-05
614 1.021634e-03 6.290172e-05
615 1.013641e-03 6.238890e-05
616 1.005713e-03 6.188027e-05
617 9.978513e-04 6.137578e-05
618 9.900541e-04 6.087541e-05
619 9.823213e-04 6.037912e-05
620 9.746522e-04 5.988687e-05
621 9.670463e-04 5.939863e-05
622 9.595032e-04 5.891438e-05
623 9.520223e-04 5.843407e-05
624 9.446032e-04 5.795768e-05
625 9.372453e-04 5.748517e-05
626 9.299481e-04 5.701652e-05
627 9.227112e-04 5.655168e-05
628 9.155340e-04 5.609064e-05
629 9.084161e-04 5.563335e-05
630 9.013570e-04 5.517980e-05
631 8.943563e-04 5.472994e-05
632 8.874134e-04 5.428374e-05
633 8.805279e-04 5.384119e-05
634 8.736994e-04 5.340224e-05
635 8.669273e-04 5.296687e-05
636 8.602112e-04 5.253505e-05
637 8.535507e-04 5.210676e-05
638 8.469453e-04 5.168195e-05
639 8.403946e-04 5.126060e-05
640 8.338981e-04 5.084270e-05
641 8.274555e-04 5.042820e-05
642 8.210662e-04 5.001707e-05
643 8.147298e-04 4.960930e-05
644 8.084460e-04 4.920486e-05
645 8.022142e-04 4.880371e-05
646 7.960341e-04 4.840583e-05
647 7.899053e-04 4.801120e-05
648 7.838273e-04 4.761978e-05
649 7.777997e-04 4.723155e-05
650 7.718222e-04 4.684649e-05
651 7.658943e-04 4.646457e-05
652 7.600156e-04 4.608576e-05
653 7.541858e-04 4.571004e-05
654 7.484044e-04 4.533738e-05
655 7.426710e-04 4.496777e-05
656 7.369854e-04 4.460116e-05
657 7.313470e-04 4.423754e-05
658 7.257555e-04 4.387689e-05
659 7.202106e-04 4.351918e-05
660 7.147118e-04 4.316438e-05
661 7.092588e-04 4.281248e-05
662 7.038512e-04 4.246345e-05
663 6.984887e-04 4.211726e-05
664 6.931708e-04 4.177389e-05
665 6.878973e-04 4.143333e-05
666 6.826678e-04 4.109554e-05
667 6.774819e-04 4.076050e-05
668 6.723393e-04 4.042819e-05
669 6.672397e-04 4.009860e-05
670 6.621826e-04 3.977169e-05
671 6.571678e-04 3.944745e-05
672 6.521949e-04 3.912585e-05
673 6.472635e-04 3.880687e-05
674 6.423734e-04 3.849049e-05
675 6.375243e-04 3.817669e-05
676 6.327157e-04 3.786545e-05
677 6.279474e-04 3.755675e-05
678 6.232190e-04 3.725056e-05
679 6.185302e-04 3.694687e-05
680 6.138808e-04 3.664566e-05
681 6.092703e-04 3.634690e-05
682 6.046986e-04 3.605058e-05
683 6.001652e-04 3.575667e-05
684 5.956699e-04 3.546516e-05
685 5.912123e-04 3.517603e-05
686 5.867922e-04 3.488925e-05
687 5.824093e-04 3.460481e-05
688 5.780632e-04 3.432269e-05
689 5.737538e-04 3.404287e-05
690 5.694806e-04 3.376533e-05
691 5.652434e-04 3.349006e-05
692 5.610419e-04 3.321702e-05
693 5.568758e-04 3.294622e-05
694 5.527449e-04 3.267762e-05
695 5.486488e-04 3.241121e-05
696 5.445874e-04 3.214698e-05
697 5.405602e-04 3.188489e-05
698 5.365671e-04 3.162495e-05
699 5.326078e-04 3.136712e-05
700 5.286819e-04 3.111140e-05
701 5.247893e-04 3.085776e-05
702 5.209297e-04 3.060619e-05
703 5.171027e-04 3.035667e-05
704 5.133083e-04 3.010918e-05
705 5.095460e-04 2.986371e-05
706 5.058156e-04 2.962024e-05
707 5.021170e-04 2.937876e-05
708 4.984497e-04 2.913925e-05
709 4.948137e-04 2.890168e-05
710 4.912086e-04 2.866606e-05
711 4.876341e-04 2.843236e-05
712 4.840902e-04 2.820056e-05
713 4.805764e-04 2.797065e-05
714 4.770926e-04 2.774262e-05
715 4.736386e-04 2.751644e-05
716 4.702140e-04 2.729211e-05
717 4.668187e-04 2.706961e-05
718 4.634524e-04 2.684892e-05
719 4.601150e-04 2.663003e-05
720 4.568061e-04 2.641293e-05
721 4.535255e-04 2.619759e-05
722 4.502731e-04 2.598401e-05
723 4.470486e-04 2.577217e-05
724 4.438518e-04 2.556206e-05
725 4.406824e-04 2.535366e-05
726 4.375403e-04 2.514697e-05
727 4.344252e-04 2.494195e-05
728 4.313370e-04 2.473861e-05
729 4.282753e-04 2.453693e-05
730 4.252401e-04 2.433689e-05
731 4.222310e-04 2.413848e-05
732 4.192479e-04 2.394168e-05
733 4.162906e-04 2.374650e-05
734 4.133589e-04 2.355290e-05
735 4.104525e-04 2.336088e-05
736 4.075714e-04 2.317043e-05
737 4.047152e-04 2.298153e-05
738 4.018838e-04 2.279417e-05
739 3.990769e-04 2.260834e-05
740 3.962945e-04 2.242402e-05
741 3.935363e-04 2.224121e-05
742 3.908020e-04 2.205988e-05
743 3.880916e-04 2.188004e-05
744 3.854048e-04 2.170166e-05
745 3.827415e-04 2.152473e-05
746 3.801015e-04 2.134925e-05
747 3.774845e-04 2.117520e-05
748 3.748904e-04 2.100256e-05
749 3.723190e-04 2.083134e-05
750 3.697702e-04 2.066151e-05
751 3.672438e-04 2.049306e-05
752 3.647395e-04 2.032599e-05
753 3.622572e-04 2.016028e-05
754 3.597968e-04 1.999592e-05
755 3.573581e-04 1.983290e-05
756 3.549408e-04 1.967121e-05
757 3.525449e-04 1.951084e-05
758 3.501702e-04 1.935177e-05
759 3.478164e-04 1.919401e-05
760 3.454835e-04 1.903752e-05
761 3.431713e-04 1.888232e-05
762 3.408795e-04 1.872838e-05
763 3.386081e-04 1.857569e-05
764 3.363569e-04 1.842425e-05
765 3.341257e-04 1.827405e-05
766 3.319144e-04 1.812506e-05
767 3.297228e-04 1.797730e-05
768 3.275507e-04 1.783074e-05
769 3.253981e-04 1.768537e-05
770 3.232647e-04 1.754119e-05
771 3.211504e-04 1.739818e-05
772 3.190551e-04 1.725634e-05
773 3.169786e-04 1.711565e-05
774 3.149207e-04 1.697612e-05
775 3.128813e-04 1.683772e-05
776 3.108603e-04 1.670045e-05
777 3.088575e-04 1.656429e-05
778 3.068728e-04 1.642925e-05
779 3.049061e-04 1.629531e-05
780 3.029571e-04 1.616246e-05
781 3.010258e-04 1.603069e-05
782 2.991119e-04 1.590000e-05
783 2.972155e-04 1.577037e-05
784 2.953363e-04 1.564180e-05
785 2.934742e-04 1.551428e-05
786 2.916291e-04 1.538780e-05
787 2.898008e-04 1.526235e-05
788 2.879892e-04 1.513792e-05
789 2.861941e-04 1.501451e-05
790 2.844155e-04 1.489210e-05
791 2.826533e-04 1.477069e-05
792 2.809072e-04 1.465027e-05
793 2.791771e-04 1.453083e-05
794 2.774630e-04 1.441237e-05
795 2.757647e-04 1.429487e-05
796 2.740820e-04 1.417833e-05
797 2.724149e-04 1.406274e-05
798 2.707632e-04 1.394809e-05
799 2.691269e-04 1.383438e-05
800 2.675057e-04 1.372159e-05
801 2.658996e-04 1.360972e-05
802 2.643084e-04 1.349877e-05
803 2.627320e-04 1.338872e-05
804 2.611704e-04 1.327956e-05
805 2.596233e-04 1.317130e-05
806 2.580907e-04 1.306392e-05
807 2.565725e-04 1.295742e-05
808 2.550685e-04 1.285178e-05
809 2.535787e-04 1.274700e-05
810 2.521028e-04 1.264308e-05
811 2.506409e-04 1.254001e-05
812 2.491928e-04 1.243777e-05
813 2.477583e-04 1.233637e-05
814 2.463374e-04 1.223580e-05
815 2.449300e-04 1.213604e-05
816 2.435359e-04 1.203710e-05
817 2.421551e-04 1.193897e-05
818 2.407874e-04 1.184164e-05
819 2.394328e-04 1.174510e-05
820 2.380910e-04 1.164934e-05
821 2.367621e-04 1.155437e-05
822 2.354460e-04 1.146017e-05
823 2.341424e-04 1.136674e-05
824 2.328514e-04 1.127407e-05
825 2.315728e-04 1.118216e-05
826 2.303064e-04 1.109099e-05
827 2.290524e-04 1.100057e-05
828 2.278104e-04 1.091089e-05
829 2.265804e-04 1.082194e-05
830 2.253624e-04 1.073371e-05
831 2.241561e-04 1.064620e-05
832 2.229616e-04 1.055941e-05
833 2.217787e-04 1.047332e-05
834 2.206074e-04 1.038794e-05
835 2.194475e-04 1.030325e-05
836 2.182989e-04 1.021925e-05
837 2.171616e-04 1.013594e-05
838 2.160354e-04 1.005330e-05
839 2.149203e-04 9.971340e-06
840 2.138161e-04 9.890048e-06
841 2.127229e-04 9.809418e-06
842 2.116404e-04 9.729445e-06
843 2.105686e-04 9.650125e-06
844 2.095075e-04 9.571451e-06
845 2.084568e-04 9.493419e-06
846 2.074166e-04 9.416022e-06
847 2.063867e-04 9.339257e-06
848 2.053671e-04 9.263118e-06
849 2.043577e-04 9.187599e-06
850 2.033584e-04 9.112696e-06
851 2.023690e-04 9.038404e-06
852 2.013896e-04 8.964717e-06
853 2.004200e-04 8.891631e-06
854 1.994601e-04 8.819141e-06
855 1.985099e-04 8.747242e-06
856 1.975693e-04 8.675929e-06
857 1.966382e-04 8.605197e-06
858 1.957165e-04 8.535042e-06
859 1.948041e-04 8.465459e-06
860 1.939011e-04 8.396444e-06
861 1.930071e-04 8.327990e-06
862 1.921223e-04 8.260096e-06
863 1.912465e-04 8.192754e-06
864 1.903796e-04 8.125962e-06
865 1.895216e-04 8.059714e-06
866 1.886724e-04 7.994006e-06
867 1.878319e-04 7.928834e-06
868 1.870001e-04 7.864193e-06
869 1.861767e-04 7.800079e-06
870 1.853619e-04 7.736488e-06
871 1.845555e-04 7.673415e-06
872 1.837574e-04 7.610857e-06
873 1.829675e-04 7.548809e-06
874 1.821859e-04 7.487266e-06
875 1.814124e-04 7.426225e-06
876 1.806469e-04 7.365682e-06
877 1.798893e-04 7.305632e-06
878 1.791397e-04 7.246072e-06
879 1.783979e-04 7.186998e-06
880 1.776638e-04 7.128405e-06
881 1.769374e-04 7.070290e-06
882 1.762187e-04 7.012648e-06
883 1.755075e-04 6.955477e-06
884 1.748037e-04 6.898771e-06
885 1.741074e-04 6.842528e-06
886 1.734184e-04 6.786744e-06
887 1.727367e-04 6.731414e-06
888 1.720622e-04 6.676535e-06
889 1.713949e-04 6.622104e-06
890 1.707346e-04 6.568116e-06
891 1.700813e-04 6.514569e-06
892 1.694350e-04 6.461458e-06
893 1.687955e-04 6.408780e-06
894 1.681629e-04 6.356532e-06
895 1.675370e-04 6.304710e-06
896 1.669178e-04 6.253310e-06
897 1.663052e-04 6.202329e-06
898 1.656992e-04 6.151764e-06
899 1.650997e-04 6.101611e-06
900 1.645067e-04 6.051866e-06
901 1.639200e-04 6.002528e-06
902 1.633396e-04 5.953591e-06
903 1.627655e-04 5.905054e-06
904 1.621976e-04 5.856912e-06
905 1.616358e-04 5.809163e-06
906 1.610801e-04 5.761803e-06
907 1.605305e-04 5.714829e-06
908 1.599868e-04 5.668239e-06
909 1.594490e-04 5.622028e-06
910 1.589170e-04 5.576193e-06
911 1.583908e-04 5.530733e-06
912 1.578704e-04 5.485643e-06
913 1.573556e-04 5.440920e-06
914 1.568465e-04 5.396563e-06
915 1.563429e-04 5.352566e-06
916 1.558449e-04 5.308929e-06
917 1.553523e-04 5.265647e-06
918 1.548651e-04 5.222718e-06
919 1.543833e-04 5.180140e-06
920 1.539067e-04 5.137908e-06
921 1.534354e-04 5.096020e-06
922 1.529693e-04 5.054475e-06
923 1.525083e-04 5.013267e-06
924 1.520525e-04 4.972396e-06
925 1.516016e-04 4.931858e-06
926 1.511558e-04 4.891650e-06
927 1.507148e-04 4.851771e-06
928 1.502788e-04 4.812216e-06
929 1.498476e-04 4.772984e-06
930 1.494212e-04 4.734071e-06
931 1.489995e-04 4.695476e-06
932 1.485825e-04 4.657196e-06
933 1.481701e-04 4.619228e-06
934 1.477624e-04 4.581569e-06
935 1.473592e-04 4.544217e-06
936 1.469604e-04 4.507170e-06
937 1.465662e-04 4.470424e-06
938 1.461763e-04 4.433979e-06
939 1.457908e-04 4.397830e-06
940 1.454096e-04 4.361976e-06
941 1.450327e-04 4.326415e-06
942 1.446600e-04 4.291143e-06
943 1.442915e-04 4.256159e-06
944 1.439271e-04 4.221460e-06
945 1.435668e-04 4.187044e-06
946 1.432106e-04 4.152909e-06
947 1.428584e-04 4.119052e-06
948 1.425101e-04 4.085471e-06
949 1.421658e-04 4.052163e-06
950 1.418253e-04 4.019128e-06
951 1.414887e-04 3.986361e-06
952 1.411558e-04 3.953862e-06
953 1.408268e-04 3.921627e-06
954 1.405014e-04 3.889656e-06
955 1.401797e-04 3.857945e-06
956 1.398617e-04 3.826493e-06
957 1.395472e-04 3.795297e-06
958 1.392363e-04 3.764355e-06
959 1.389290e-04 3.733666e-06
960 1.386251e-04 3.703227e-06
961 1.383246e-04 3.673036e-06
962 1.380276e-04 3.643091e-06
963 1.377339e-04 3.613390e-06
964 1.374436e-04 3.583931e-06
965 1.371565e-04 3.554713e-06
966 1.368727e-04 3.525733e-06
967 1.365922e-04 3.496989e-06
968 1.363148e-04 3.468479e-06
969 1.360406e-04 3.440202e-06
970 1.357695e-04 3.412155e-06
971 1.355015e-04 3.384337e-06
972 1.352365e-04 3.356746e-06
973 1.349745e-04 3.329380e-06
974 1.347156e-04 3.302236e-06
975 1.344595e-04 3.275315e-06
976 1.342064e-04 3.248612e-06
977 1.339562e-04 3.222127e-06
978 1.337088e-04 3.195859e-06
979 1.334643e-04 3.169804e-06
980 1.332225e-04 3.143962e-06
981 1.329835e-04 3.118330e-06
982 1.327472e-04 3.092908e-06
983 1.325136e-04 3.067692e-06
984 1.322826e-04 3.042683e-06
985 1.320543e-04 3.017877e-06
986 1.318286e-04 2.993273e-06
987 1.316055e-04 2.968870e-06
988 1.313849e-04 2.944666e-06
989 1.311669e-04 2.920659e-06
990 1.309513e-04 2.896848e-06
991 1.307382e-04 2.873231e-06
992 1.305275e-04 2.849807e-06
993 1.303192e-04 2.826574e-06
994 1.301133e-04 2.803530e-06
995 1.299097e-04 2.780673e-06
996 1.297085e-04 2.758004e-06
997 1.295095e-04 2.735519e-06
998 1.293129e-04 2.713217e-06
999 1.291184e-04 2.691097e-06
1000 1.289262e-04 2.669158e-06
1001 1.287362e-04 2.647397e-06
1002 1.285483e-04 2.625814e-06
1003 1.283626e-04 2.604407e-06
1004 1.281790e-04 2.583174e-06
1005 1.279975e-04 2.562114e-06
1006 1.278180e-04 2.541226e-06
1007 1.276406e-04 2.520509e-06
1008 1.274653e-04 2.499960e-06
1009 1.272919e-04 2.479579e-06
1010 1.271205e-04 2.459364e-06
1011 1.269510e-04 2.439313e-06
1012 1.267835e-04 2.419426e-06
1013 1.266178e-04 2.399702e-06
1014 1.264541e-04 2.380138e-06
1015 1.262922e-04 2.360734e-06
1016 1.261321e-04 2.341487e-06
1017 1.259739e-04 2.322398e-06
1018 1.258175e-04 2.303464e-06
1019 1.256628e-04 2.284685e-06
1020 1.255099e-04 2.266059e-06
1021 1.253587e-04 2.247585e-06
1022 1.252093e-04 2.229261e-06
1023 1.250615e-04 2.211087e-06
1024 1.249154e-04 2.193061e-06
1025 1.247710e-04 2.175181e-06
1026 1.246282e-04 2.157448e-06
1027 1.244870e-04 2.139859e-06
1028 1.243474e-04 2.122414e-06
1029 1.242094e-04 2.105110e-06
1030 1.240729e-04 2.087948e-06
1031 1.239380e-04 2.070926e-06
1032 1.238046e-04 2.054042e-06
1033 1.236727e-04 2.037297e-06
1034 1.235423e-04 2.020687e-06
1035 1.234134e-04 2.004213e-06
1036 1.232859e-04 1.987874e-06
1037 1.231599e-04 1.971667e-06
1038 1.230353e-04 1.955593e-06
1039 1.229120e-04 1.939650e-06
1040 1.227902e-04 1.923837e-06
1041 1.226697e-04 1.908152e-06
1042 1.225506e-04 1.892596e-06
1043 1.224328e-04 1.877166e-06
1044 1.223164e-04 1.861862e-06
1045 1.222012e-04 1.846683e-06
1046 1.220873e-04 1.831628e-06
1047 1.219748e-04 1.816696e-06
1048 1.218634e-04 1.801885e-06
1049 1.217533e-04 1.787195e-06
1050 1.216445e-04 1.772624e-06
1051 1.215368e-04 1.758173e-06
1052 1.214304e-04 1.743839e-06
1053 1.213251e-04 1.729622e-06
1054 1.212210e-04 1.715521e-06
1055 1.211181e-04 1.701535e-06
1056 1.210163e-04 1.687663e-06
1057 1.209157e-04 1.673904e-06
1058 1.208162e-04 1.660258e-06
1059 1.207177e-04 1.646722e-06
1060 1.206204e-04 1.633297e-06
1061 1.205241e-04 1.619981e-06
1062 1.204289e-04 1.606774e-06
1063 1.203348e-04 1.593675e-06
1064 1.202417e-04 1.580682e-06
1065 1.201496e-04 1.567796e-06
1066 1.200586e-04 1.555014e-06
1067 1.199685e-04 1.542336e-06
1068 1.198795e-04 1.529762e-06
1069 1.197914e-04 1.517291e-06
1070 1.197043e-04 1.504921e-06
1071 1.196182e-04 1.492652e-06
1072 1.195330e-04 1.480483e-06
1073 1.194487e-04 1.468413e-06
1074 1.193654e-04 1.456442e-06
1075 1.192829e-04 1.444568e-06
1076 1.192014e-04 1.432791e-06
1077 1.191208e-04 1.421110e-06
1078 1.190410e-04 1.409524e-06
1079 1.189622e-04 1.398033e-06
1080 1.188841e-04 1.386635e-06
1081 1.188070e-04 1.375330e-06
1082 1.187307e-04 1.364118e-06
1083 1.186552e-04 1.352997e-06
1084 1.185805e-04 1.341966e-06
1085 1.185066e-04 1.331026e-06
1086 1.184336e-04 1.320174e-06
1087 1.183613e-04 1.309411e-06
1088 1.182898e-04 1.298736e-06
1089 1.182191e-04 1.288148e-06
1090 1.181492e-04 1.277646e-06
1091 1.180800e-04 1.267230e-06
1092 1.180115e-04 1.256899e-06
1093 1.179438e-04 1.246652e-06
1094 1.178768e-04 1.236488e-06
1095 1.178106e-04 1.226408e-06
1096 1.177450e-04 1.216409e-06
1097 1.176802e-04 1.206492e-06
1098 1.176161e-04 1.196656e-06
1099 1.175526e-04 1.186900e-06
1100 1.174898e-04 1.177224e-06
1101 1.174277e-04 1.167627e-06
1102 1.173663e-04 1.158107e-06
1103 1.173055e-04 1.148666e-06
1104 1.172454e-04 1.139301e-06
1105 1.171859e-04 1.130013e-06
1106 1.171271e-04 1.120800e-06
1107 1.170688e-04 1.111663e-06
1108 1.170112e-04 1.102600e-06
1109 1.169542e-04 1.093611e-06
1110 1.168978e-04 1.084695e-06
1111 1.168420e-04 1.075852e-06
1112 1.167868e-04 1.067081e-06
1113 1.167322e-04 1.058381e-06
1114 1.166782e-04 1.049753e-06
1115 1.166247e-04 1.041195e-06
1116 1.165718e-04 1.032706e-06
1117 1.165194e-04 1.024287e-06
1118 1.164676e-04 1.015936e-06
1119 1.164164e-04 1.007654e-06
1120 1.163657e-04 9.994386e-07
1121 1.163155e-04 9.912906e-07
1122 1.162658e-04 9.832090e-07
1123 1.162167e-04 9.751932e-07
1124 1.161681e-04 9.672428e-07
1125 1.161200e-04 9.593573e-07
1126 1.160724e-04 9.515360e-07
1127 1.160253e-04 9.437785e-07
1128 1.159786e-04 9.360842e-07
1129 1.159325e-04 9.284527e-07
1130 1.158868e-04 9.208833e-07
1131 1.158417e-04 9.133757e-07
1132 1.157969e-04 9.059293e-07
1133 1.157527e-04 8.985436e-07
1134 1.157089e-04 8.912181e-07
1135 1.156656e-04 8.839524e-07
1136 1.156227e-04 8.767458e-07
1137 1.155802e-04 8.695981e-07
1138 1.155382e-04 8.625086e-07
1139 1.154966e-04 8.554768e-07
1140 1.154555e-04 8.485025e-07
1141 1.154148e-04 8.415849e-07
1142 1.153745e-04 8.347238e-07
1143 1.153346e-04 8.279186e-07
1144 1.152951e-04 8.211689e-07
1145 1.152560e-04 8.144742e-07
1146 1.152173e-04 8.078341e-07
1147 1.151790e-04 8.012482e-07
1148 1.151412e-04 7.947159e-07
1149 1.151036e-04 7.882369e-07
1150 1.150665e-04 7.818107e-07
1151 1.150298e-04 7.754369e-07
1152 1.149934e-04 7.691150e-07
1153 1.149574e-04 7.628447e-07
1154 1.149218e-04 7.566255e-07
1155 1.148865e-04 7.504571e-07
1156 1.148516e-04 7.443389e-07
1157 1.148170e-04 7.382705e-07
1158 1.147828e-04 7.322517e-07
1159 1.147489e-04 7.262819e-07
1160 1.147154e-04 7.203608e-07
1161 1.146822e-04 7.144880e-07
1162 1.146493e-04 7.086631e-07
1163 1.146168e-04 7.028856e-07
1164 1.145846e-04 6.971552e-07
1165 1.145527e-04 6.914716e-07
1166 1.145212e-04 6.858343e-07
1167 1.144899e-04 6.802429e-07
1168 1.144590e-04 6.746972e-07
1169 1.144284e-04 6.691966e-07
1170 1.143981e-04 6.637409e-07
1171 1.143681e-04 6.583297e-07
1172 1.143384e-04 6.529626e-07
1173 1.143089e-04 6.476392e-07
1174 1.142798e-04 6.423592e-07
1175 1.142510e-04 6.371223e-07
1176 1.142224e-04 6.319281e-07
1177 1.141942e-04 6.267762e-07
1178 1.141662e-04 6.216664e-07
1179 1.141385e-04 6.165982e-07
1180 1.141110e-04 6.115713e-07
1181 1.140839e-04 6.065854e-07
1182 1.140570e-04 6.016401e-07
1183 1.140304e-04 5.967351e-07
1184 1.140040e-04 5.918702e-07
1185 1.139779e-04 5.870449e-07
1186 1.139520e-04 5.822589e-07
1187 1.139264e-04 5.775120e-07
1188 1.139011e-04 5.728038e-07
1189 1.138760e-04 5.681339e-07
1190 1.138511e-04 5.635021e-07
1191 1.138265e-04 5.589081e-07
1192 1.138021e-04 5.543515e-07
1193 1.137780e-04 5.498321e-07
1194 1.137541e-04 5.453496e-07
1195 1.137304e-04 5.409035e-07
1196 1.137070e-04 5.364937e-07
1197 1.136838e-04 5.321199e-07
1198 1.136608e-04 5.277817e-07
1199 1.136381e-04 5.234789e-07
1200 1.136155e-04 5.192112e-07
1201 1.135932e-04 5.149783e-07
1202 1.135711e-04 5.107798e-07
1203 1.135492e-04 5.066156e-07
1204 1.135275e-04 5.024854e-07
1205 1.135061e-04 4.983888e-07
1206 1.134848e-04 4.943257e-07
1207 1.134637e-04 4.902956e-07
1208 1.134429e-04 4.862984e-07
1209 1.134222e-04 4.823338e-07
1210 1.134018e-04 4.784015e-07
1211 1.133815e-04 4.745013e-07
1212 1.133614e-04 4.706329e-07
1213 1.133416e-04 4.667960e-07
1214 1.133219e-04 4.629904e-07
1215 1.133024e-04 4.592158e-07
1216 1.132831e-04 4.554720e-07
1217 1.132640e-04 4.517587e-07
1218 1.132450e-04 4.480756e-07
1219 1.132263e-04 4.444227e-07
1220 1.132077e-04 4.407994e-07
1221 1.131893e-04 4.372058e-07
1222 1.131710e-04 4.336414e-07
1223 1.131530e-04 4.301061e-07
1224 1.131351e-04 4.265996e-07
1225 1.131174e-04 4.231217e-07
1226 1.130998e-04 4.196721e-07
1227 1.130824e-04 4.162507e-07
1228 1.130652e-04 4.128572e-07
1229 1.130481e-04 4.094913e-07
1230 1.130312e-04 4.061529e-07
1231 1.130145e-04 4.028417e-07
1232 1.129979e-04 3.995574e-07
1233 1.129815e-04 3.963000e-07
1234 1.129652e-04 3.930691e-07
1235 1.129491e-04 3.898646e-07
1236 1.129331e-04 3.866862e-07
1237 1.129173e-04 3.835336e-07
1238 1.129017e-04 3.804068e-07
1239 1.128861e-04 3.773055e-07
1240 1.128708e-04 3.742295e-07
1241 1.128555e-04 3.711785e-07
1242 1.128404e-04 3.681525e-07
1243 1.128255e-04 3.651511e-07
1244 1.128107e-04 3.621741e-07
1245 1.127960e-04 3.592215e-07
1246 1.127815e-04 3.562929e-07
1247 1.127671e-04 3.533881e-07
1248 1.127528e-04 3.505071e-07
1249 1.127386e-04 3.476495e-07
1250 1.127246e-04 3.448153e-07
1251 1.127108e-04 3.420041e-07
1252 1.126970e-04 3.392159e-07
1253 1.126834e-04 3.364504e-07
1254 1.126699e-04 3.337075e-07
1255 1.126565e-04 3.309869e-07
1256 1.126433e-04 3.282884e-07
1257 1.126302e-04 3.256120e-07
1258 1.126172e-04 3.229574e-07
1259 1.126043e-04 3.203245e-07
1260 1.125915e-04 3.177130e-07
1261 1.125789e-04 3.151228e-07
1262 1.125663e-04 3.125537e-07
1263 1.125539e-04 3.100056e-07
1264 1.125416e-04 3.074782e-07
1265 1.125294e-04 3.049715e-07
1266 1.125174e-04 3.024852e-07
1267 1.125054e-04 3.000191e-07
1268 1.124935e-04 2.975732e-07
1269 1.124818e-04 2.951472e-07
1270 1.124701e-04 2.927410e-07
1271 1.124586e-04 2.903544e-07
1272 1.124472e-04 2.879872e-07
1273 1.124358e-04 2.856393e-07
1274 1.124246e-04 2.833106e-07
1275 1.124135e-04 2.810009e-07
1276 1.124025e-04 2.787100e-07
1277 1.123916e-04 2.764378e-07
1278 1.123807e-04 2.741841e-07
1279 1.123700e-04 2.719488e-07
1280 1.123594e-04 2.697317e-07
1281 1.123489e-04 2.675327e-07
1282 1.123384e-04 2.653516e-07
1283 1.123281e-04 2.631883e-07
1284 1.123178e-04 2.610426e-07
1285 1.123077e-04 2.589144e-07
1286 1.122976e-04 2.568036e-07
1287 1.122877e-04 2.547100e-07
1288 1.122778e-04 2.526334e-07
1289 1.122680e-04 2.505738e-07
1290 1.122583e-04 2.485309e-07
1291 1.122487e-04 2.465048e-07
1292 1.122391e-04 2.444951e-07
1293 1.122297e-04 2.425018e-07
1294 1.122203e-04 2.405248e-07
1295 1.122110e-04 2.385639e-07
1296 1.122019e-04 2.366190e-07
1297 1.121927e-04 2.346899e-07
1298 1.121837e-04 2.327766e-07
1299 1.121748e-04 2.308788e-07
1300 1.121659e-04 2.289966e-07
1301 1.121571e-04 2.271296e-07
1302 1.121484e-04 2.252779e-07
1303 1.121398e-04 2.234413e-07
1304 1.121312e-04 2.216197e-07
1305 1.121227e-04 2.198129e-07
1306 1.121143e-04 2.180209e-07
1307 1.121060e-04 2.162434e-07
1308 1.120977e-04 2.144805e-07
1309 1.120896e-04 2.127319e-07
1310 1.120815e-04 2.109976e-07
1311 1.120734e-04 2.092774e-07
1312 1.120655e-04 2.075712e-07
1313 1.120576e-04 2.058790e-07
1314 1.120497e-04 2.042005e-07
1315 1.120420e-04 2.025358e-07
1316 1.120343e-04 2.008846e-07
1317 1.120267e-04 1.992468e-07
1318 1.120191e-04 1.976224e-07
1319 1.120116e-04 1.960113e-07
1320 1.120042e-04 1.944133e-07
1321 1.119969e-04 1.928283e-07
1322 1.119896e-04 1.912563e-07
1323 1.119824e-04 1.896970e-07
1324 1.119752e-04 1.881505e-07
1325 1.119681e-04 1.866166e-07
1326 1.119611e-04 1.850951e-07
1327 1.119541e-04 1.835861e-07
1328 1.119472e-04 1.820894e-07
1329 1.119403e-04 1.806049e-07
1330 1.119335e-04 1.791325e-07
1331 1.119268e-04 1.776721e-07
1332 1.119201e-04 1.762236e-07
1333 1.119135e-04 1.747869e-07
1334 1.119070e-04 1.733620e-07
1335 1.119005e-04 1.719486e-07
1336 1.118940e-04 1.705468e-07
1337 1.118877e-04 1.691564e-07
1338 1.118813e-04 1.677773e-07
1339 1.118751e-04 1.664095e-07
1340 1.118688e-04 1.650528e-07
1341 1.118627e-04 1.637072e-07
1342 1.118566e-04 1.623726e-07
1343 1.118505e-04 1.610488e-07
1344 1.118445e-04 1.597358e-07
1345 1.118386e-04 1.584336e-07
1346 1.118327e-04 1.571419e-07
1347 1.118268e-04 1.558608e-07
1348 1.118210e-04 1.545901e-07
1349 1.118153e-04 1.533298e-07
1350 1.118096e-04 1.520798e-07
1351 1.118039e-04 1.508399e-07
1352 1.117983e-04 1.496102e-07
1353 1.117928e-04 1.483905e-07
1354 1.117873e-04 1.471807e-07
1355 1.117818e-04 1.459808e-07
1356 1.117764e-04 1.447906e-07
1357 1.117711e-04 1.436102e-07
1358 1.117658e-04 1.424394e-07
1359 1.117605e-04 1.412782e-07
1360 1.117553e-04 1.401264e-07
1361 1.117501e-04 1.389840e-07
1362 1.117450e-04 1.378509e-07
1363 1.117399e-04 1.367271e-07
1364 1.117348e-04 1.356124e-07
1365 1.117298e-04 1.345068e-07
1366 1.117249e-04 1.334102e-07
1367 1.117200e-04 1.323225e-07
1368 1.117151e-04 1.312438e-07
1369 1.117103e-04 1.301738e-07
1370 1.117055e-04 1.291125e-07
1371 1.117007e-04 1.280599e-07
1372 1.116960e-04 1.270159e-07
1373 1.116914e-04 1.259804e-07
1374 1.116867e-04 1.249533e-07
1375 1.116822e-04 1.239346e-07
1376 1.116776e-04 1.229242e-07
1377 1.116731e-04 1.219221e-07
1378 1.116686e-04 1.209281e-07
1379 1.116642e-04 1.199422e-07
1380 1.116598e-04 1.189644e-07
1381 1.116555e-04 1.179945e-07
1382 1.116512e-04 1.170325e-07
1383 1.116469e-04 1.160784e-07
1384 1.116426e-04 1.151321e-07
1385 1.116384e-04 1.141934e-07
1386 1.116343e-04 1.132625e-07
1387 1.116301e-04 1.123391e-07
1388 1.116260e-04 1.114232e-07
1389 1.116220e-04 1.105148e-07
1390 1.116179e-04 1.096138e-07
1391 1.116139e-04 1.087202e-07
1392 1.116100e-04 1.078338e-07
1393 1.116061e-04 1.069547e-07
1394 1.116022e-04 1.060828e-07
1395 1.115983e-04 1.052179e-07
1396 1.115945e-04 1.043601e-07
1397 1.115907e-04 1.035093e-07
1398 1.115869e-04 1.026654e-07
1399 1.115832e-04 1.018284e-07
1400 1.115795e-04 1.009983e-07
1401 1.115758e-04 1.001749e-07
1402 1.115722e-04 9.935817e-08
1403 1.115686e-04 9.854814e-08
1404 1.115650e-04 9.774471e-08
1405 1.115615e-04 9.694783e-08
1406 1.115580e-04 9.615746e-08
1407 1.115545e-04 9.537352e-08
1408 1.115510e-04 9.459598e-08
1409 1.115476e-04 9.382477e-08
1410 1.115442e-04 9.305985e-08
1411 1.115409e-04 9.230117e-08
1412 1.115375e-04 9.154867e-08
1413 1.115342e-04 9.080231e-08
1414 1.115309e-04 9.006203e-08
1415 1.115277e-04 8.932779e-08
1416 1.115245e-04 8.859954e-08
1417 1.115213e-04 8.787722e-08
1418 1.115181e-04 8.716079e-08
1419 1.115149e-04 8.645020e-08
1420 1.115118e-04 8.574540e-08
1421 1.115087e-04 8.504635e-08
1422 1.115057e-04 8.435300e-08
1423 1.115026e-04 8.366530e-08
1424 1.114996e-04 8.298321e-08
1425 1.114966e-04 8.230668e-08
1426 1.114937e-04 8.163567e-08
1427 1.114907e-04 8.097012e-08
1428 1.114878e-04 8.031000e-08
1429 1.114849e-04 7.965527e-08
1430 1.114821e-04 7.900587e-08
1431 1.114792e-04 7.836176e-08
1432 1.114764e-04 7.772291e-08
1433 1.114736e-04 7.708926e-08
1434 1.114709e-04 7.646078e-08
1435 1.114681e-04 7.583743e-08
1436 1.114654e-04 7.521915e-08
1437 1.114627e-04 7.460592e-08
1438 1.114600e-04 7.399768e-08
1439 1.114574e-04 7.339441e-08
1440 1.114547e-04 7.279605e-08
1441 1.114521e-04 7.220257e-08
1442 1.114495e-04 7.161393e-08
1443 1.114470e-04 7.103009e-08
1444 1.114444e-04 7.045101e-08
1445 1.114419e-04 6.987665e-08
1446 1.114394e-04 6.930697e-08
1447 1.114369e-04 6.874194e-08
1448 1.114345e-04 6.818151e-08
1449 1.114320e-04 6.762565e-08
1450 1.114296e-04 6.707433e-08
1451 1.114272e-04 6.652749e-08
1452 1.114249e-04 6.598512e-08
1453 1.114225e-04 6.544717e-08
1454 1.114202e-04 6.491360e-08
1455 1.114178e-04 6.438439e-08
1456 1.114155e-04 6.385949e-08
1457 1.114133e-04 6.333886e-08
1458 1.114110e-04 6.282249e-08
1459 1.114088e-04 6.231032e-08
1460 1.114065e-04 6.180232e-08
1461 1.114043e-04 6.129847e-08
1462 1.114022e-04 6.079873e-08
1463 1.114000e-04 6.030306e-08
1464 1.113978e-04 5.981143e-08
1465 1.113957e-04 5.932381e-08
1466 1.113936e-04 5.884017e-08
1467 1.113915e-04 5.836047e-08
1468 1.113894e-04 5.788468e-08
1469 1.113874e-04 5.741276e-08
1470 1.113853e-04 5.694470e-08
1471 1.113833e-04 5.648045e-08
1472 1.113813e-04 5.601999e-08
1473 1.113793e-04 5.556328e-08
1474 1.113773e-04 5.511029e-08
1475 1.113754e-04 5.466100e-08
1476 1.113734e-04 5.421537e-08
1477 1.113715e-04 5.377337e-08
1478 1.113696e-04 5.333497e-08
1479 1.113677e-04 5.290015e-08
1480 1.113658e-04 5.246888e-08
1481 1.113640e-04 5.204112e-08
1482 1.113621e-04 5.161685e-08
1483 1.113603e-04 5.119604e-08
1484 1.113585e-04 5.077865e-08
1485 1.113567e-04 5.036468e-08
1486 1.113549e-04 4.995407e-08
1487 1.113531e-04 4.954681e-08
1488 1.113513e-04 4.914288e-08
1489 1.113496e-04 4.874223e-08
1490 1.113479e-04 4.834486e-08
1491 1.113462e-04 4.795072e-08
1492 1.113445e-04 4.755980e-08
1493 1.113428e-04 4.717206e-08
1494 1.113411e-04 4.678748e-08
1495 1.113395e-04 4.640604e-08
1496 1.113378e-04 4.602771e-08
1497 1.113362e-04 4.565246e-08
1498 1.113346e-04 4.528028e-08
1499 1.113330e-04 4.491112e-08
1500 1.113314e-04 4.454498e-08
1501 1.113298e-04 4.418182e-08
1502 1.113282e-04 4.382162e-08
1503 1.113267e-04 4.346436e-08
1504 1.113252e-04 4.311001e-08
1505 1.113236e-04 4.275855e-08
1506 1.113221e-04 4.240996e-08
1507 1.113206e-04 4.206421e-08
1508 1.113191e-04 4.172127e-08
1509 1.113177e-04 4.138114e-08
1510 1.113162e-04 4.104377e-08
1511 1.113148e-04 4.070916e-08
1512 1.113133e-04 4.037727e-08
1513 1.113119e-04 4.004809e-08
1514 1.113105e-04 3.972159e-08
1515 1.113091e-04 3.939776e-08
1516 1.113077e-04 3.907656e-08
1517 1.113063e-04 3.875799e-08
1518 1.113049e-04 3.844201e-08
1519 1.113036e-04 3.812860e-08
1520 1.113022e-04 3.781776e-08
1521 1.113009e-04 3.750944e-08
1522 1.112996e-04 3.720364e-08
1523 1.112983e-04 3.690033e-08
1524 1.112970e-04 3.659950e-08
1525 1.112957e-04 3.630112e-08
1526 1.112944e-04 3.600517e-08
1527 1.112931e-04 3.571163e-08
1528 1.112919e-04 3.542049e-08
1529 1.112906e-04 3.513172e-08
1530 1.112894e-04 3.484530e-08
1531 1.112882e-04 3.456122e-08
1532 1.112870e-04 3.427946e-08
1533 1.112858e-04 3.399999e-08
1534 1.112846e-04 3.372280e-08
1535 1.112834e-04 3.344787e-08
1536 1.112822e-04 3.317518e-08
1537 1.112810e-04 3.290472e-08
1538 1.112799e-04 3.263646e-08
1539 1.112787e-04 3.237039e-08
1540 1.112776e-04 3.210648e-08
1541 1.112765e-04 3.184473e-08
1542 1.112753e-04 3.158511e-08
1543 1.112742e-04 3.132761e-08
1544 1.112731e-04 3.107221e-08
1545 1.112720e-04 3.081889e-08
1546 1.112710e-04 3.056763e-08
1547 1.112699e-04 3.031843e-08
1548 1.112688e-04 3.007125e-08
1549 1.112678e-04 2.982609e-08
1550 1.112667e-04 2.958293e-08
1551 1.112657e-04 2.934175e-08
1552 1.112646e-04 2.910254e-08
1553 1.112636e-04 2.886528e-08
1554 1.112626e-04 2.862995e-08
1555 1.112616e-04 2.839654e-08
1556 1.112606e-04 2.816504e-08
1557 1.112596e-04 2.793542e-08
1558 1.112586e-04 2.770767e-08
1559 1.112577e-04 2.748178e-08
1560 1.112567e-04 2.725773e-08
1561 1.112557e-04 2.703551e-08
1562 1.112548e-04 2.681510e-08
1563 1.112539e-04 2.659649e-08
1564 1.112529e-04 2.637966e-08
1565 1.112520e-04 2.616459e-08
1566 1.112511e-04 2.595128e-08
1567 1.112502e-04 2.573971e-08
1568 1.112493e-04 2.552986e-08
1569 1.112484e-04 2.532173e-08
1570 1.112475e-04 2.511529e-08
1571 1.112466e-04 2.491054e-08
1572 1.112457e-04 2.470745e-08
1573 1.112449e-04 2.450602e-08
1574 1.112440e-04 2.430623e-08
1575 1.112432e-04 2.410807e-08
1576 1.112423e-04 2.391153e-08
1577 1.112415e-04 2.371658e-08
1578 1.112406e-04 2.352323e-08
1579 1.112398e-04 2.333146e-08
1580 1.112390e-04 2.314124e-08
1581 1.112382e-04 2.295258e-08
1582 1.112374e-04 2.276546e-08
1583 1.112366e-04 2.257986e-08
1584 1.112358e-04 2.239578e-08
1585 1.112350e-04 2.221319e-08
1586 1.112342e-04 2.203209e-08
1587 1.112335e-04 2.185248e-08
1588 1.112327e-04 2.167432e-08
1589 1.112320e-04 2.149762e-08
1590 1.112312e-04 2.132236e-08
1591 1.112305e-04 2.114852e-08
1592 1.112297e-04 2.097611e-08
1593 1.112290e-04 2.080510e-08
1594 1.112283e-04 2.063548e-08
1595 1.112275e-04 2.046725e-08
1596 1.112268e-04 2.030039e-08
1597 1.112261e-04 2.013488e-08
1598 1.112254e-04 1.997073e-08
1599 1.112247e-04 1.980792e-08
1600 1.112240e-04 1.964643e-08
1601 1.112233e-04 1.948626e-08
1602 1.112226e-04 1.932740e-08
1603 1.112220e-04 1.916983e-08
1604 1.112213e-04 1.901354e-08
1605 1.112206e-04 1.885853e-08
1606 1.112200e-04 1.870479e-08
1607 1.112193e-04 1.855229e-08
1608 1.112187e-04 1.840104e-08
1609 1.112180e-04 1.825103e-08
1610 1.112174e-04 1.810223e-08
1611 1.112168e-04 1.795465e-08
1612 1.112161e-04 1.780828e-08
1613 1.112155e-04 1.766309e-08
1614 1.112149e-04 1.751909e-08
1615 1.112143e-04 1.737626e-08
1616 1.112137e-04 1.723460e-08
1617 1.112131e-04 1.709410e-08
1618 1.112125e-04 1.695473e-08
1619 1.112119e-04 1.681651e-08
1620 1.112113e-04 1.667941e-08
1621 1.112107e-04 1.654343e-08
1622 1.112101e-04 1.640856e-08
1623 1.112096e-04 1.627478e-08
1624 1.112090e-04 1.614210e-08
1625 1.112084e-04 1.601050e-08
1626 1.112079e-04 1.587997e-08
1627 1.112073e-04 1.575051e-08
1628 1.112068e-04 1.562210e-08
1629 1.112062e-04 1.549474e-08
1630 1.112057e-04 1.536842e-08
1631 1.112052e-04 1.524312e-08
1632 1.112046e-04 1.511885e-08
1633 1.112041e-04 1.499559e-08
1634 1.112036e-04 1.487334e-08
1635 1.112031e-04 1.475208e-08
1636 1.112025e-04 1.463182e-08
1637 1.112020e-04 1.451253e-08
1638 1.112015e-04 1.439421e-08
1639 1.112010e-04 1.427686e-08
1640 1.112005e-04 1.416047e-08
1641 1.112000e-04 1.404502e-08
1642 1.111995e-04 1.393052e-08
1643 1.111991e-04 1.381695e-08
1644 1.111986e-04 1.370431e-08
1645 1.111981e-04 1.359258e-08
1646 1.111976e-04 1.348176e-08
1647 1.111972e-04 1.337185e-08
1648 1.111967e-04 1.326284e-08
1649 1.111962e-04 1.315471e-08
1650 1.111958e-04 1.304746e-08
1651 1.111953e-04 1.294109e-08
1652 1.111949e-04 1.283559e-08
1653 1.111944e-04 1.273095e-08
1654 1.111940e-04 1.262716e-08
1655 1.111935e-04 1.252421e-08
1656 1.111931e-04 1.242211e-08
1657 1.111927e-04 1.232083e-08
1658 1.111922e-04 1.222039e-08
1659 1.111918e-04 1.212076e-08
1660 1.111914e-04 1.202194e-08
1661 1.111910e-04 1.192393e-08
1662 1.111906e-04 1.182672e-08
1663 1.111901e-04 1.173030e-08
1664 1.111897e-04 1.163467e-08
1665 1.111893e-04 1.153982e-08
1666 1.111889e-04 1.144574e-08
1667 1.111885e-04 1.135242e-08
1668 1.111881e-04 1.125987e-08
1669 1.111877e-04 1.116807e-08
1670 1.111874e-04 1.107702e-08
1671 1.111870e-04 1.098672e-08
1672 1.111866e-04 1.089715e-08
1673 1.111862e-04 1.080831e-08
1674 1.111858e-04 1.072019e-08
1675 1.111855e-04 1.063279e-08
1676 1.111851e-04 1.054611e-08
1677 1.111847e-04 1.046013e-08
1678 1.111844e-04 1.037485e-08
1679 1.111840e-04 1.029027e-08
1680 1.111836e-04 1.020638e-08
1681 1.111833e-04 1.012317e-08
1682 1.111829e-04 1.004064e-08
1683 1.111826e-04 9.958780e-09
