# step err_l2 res_l2
0 2.460291e-01 1.000000e+00
1 2.190145e-01 5.670252e-01
2 2.074387e-01 2.563805e-01
3 1.992334e-01 1.688667e-01
4 1.925641e-01 1.307278e-01
5 1.868384e-01 1.083901e-01
6 1.817739e-01 9.324890e-02
7 1.772079e-01 8.214638e-02
8 1.730354e-01 7.359183e-02
9 1.691840e-01 6.676593e-02
10 1.656008e-01 6.117363e-02
11 1.622461e-01 5.649576e-02
12 1.590890e-01 5.251640e-02
13 1.561051e-01 4.908384e-02
14 1.532743e-01 4.608810e-02
15 1.505803e-01 4.344739e-02
16 1.480092e-01 4.109952e-02
17 1.455496e-01 3.899630e-02
18 1.431914e-01 3.709977e-02
19 1.409260e-01 3.537962e-02
20 1.387459e-01 3.381127e-02
21 1.366447e-01 3.237464e-02
22 1.346165e-01 3.105311e-02
23 1.326561e-01 2.983281e-02
24 1.307590e-01 2.870205e-02
25 1.289210e-01 2.765095e-02
26 1.271384e-01 2.667104e-02
27 1.254078e-01 2.575508e-02
28 1.237262e-01 2.489678e-02
29 1.220908e-01 2.409069e-02
30 1.204990e-01 2.333206e-02
31 1.189485e-01 2.261672e-02
32 1.174370e-01 2.194098e-02
33 1.159627e-01 2.130159e-02
34 1.145236e-01 2.069568e-02
35 1.131181e-01 2.012067e-02
36 1.117445e-01 1.957426e-02
37 1.104014e-01 1.905439e-02
38 1.090874e-01 1.855920e-02
39 1.078012e-01 1.808702e-02
40 1.065416e-01 1.763632e-02
41 1.053075e-01 1.720574e-02
42 1.040978e-01 1.679400e-02
43 1.029115e-01 1.639997e-02
44 1.017476e-01 1.602259e-02
45 1.006054e-01 1.566090e-02
46 9.948399e-02 1.531400e-02
47 9.838253e-02 1.498107e-02
48 9.730032e-02 1.466135e-02
49 9.623666e-02 1.435414e-02
50 9.519090e-02 1.405877e-02
51 9.416242e-02 1.377463e-02
52 9.315061e-02 1.350115e-02
53 9.215493e-02 1.323779e-02
54 9.117484e-02 1.298405e-02
55 9.020985e-02 1.273945e-02
56 8.925947e-02 1.250356e-02
57 8.832326e-02 1.227596e-02
58 8.740078e-02 1.205624e-02
59 8.649163e-02 1.184403e-02
60 8.559542e-02 1.163899e-02
61 8.471178e-02 1.144078e-02
62 8.384036e-02 1.124908e-02
63 8.298083e-02 1.106358e-02
64 8.213286e-02 1.088402e-02
65 8.129616e-02 1.071011e-02
66 8.047043e-02 1.054160e-02
67 7.965539e-02 1.037824e-02
68 7.885079e-02 1.021981e-02
69 7.805638e-02 1.006609e-02
70 7.727190e-02 9.916850e-03
71 7.649713e-02 9.771907e-03
72 7.573186e-02 9.631069e-03
73 7.497586e-02 9.494153e-03
74 7.422894e-02 9.360989e-03
75 7.349091e-02 9.231411e-03
76 7.276158e-02 9.105266e-03
77 7.204076e-02 8.982403e-03
78 7.132830e-02 8.862683e-03
79 7.062403e-02 8.745971e-03
80 6.992778e-02 8.632139e-03
81 6.923941e-02 8.521066e-03
82 6.855878e-02 8.412636e-03
83 6.788574e-02 8.306739e-03
84 6.722015e-02 8.203271e-03
85 6.656190e-02 8.102131e-03
86 6.591084e-02 8.003226e-03
87 6.526686e-02 7.906465e-03
88 6.462985e-02 7.811762e-03
89 6.399969e-02 7.719035e-03
90 6.337627e-02 7.628208e-03
91 6.275948e-02 7.539207e-03
92 6.214923e-02 7.451961e-03
93 6.154541e-02 7.366404e-03
94 6.094793e-02 7.282473e-03
95 6.035670e-02 7.200107e-03
96 5.977162e-02 7.119249e-03
97 5.919261e-02 7.039844e-03
98 5.861958e-02 6.961841e-03
99 5.805245e-02 6.885190e-03
100 5.749114e-02 6.809845e-03
101 5.693556e-02 6.735760e-03
102 5.638566e-02 6.662894e-03
103 5.584134e-02 6.591206e-03
104 5.530254e-02 6.520658e-03
105 5.476919e-02 6.451213e-03
106 5.424121e-02 6.382836e-03
107 5.371855e-02 6.315494e-03
108 5.320113e-02 6.249157e-03
109 5.268889e-02 6.183792e-03
110 5.218177e-02 6.119373e-03
111 5.167971e-02 6.055872e-03
112 5.118264e-02 5.993263e-03
113 5.069051e-02 5.931520e-03
114 5.020326e-02 5.870621e-03
115 4.972083e-02 5.810543e-03
116 4.924317e-02 5.751264e-03
117 4.877022e-02 5.692764e-03
118 4.830194e-02 5.635023e-03
119 4.783826e-02 5.578023e-03
120 4.737914e-02 5.521745e-03
121 4.692452e-02 5.466173e-03
122 4.647437e-02 5.411290e-03
123 4.602862e-02 5.357080e-03
124 4.558722e-02 5.303528e-03
125 4.515015e-02 5.250621e-03
126 4.471734e-02 5.198344e-03
127 4.428875e-02 5.146684e-03
128 4.386433e-02 5.095628e-03
129 4.344405e-02 5.045165e-03
130 4.302786e-02 4.995282e-03
131 4.261571e-02 4.945968e-03
132 4.220756e-02 4.897213e-03
133 4.180338e-02 4.849006e-03
134 4.140311e-02 4.801337e-03
135 4.100673e-02 4.754197e-03
136 4.061419e-02 4.707576e-03
137 4.022545e-02 4.661466e-03
138 3.984047e-02 4.615857e-03
139 3.945921e-02 4.570741e-03
140 3.908164e-02 4.526111e-03
141 3.870772e-02 4.481959e-03
142 3.833741e-02 4.438276e-03
143 3.797067e-02 4.395057e-03
144 3.760748e-02 4.352293e-03
145 3.724778e-02 4.309978e-03
146 3.689156e-02 4.268105e-03
147 3.653877e-02 4.226669e-03
148 3.618938e-02 4.185662e-03
149 3.584336e-02 4.145078e-03
150 3.550067e-02 4.104913e-03
151 3.516128e-02 4.065159e-03
152 3.482516e-02 4.025812e-03
153 3.449227e-02 3.986866e-03
154 3.416258e-02 3.948315e-03
155 3.383607e-02 3.910156e-03
156 3.351270e-02 3.872381e-03
157 3.319243e-02 3.834988e-03
158 3.287525e-02 3.797971e-03
159 3.256111e-02 3.761325e-03
160 3.224999e-02 3.725045e-03
161 3.194187e-02 3.689128e-03
162 3.163670e-02 3.653569e-03
163 3.133446e-02 3.618364e-03
164 3.103513e-02 3.583508e-03
165 3.073867e-02 3.548997e-03
166 3.044506e-02 3.514828e-03
167 3.015427e-02 3.480996e-03
168 2.986627e-02 3.447498e-03
169 2.958103e-02 3.414330e-03
170 2.929853e-02 3.381488e-03
171 2.901875e-02 3.348969e-03
172 2.874165e-02 3.316769e-03
173 2.846720e-02 3.284884e-03
174 2.819539e-02 3.253311e-03
175 2.792619e-02 3.222046e-03
176 2.765957e-02 3.191087e-03
177 2.739551e-02 3.160430e-03
178 2.713398e-02 3.130072e-03
179 2.687496e-02 3.100009e-03
180 2.661843e-02 3.070239e-03
181 2.636435e-02 3.040758e-03
182 2.611271e-02 3.011563e-03
183 2.586349e-02 2.982652e-03
184 2.561666e-02 2.954021e-03
185 2.537219e-02 2.925668e-03
186 2.513006e-02 2.897589e-03
187 2.489026e-02 2.869782e-03
188 2.465276e-02 2.842244e-03
189 2.441754e-02 2.814972e-03
190 2.418457e-02 2.787964e-03
191 2.395383e-02 2.761217e-03
192 2.372531e-02 2.734728e-03
193 2.349898e-02 2.708495e-03
194 2.327481e-02 2.682515e-03
195 2.305280e-02 2.656785e-03
196 2.283292e-02 2.631304e-03
197 2.261514e-02 2.606068e-03
198 2.239945e-02 2.581075e-03
199 2.218583e-02 2.556322e-03
200 2.197426e-02 2.531808e-03
201 2.176471e-02 2.507530e-03
202 2.155718e-02 2.483486e-03
203 2.135163e-02 2.459672e-03
204 2.114806e-02 2.436088e-03
205 2.094644e-02 2.412730e-03
206 2.074675e-02 2.389597e-03
207 2.054897e-02 2.366686e-03
208 2.035309e-02 2.343996e-03
209 2.015909e-02 2.321523e-03
210 1.996695e-02 2.299266e-03
211 1.977665e-02 2.277223e-03
212 1.958817e-02 2.255391e-03
213 1.940151e-02 2.233769e-03
214 1.921663e-02 2.212355e-03
215 1.903352e-02 2.191146e-03
216 1.885218e-02 2.170140e-03
217 1.867256e-02 2.149336e-03
218 1.849468e-02 2.128732e-03
219 1.831849e-02 2.108325e-03
220 1.814400e-02 2.088114e-03
221 1.797118e-02 2.068097e-03
222 1.780002e-02 2.048271e-03
223 1.763050e-02 2.028636e-03
224 1.746260e-02 2.009189e-03
225 1.729631e-02 1.989928e-03
226 1.713162e-02 1.970852e-03
227 1.696851e-02 1.951959e-03
228 1.680696e-02 1.933247e-03
229 1.664696e-02 1.914715e-03
230 1.648850e-02 1.896359e-03
231 1.633156e-02 1.878180e-03
232 1.617612e-02 1.860175e-03
233 1.602217e-02 1.842343e-03
234 1.586970e-02 1.824681e-03
235 1.571869e-02 1.807188e-03
236 1.556913e-02 1.789864e-03
237 1.542101e-02 1.772705e-03
238 1.527430e-02 1.755710e-03
239 1.512900e-02 1.738878e-03
240 1.498510e-02 1.722208e-03
241 1.484258e-02 1.705697e-03
242 1.470142e-02 1.689344e-03
243 1.456162e-02 1.673148e-03
244 1.442316e-02 1.657107e-03
245 1.428603e-02 1.641220e-03
246 1.415021e-02 1.625485e-03
247 1.401570e-02 1.609901e-03
248 1.388248e-02 1.594466e-03
249 1.375053e-02 1.579178e-03
250 1.361986e-02 1.564037e-03
251 1.349043e-02 1.549042e-03
252 1.336225e-02 1.534189e-03
253 1.323530e-02 1.519479e-03
254 1.310957e-02 1.504910e-03
255 1.298504e-02 1.490481e-03
256 1.286171e-02 1.476189e-03
257 1.273956e-02 1.462035e-03
258 1.261859e-02 1.448016e-03
259 1.249877e-02 1.434131e-03
260 1.238011e-02 1.420379e-03
261 1.226258e-02 1.406759e-03
262 1.214619e-02 1.393270e-03
263 1.203091e-02 1.379909e-03
264 1.191674e-02 1.366677e-03
265 1.180366e-02 1.353571e-03
266 1.169167e-02 1.340591e-03
267 1.158076e-02 1.327735e-03
268 1.147090e-02 1.315002e-03
269 1.136211e-02 1.302392e-03
270 1.125436e-02 1.289902e-03
271 1.114764e-02 1.277531e-03
272 1.104195e-02 1.265279e-03
273 1.093728e-02 1.253145e-03
274 1.083361e-02 1.241127e-03
275 1.073093e-02 1.229223e-03
276 1.062924e-02 1.217434e-03
277 1.052853e-02 1.205758e-03
278 1.042879e-02 1.194193e-03
279 1.033000e-02 1.182740e-03
280 1.023216e-02 1.171396e-03
281 1.013526e-02 1.160161e-03
282 1.003930e-02 1.149033e-03
283 9.944254e-03 1.138012e-03
284 9.850123e-03 1.127096e-03
285 9.756896e-03 1.116285e-03
286 9.664566e-03 1.105578e-03
287 9.573122e-03 1.094973e-03
288 9.482557e-03 1.084470e-03
289 9.392863e-03 1.074067e-03
290 9.304031e-03 1.063764e-03
291 9.216053e-03 1.053560e-03
292 9.128920e-03 1.043454e-03
293 9.042625e-03 1.033444e-03
294 8.957160e-03 1.023530e-03
295 8.872516e-03 1.013712e-03
296 8.788686e-03 1.003987e-03
297 8.705662e-03 9.943555e-04
298 8.623437e-03 9.848163e-04
299 8.542002e-03 9.753684e-04
300 8.461350e-03 9.660111e-04
301 8.381474e-03 9.567435e-04
302 8.302366e-03 9.475647e-04
303 8.224019e-03 9.384738e-04
304 8.146426e-03 9.294700e-04
305 8.069579e-03 9.205525e-04
306 7.993471e-03 9.117205e-04
307 7.918095e-03 9.029731e-04
308 7.843445e-03 8.943095e-04
309 7.769513e-03 8.857289e-04
310 7.696293e-03 8.772306e-04
311 7.623777e-03 8.688137e-04
312 7.551959e-03 8.604775e-04
313 7.480832e-03 8.522212e-04
314 7.410390e-03 8.440440e-04
315 7.340625e-03 8.359452e-04
316 7.271533e-03 8.279240e-04
317 7.203106e-03 8.199796e-04
318 7.135337e-03 8.121115e-04
319 7.068221e-03 8.043187e-04
320 7.001751e-03 7.966006e-04
321 6.935922e-03 7.889565e-04
322 6.870726e-03 7.813857e-04
323 6.806159e-03 7.738874e-04
324 6.742213e-03 7.664610e-04
325 6.678883e-03 7.591058e-04
326 6.616164e-03 7.518212e-04
327 6.554049e-03 7.446063e-04
328 6.492532e-03 7.374606e-04
329 6.431608e-03 7.303834e-04
330 6.371272e-03 7.233741e-04
331 6.311516e-03 7.164319e-04
332 6.252337e-03 7.095563e-04
333 6.193729e-03 7.027466e-04
334 6.135685e-03 6.960022e-04
335 6.078201e-03 6.893225e-04
336 6.021272e-03 6.827068e-04
337 5.964891e-03 6.761545e-04
338 5.909055e-03 6.696651e-04
339 5.853756e-03 6.632379e-04
340 5.798992e-03 6.568723e-04
341 5.744755e-03 6.505677e-04
342 5.691042e-03 6.443236e-04
343 5.637848e-03 6.381393e-04
344 5.585167e-03 6.320144e-04
345 5.532994e-03 6.259482e-04
346 5.481325e-03 6.199402e-04
347 5.430154e-03 6.139897e-04
348 5.379478e-03 6.080964e-04
349 5.329291e-03 6.022595e-04
350 5.279589e-03 5.964786e-04
351 5.230367e-03 5.907532e-04
352 5.181621e-03 5.850826e-04
353 5.133345e-03 5.794665e-04
354 5.085536e-03 5.739042e-04
355 5.038189e-03 5.683952e-04
356 4.991300e-03 5.629391e-04
357 4.944863e-03 5.575353e-04
358 4.898876e-03 5.521834e-04
359 4.853334e-03 5.468827e-04
360 4.808232e-03 5.416329e-04
361 4.763566e-03 5.364335e-04
362 4.719332e-03 5.312839e-04
363 4.675526e-03 5.261837e-04
364 4.632144e-03 5.211325e-04
365 4.589182e-03 5.161297e-04
366 4.546636e-03 5.111748e-04
367 4.504502e-03 5.062675e-04
368 4.462776e-03 5.014073e-04
369 4.421454e-03 4.965937e-04
370 4.380532e-03 4.918263e-04
371 4.340006e-03 4.871046e-04
372 4.299873e-03 4.824282e-04
373 4.260129e-03 4.777966e-04
374 4.220771e-03 4.732095e-04
375 4.181794e-03 4.686664e-04
376 4.143195e-03 4.641669e-04
377 4.104970e-03 4.597105e-04
378 4.067116e-03 4.552969e-04
379 4.029629e-03 4.509257e-04
380 3.992506e-03 4.465963e-04
381 3.955744e-03 4.423085e-04
382 3.919338e-03 4.380619e-04
383 3.883286e-03 4.338560e-04
384 3.847583e-03 4.296904e-04
385 3.812228e-03 4.255648e-04
386 3.777216e-03 4.214788e-04
387 3.742545e-03 4.174320e-04
388 3.708211e-03 4.134240e-04
389 3.674210e-03 4.094545e-04
390 3.640540e-03 4.055230e-04
391 3.607198e-03 4.016293e-04
392 3.574180e-03 3.977730e-04
393 3.541483e-03 3.939536e-04
394 3.509105e-03 3.901709e-04
395 3.477042e-03 3.864245e-04
396 3.445291e-03 3.827141e-04
397 3.413849e-03 3.790392e-04
398 3.382714e-03 3.753996e-04
399 3.351883e-03 3.717950e-04
400 3.321352e-03 3.682249e-04
401 3.291119e-03 3.646891e-04
402 3.261180e-03 3.611872e-04
403 3.231534e-03 3.577189e-04
404 3.202178e-03 3.542839e-04
405 3.173108e-03 3.508819e-04
406 3.144322e-03 3.475125e-04
407 3.115817e-03 3.441755e-04
408 3.087591e-03 3.408704e-04
409 3.059640e-03 3.375971e-04
410 3.031963e-03 3.343553e-04
411 3.004557e-03 3.311445e-04
412 2.977419e-03 3.279645e-04
413 2.950547e-03 3.248151e-04
414 2.923938e-03 3.216959e-04
415 2.897590e-03 3.186066e-04
416 2.871500e-03 3.155470e-04
417 2.845665e-03 3.125167e-04
418 2.820084e-03 3.095155e-04
419 2.794754e-03 3.065432e-04
420 2.769673e-03 3.035993e-04
421 2.744838e-03 3.006838e-04
422 2.720246e-03 2.977962e-04
423 2.695897e-03 2.949363e-04
424 2.671787e-03 2.921038e-04
425 2.647913e-03 2.892986e-04
426 2.624275e-03 2.865203e-04
427 2.600870e-03 2.837686e-04
428 2.577695e-03 2.810434e-04
429 2.554748e-03 2.783443e-04
430 2.532027e-03 2.756711e-04
431 2.509531e-03 2.730236e-04
432 2.487256e-03 2.704015e-04
433 2.465201e-03 2.678046e-04
434 2.443364e-03 2.652326e-04
435 2.421743e-03 2.626853e-04
436 2.400335e-03 2.601625e-04
437 2.379139e-03 2.576638e-04
438 2.358153e-03 2.551892e-04
439 2.337374e-03 2.527383e-04
440 2.316802e-03 2.503109e-04
441 2.296433e-03 2.479068e-04
442 2.276266e-03 2.455259e-04
443 2.256299e-03 2.431677e-04
444 2.236530e-03 2.408323e-04
445 2.216958e-03 2.385192e-04
446 2.197580e-03 2.362283e-04
447 2.178395e-03 2.339595e-04
448 2.159401e-03 2.317124e-04
449 2.140595e-03 2.294869e-04
450 2.121977e-03 2.272827e-04
451 2.103545e-03 2.250997e-04
452 2.085296e-03 2.229377e-04
453 2.067230e-03 2.207965e-04
454 2.049344e-03 2.186757e-04
455 2.031636e-03 2.165754e-04
456 2.014106e-03 2.144952e-04
457 1.996751e-03 2.124350e-04
458 1.979570e-03 2.103946e-04
459 1.962560e-03 2.083737e-04
460 1.945722e-03 2.063723e-04
461 1.929052e-03 2.043901e-04
462 1.912550e-03 2.024269e-04
463 1.896213e-03 2.004826e-04
464 1.880041e-03 1.985569e-04
465 1.864032e-03 1.966497e-04
466 1.848183e-03 1.947608e-04
467 1.832495e-03 1.928901e-04
468 1.816964e-03 1.910373e-04
469 1.801590e-03 1.892024e-04
470 1.786372e-03 1.873850e-04
471 1.771307e-03 1.855851e-04
472 1.756395e-03 1.838025e-04
473 1.741634e-03 1.820370e-04
474 1.727023e-03 1.802884e-04
475 1.712559e-03 1.785566e-04
476 1.698243e-03 1.768415e-04
477 1.684072e-03 1.751428e-04
478 1.670045e-03 1.734605e-04
479 1.656161e-03 1.717943e-04
480 1.642418e-03 1.701441e-04
481 1.628815e-03 1.685097e-04
482 1.615352e-03 1.668911e-04
483 1.602026e-03 1.652880e-04
484 1.588836e-03 1.637002e-04
485 1.575781e-03 1.621278e-04
486 1.562860e-03 1.605704e-04
487 1.550071e-03 1.590280e-04
488 1.537414e-03 1.575004e-04
489 1.524887e-03 1.559874e-04
490 1.512488e-03 1.544890e-04
491 1.500218e-03 1.530050e-04
492 1.488074e-03 1.515352e-04
493 1.476055e-03 1.500796e-04
494 1.464160e-03 1.486379e-04
495 1.452388e-03 1.472101e-04
496 1.440739e-03 1.457960e-04
497 1.429210e-03 1.443954e-04
498 1.417800e-03 1.430083e-04
499 1.406510e-03 1.416346e-04
500 1.395336e-03 1.402740e-04
501 1.384279e-03 1.389265e-04
502 1.373337e-03 1.375919e-04
503 1.362510e-03 1.362702e-04
504 1.351795e-03 1.349611e-04
505 1.341193e-03 1.336647e-04
506 1.330702e-03 1.323806e-04
507 1.320321e-03 1.311089e-04
508 1.310048e-03 1.298494e-04
509 1.299884e-03 1.286020e-04
510 1.289827e-03 1.273666e-04
511 1.279876e-03 1.261431e-04
512 1.270030e-03 1.249313e-04
513 1.260288e-03 1.237312e-04
514 1.250649e-03 1.225425e-04
515 1.241112e-03 1.213653e-04
516 1.231677e-03 1.201994e-04
517 1.222341e-03 1.190447e-04
518 1.213105e-03 1.179011e-04
519 1.203968e-03 1.167684e-04
520 1.194928e-03 1.156467e-04
521 1.185984e-03 1.145357e-04
522 1.177137e-03 1.134354e-04
523 1.168384e-03 1.123457e-04
524 1.159725e-03 1.112664e-04
525 1.151159e-03 1.101975e-04
526 1.142685e-03 1.091388e-04
527 1.134303e-03 1.080904e-04
528 1.126011e-03 1.070520e-04
529 1.117808e-03 1.060235e-04
530 1.109695e-03 1.050050e-04
531 1.101670e-03 1.039962e-04
532 1.093731e-03 1.029971e-04
533 1.085879e-03 1.020076e-04
534 1.078113e-03 1.010277e-04
535 1.070431e-03 1.000571e-04
536 1.062834e-03 9.909585e-05
537 1.055319e-03 9.814384e-05
538 1.047887e-03 9.720097e-05
539 1.040537e-03 9.626716e-05
540 1.033267e-03 9.534232e-05
541 1.026077e-03 9.442636e-05
542 1.018967e-03 9.351920e-05
543 1.011936e-03 9.262075e-05
544 1.004982e-03 9.173094e-05
545 9.981051e-04 9.084967e-05
546 9.913049e-04 8.997686e-05
547 9.845803e-04 8.911244e-05
548 9.779307e-04 8.825632e-05
549 9.713553e-04 8.740843e-05
550 9.648535e-04 8.656868e-05
551 9.584246e-04 8.573700e-05
552 9.520678e-04 8.491330e-05
553 9.457824e-04 8.409752e-05
554 9.395679e-04 8.328957e-05
555 9.334234e-04 8.248939e-05
556 9.273484e-04 8.169689e-05
557 9.213422e-04 8.091200e-05
558 9.154041e-04 8.013466e-05
559 9.095335e-04 7.936478e-05
560 9.037297e-04 7.860229e-05
561 8.979921e-04 7.784713e-05
562 8.923200e-04 7.709923e-05
563 8.867128e-04 7.635851e-05
564 8.811699e-04 7.562490e-05
565 8.756906e-04 7.489834e-05
566 8.702744e-04 7.417876e-05
567 8.649206e-04 7.346609e-05
568 8.596286e-04 7.276027e-05
569 8.543979e-04 7.206123e-05
570 8.492277e-04 7.136890e-05
571 8.441176e-04 7.068323e-05
572 8.390669e-04 7.000414e-05
573 8.340751e-04 6.933157e-05
574 8.291415e-04 6.866547e-05
575 8.242657e-04 6.800576e-05
576 8.194469e-04 6.735239e-05
577 8.146847e-04 6.670530e-05
578 8.099785e-04 6.606443e-05
579 8.053277e-04 6.542971e-05
580 8.007318e-04 6.480109e-05
581 7.961903e-04 6.417850e-05
582 7.917025e-04 6.356190e-05
583 7.872680e-04 6.295122e-05
584 7.828862e-04 6.234641e-05
585 7.785566e-04 6.174741e-05
586 7.742787e-04 6.115416e-05
587 7.700518e-04 6.056661e-05
588 7.658756e-04 5.998470e-05
589 7.617494e-04 5.940839e-05
590 7.576729e-04 5.883761e-05
591 7.536454e-04 5.827232e-05
592 7.496665e-04 5.771245e-05
593 7.457356e-04 5.715797e-05
594 7.418523e-04 5.660881e-05
595 7.380161e-04 5.606492e-05
596 7.342265e-04 5.552626e-05
597 7.304830e-04 5.499278e-05
598 7.267851e-04 5.446442e-05
599 7.231324e-04 5.394114e-05
600 7.195243e-04 5.342288e-05
601 7.159604e-04 5.290961e-05
602 7.124403e-04 5.240126e-05
603 7.089634e-04 5.189780e-05
604 7.055294e-04 5.139917e-05
605 7.021377e-04 5.090533e-05
606 6.987879e-04 5.041624e-05
607 6.954795e-04 4.993185e-05
608 6.922122e-04 4.945211e-05
609 6.889854e-04 4.897698e-05
610 6.857988e-04 4.850642e-05
611 6.826518e-04 4.804037e-05
612 6.795442e-04 4.757880e-05
613 6.764753e-04 4.712167e-05
614 6.734449e-04 4.666893e-05
615 6.704525e-04 4.622054e-05
616 6.674976e-04 4.577645e-05
617 6.645799e-04 4.533663e-05
618 6.616989e-04 4.490104e-05
619 6.588543e-04 4.446963e-05
620 6.560456e-04 4.404237e-05
621 6.532725e-04 4.361921e-05
622 6.505345e-04 4.320012e-05
623 6.478312e-04 4.278505e-05
624 6.451623e-04 4.237397e-05
625 6.425274e-04 4.196684e-05
626 6.399260e-04 4.156362e-05
627 6.373578e-04 4.116428e-05
628 6.348225e-04 4.076877e-05
629 6.323196e-04 4.037706e-05
630 6.298487e-04 3.998912e-05
631 6.274096e-04 3.960490e-05
632 6.250018e-04 3.922437e-05
633 6.226250e-04 3.884750e-05
634 6.202788e-04 3.847425e-05
635 6.179629e-04 3.810459e-05
636 6.156768e-04 3.773847e-05
637 6.134204e-04 3.737588e-05
638 6.111931e-04 3.701677e-05
639 6.089947e-04 3.666111e-05
640 6.068249e-04 3.630886e-05
641 6.046832e-04 3.596000e-05
642 6.025694e-04 3.561449e-05
643 6.004831e-04 3.527230e-05
644 5.984240e-04 3.493340e-05
645 5.963918e-04 3.459776e-05
646 5.943861e-04 3.426534e-05
647 5.924067e-04 3.393611e-05
648 5.904532e-04 3.361004e-05
649 5.885252e-04 3.328711e-05
650 5.866226e-04 3.296728e-05
651 5.847449e-04 3.265053e-05
652 5.828919e-04 3.233682e-05
653 5.810633e-04 3.202612e-05
654 5.792588e-04 3.171840e-05
655 5.774781e-04 3.141365e-05
656 5.757208e-04 3.111182e-05
657 5.739867e-04 3.081289e-05
658 5.722756e-04 3.051683e-05
659 5.705870e-04 3.022362e-05
660 5.689208e-04 2.993322e-05
661 5.672767e-04 2.964562e-05
662 5.656544e-04 2.936077e-05
663 5.640536e-04 2.907867e-05
664 5.624740e-04 2.879927e-05
665 5.609154e-04 2.852256e-05
666 5.593775e-04 2.824851e-05
667 5.578601e-04 2.797709e-05
668 5.563628e-04 2.770828e-05
669 5.548855e-04 2.744205e-05
670 5.534279e-04 2.717838e-05
671 5.519897e-04 2.691724e-05
672 5.505706e-04 2.665861e-05
673 5.491705e-04 2.640246e-05
674 5.477891e-04 2.614878e-05
675 5.464262e-04 2.589754e-05
676 5.450815e-04 2.564870e-05
677 5.437547e-04 2.540226e-05
678 5.424457e-04 2.515819e-05
679 5.411542e-04 2.491646e-05
680 5.398800e-04 2.467705e-05
681 5.386228e-04 2.443995e-05
682 5.373825e-04 2.420512e-05
683 5.361588e-04 2.397255e-05
684 5.349514e-04 2.374221e-05
685 5.337603e-04 2.351409e-05
686 5.325852e-04 2.328816e-05
687 5.314258e-04 2.306440e-05
688 5.302819e-04 2.284278e-05
689 5.291534e-04 2.262330e-05
690 5.280400e-04 2.240593e-05
691 5.269416e-04 2.219064e-05
692 5.258579e-04 2.197743e-05
693 5.247888e-04 2.176626e-05
694 5.237340e-04 2.155712e-05
695 5.226934e-04 2.134999e-05
696 5.216668e-04 2.114485e-05
697 5.206539e-04 2.094168e-05
698 5.196546e-04 2.074047e-05
699 5.186688e-04 2.054118e-05
700 5.176962e-04 2.034382e-05
701 5.167366e-04 2.014834e-05
702 5.157899e-04 1.995475e-05
703 5.148560e-04 1.976302e-05
704 5.139345e-04 1.957312e-05
705 5.130255e-04 1.938506e-05
706 5.121286e-04 1.919880e-05
707 5.112438e-04 1.901433e-05
708 5.103708e-04 1.883163e-05
709 5.095096e-04 1.865068e-05
710 5.086598e-04 1.847148e-05
711 5.078215e-04 1.829400e-05
712 5.069944e-04 1.811822e-05
713 5.061784e-04 1.794413e-05
714 5.053734e-04 1.777172e-05
715 5.045791e-04 1.760096e-05
716 5.037954e-04 1.743184e-05
717 5.030223e-04 1.726435e-05
718 5.022594e-04 1.709846e-05
719 5.015068e-04 1.693417e-05
720 5.007642e-04 1.677146e-05
721 5.000316e-04 1.661031e-05
722 4.993087e-04 1.645071e-05
723 4.985955e-04 1.629264e-05
724 4.978919e-04 1.613610e-05
725 4.971976e-04 1.598105e-05
726 4.965125e-04 1.582750e-05
727 4.958366e-04 1.567542e-05
728 4.951697e-04 1.552480e-05
729 4.945117e-04 1.537563e-05
730 4.938624e-04 1.522789e-05
731 4.932217e-04 1.508158e-05
732 4.925896e-04 1.493667e-05
733 4.919659e-04 1.479315e-05
734 4.913504e-04 1.465101e-05
735 4.907432e-04 1.451023e-05
736 4.901439e-04 1.437081e-05
737 4.895526e-04 1.423273e-05
738 4.889692e-04 1.409597e-05
739 4.883934e-04 1.396053e-05
740 4.878253e-04 1.382639e-05
741 4.872647e-04 1.369354e-05
742 4.867115e-04 1.356196e-05
743 4.861656e-04 1.343165e-05
744 4.856268e-04 1.330259e-05
745 4.850952e-04 1.317477e-05
746 4.845706e-04 1.304818e-05
747 4.840529e-04 1.292281e-05
748 4.835420e-04 1.279864e-05
749 4.830378e-04 1.267566e-05
750 4.825402e-04 1.255387e-05
751 4.820492e-04 1.243324e-05
752 4.815646e-04 1.231378e-05
753 4.810863e-04 1.219546e-05
754 4.806143e-04 1.207828e-05
755 4.801485e-04 1.196222e-05
756 4.796887e-04 1.184728e-05
757 4.792350e-04 1.173345e-05
758 4.787871e-04 1.162071e-05
759 4.783451e-04 1.150905e-05
760 4.779089e-04 1.139846e-05
761 4.774783e-04 1.128894e-05
762 4.770533e-04 1.118047e-05
763 4.766339e-04 1.107304e-05
764 4.762199e-04 1.096664e-05
765 4.758112e-04 1.086127e-05
766 4.754078e-04 1.075691e-05
767 4.750097e-04 1.065355e-05
768 4.746167e-04 1.055118e-05
769 4.742287e-04 1.044980e-05
770 4.738458e-04 1.034939e-05
771 4.734678e-04 1.024995e-05
772 4.730947e-04 1.015146e-05
773 4.727263e-04 1.005392e-05
774 4.723627e-04 9.957315e-06
775 4.720037e-04 9.861639e-06
776 4.716494e-04 9.766882e-06
777 4.712996e-04 9.673036e-06
778 4.709542e-04 9.580091e-06
779 4.706133e-04 9.488040e-06
780 4.702767e-04 9.396873e-06
781 4.699445e-04 9.306581e-06
782 4.696164e-04 9.217158e-06
783 4.692925e-04 9.128594e-06
784 4.689728e-04 9.040880e-06
785 4.686570e-04 8.954010e-06
786 4.683453e-04 8.867974e-06
787 4.680376e-04 8.782765e-06
788 4.677337e-04 8.698374e-06
789 4.674337e-04 8.614795e-06
790 4.671375e-04 8.532018e-06
791 4.668450e-04 8.450037e-06
792 4.665561e-04 8.368844e-06
793 4.662710e-04 8.288430e-06
794 4.659894e-04 8.208790e-06
795 4.657113e-04 8.129914e-06
796 4.654367e-04 8.051797e-06
797 4.651656e-04 7.974430e-06
798 4.648978e-04 7.897806e-06
799 4.646334e-04 7.821919e-06
800 4.643723e-04 7.746761e-06
801 4.641145e-04 7.672325e-06
802 4.638598e-04 7.598604e-06
803 4.636084e-04 7.525592e-06
804 4.633600e-04 7.453281e-06
805 4.631147e-04 7.381665e-06
806 4.628725e-04 7.310737e-06
807 4.626333e-04 7.240490e-06
808 4.623970e-04 7.170919e-06
809 4.621637e-04 7.102016e-06
810 4.619332e-04 7.033775e-06
811 4.617056e-04 6.966189e-06
812 4.614807e-04 6.899254e-06
813 4.612586e-04 6.832961e-06
814 4.610393e-04 6.767305e-06
815 4.608226e-04 6.702280e-06
816 4.606086e-04 6.637880e-06
817 4.603972e-04 6.574099e-06
818 4.601884e-04 6.510930e-06
819 4.599822e-04 6.448369e-06
820 4.597784e-04 6.386409e-06
821 4.595772e-04 6.325044e-06
822 4.593784e-04 6.264268e-06
823 4.591820e-04 6.204077e-06
824 4.589879e-04 6.144464e-06
825 4.587963e-04 6.085424e-06
826 4.586069e-04 6.026951e-06
827 4.584198e-04 5.969039e-06
828 4.582350e-04 5.911685e-06
829 4.580525e-04 5.854881e-06
830 4.578721e-04 5.798623e-06
831 4.576939e-04 5.742906e-06
832 4.575178e-04 5.687724e-06
833 4.573438e-04 5.633073e-06
834 4.571720e-04 5.578946e-06
835 4.570022e-04 5.525340e-06
836 4.568344e-04 5.472248e-06
837 4.566686e-04 5.419667e-06
838 4.565048e-04 5.367591e-06
839 4.563429e-04 5.316016e-06
840 4.561830e-04 5.264936e-06
841 4.560250e-04 5.214346e-06
842 4.558688e-04 5.164243e-06
843 4.557145e-04 5.114622e-06
844 4.555620e-04 5.065477e-06
845 4.554113e-04 5.016804e-06
846 4.552624e-04 4.968599e-06
847 4.551153e-04 4.920857e-06
848 4.549699e-04 4.873574e-06
849 4.548262e-04 4.826745e-06
850 4.546842e-04 4.780366e-06
851 4.545439e-04 4.734433e-06
852 4.544052e-04 4.688941e-06
853 4.542681e-04 4.643887e-06
854 4.541326e-04 4.599265e-06
855 4.539988e-04 4.555072e-06
856 4.538664e-04 4.511303e-06
857 4.537357e-04 4.467955e-06
858 4.536064e-04 4.425024e-06
859 4.534786e-04 4.382505e-06
860 4.533524e-04 4.340395e-06
861 4.532276e-04 4.298689e-06
862 4.531042e-04 4.257384e-06
863 4.529823e-04 4.216476e-06
864 4.528618e-04 4.175961e-06
865 4.527426e-04 4.135836e-06
866 4.526249e-04 4.096096e-06
867 4.525085e-04 4.056737e-06
868 4.523934e-04 4.017757e-06
869 4.522797e-04 3.979152e-06
870 4.521673e-04 3.940917e-06
871 4.520561e-04 3.903050e-06
872 4.519462e-04 3.865546e-06
873 4.518376e-04 3.828403e-06
874 4.517303e-04 3.791617e-06
875 4.516241e-04 3.755185e-06
876 4.515192e-04 3.719102e-06
877 4.514155e-04 3.683366e-06
878 4.513129e-04 3.647974e-06
879 4.512115e-04 3.612921e-06
880 4.511113e-04 3.578206e-06
881 4.510122e-04 3.543824e-06
882 4.509142e-04 3.509772e-06
883 4.508173e-04 3.476048e-06
884 4.507215e-04 3.442647e-06
885 4.506268e-04 3.409568e-06
886 4.505332e-04 3.376806e-06
887 4.504406e-04 3.344359e-06
888 4.503491e-04 3.312224e-06
889 4.502586e-04 3.280398e-06
890 4.501691e-04 3.248877e-06
891 4.500806e-04 3.217660e-06
892 4.499931e-04 3.186742e-06
893 4.499066e-04 3.156121e-06
894 4.498211e-04 3.125795e-06
895 4.497365e-04 3.095760e-06
896 4.496529e-04 3.066014e-06
897 4.495701e-04 3.036553e-06
898 4.494883e-04 3.007375e-06
899 4.494075e-04 2.978478e-06
900 4.493275e-04 2.949859e-06
901 4.492484e-04 2.921514e-06
902 4.491702e-04 2.893442e-06
903 4.490928e-04 2.865640e-06
904 4.490163e-04 2.838105e-06
905 4.489407e-04 2.810834e-06
906 4.488659e-04 2.783825e-06
907 4.487919e-04 2.757076e-06
908 4.487187e-04 2.730584e-06
909 4.486463e-04 2.704347e-06
910 4.485748e-04 2.678361e-06
911 4.485040e-04 2.652626e-06
912 4.484340e-04 2.627137e-06
913 4.483647e-04 2.601894e-06
914 4.482963e-04 2.576893e-06
915 4.482285e-04 2.552132e-06
916 4.481615e-04 2.527609e-06
917 4.480953e-04 2.503322e-06
918 4.480298e-04 2.479268e-06
919 4.479649e-04 2.455445e-06
920 4.479008e-04 2.431852e-06
921 4.478374e-04 2.408485e-06
922 4.477747e-04 2.385342e-06
923 4.477126e-04 2.362422e-06
924 4.476513e-04 2.339722e-06
925 4.475906e-04 2.317240e-06
926 4.475305e-04 2.294974e-06
927 4.474711e-04 2.272922e-06
928 4.474124e-04 2.251082e-06
929 4.473542e-04 2.229452e-06
930 4.472968e-04 2.208030e-06
931 4.472399e-04 2.186814e-06
932 4.471836e-04 2.165801e-06
933 4.471280e-04 2.144990e-06
934 4.470729e-04 2.124380e-06
935 4.470185e-04 2.103967e-06
936 4.469646e-04 2.083750e-06
937 4.469113e-04 2.063728e-06
938 4.468586e-04 2.043898e-06
939 4.468064e-04 2.024259e-06
940 4.467548e-04 2.004808e-06
941 4.467037e-04 1.985545e-06
942 4.466532e-04 1.966466e-06
943 4.466033e-04 1.947571e-06
944 4.465538e-04 1.928857e-06
945 4.465049e-04 1.910323e-06
946 4.464565e-04 1.891967e-06
947 4.464087e-04 1.873788e-06
948 4.463613e-04 1.855783e-06
949 4.463144e-04 1.837951e-06
950 4.462681e-04 1.820291e-06
951 4.462222e-04 1.802800e-06
952 4.461768e-04 1.785477e-06
953 4.461319e-04 1.768321e-06
954 4.460875e-04 1.751329e-06
955 4.460435e-04 1.734501e-06
956 4.460001e-04 1.717835e-06
957 4.459570e-04 1.701329e-06
958 4.459144e-04 1.684981e-06
959 4.458723e-04 1.668790e-06
960 4.458306e-04 1.652755e-06
961 4.457894e-04 1.636874e-06
962 4.457486e-04 1.621146e-06
963 4.457082e-04 1.605569e-06
964 4.456682e-04 1.590141e-06
965 4.456287e-04 1.574862e-06
966 4.455896e-04 1.559729e-06
967 4.455508e-04 1.544742e-06
968 4.455125e-04 1.529899e-06
969 4.454746e-04 1.515199e-06
970 4.454371e-04 1.500640e-06
971 4.454000e-04 1.486220e-06
972 4.453633e-04 1.471939e-06
973 4.453269e-04 1.457796e-06
974 4.452909e-04 1.443788e-06
975 4.452553e-04 1.429915e-06
976 4.452201e-04 1.416176e-06
977 4.451853e-04 1.402568e-06
978 4.451508e-04 1.389091e-06
979 4.451166e-04 1.375743e-06
980 4.450829e-04 1.362524e-06
981 4.450494e-04 1.349432e-06
982 4.450163e-04 1.336466e-06
983 4.449836e-04 1.323624e-06
984 4.449512e-04 1.310905e-06
985 4.449191e-04 1.298309e-06
986 4.448874e-04 1.285834e-06
987 4.448560e-04 1.273479e-06
988 4.448249e-04 1.261242e-06
989 4.447942e-04 1.249123e-06
990 4.447637e-04 1.237121e-06
991 4.447336e-04 1.225233e-06
992 4.447038e-04 1.213460e-06
993 4.446743e-04 1.201800e-06
994 4.446451e-04 1.190253e-06
995 4.446162e-04 1.178816e-06
996 4.445876e-04 1.167489e-06
997 4.445592e-04 1.156271e-06
998 4.445312e-04 1.145160e-06
999 4.445035e-04 1.134157e-06
1000 4.444760e-04 1.123259e-06
1001 4.444489e-04 1.112466e-06
1002 4.444220e-04 1.101776e-06
1003 4.443954e-04 1.091189e-06
1004 4.443690e-04 1.080704e-06
1005 4.443430e-04 1.070320e-06
1006 4.443171e-04 1.060036e-06
1007 4.442916e-04 1.049850e-06
1008 4.442663e-04 1.039762e-06
1009 4.442413e-04 1.029771e-06
1010 4.442165e-04 1.019877e-06
1011 4.441920e-04 1.010077e-06
1012 4.441678e-04 1.000371e-06
1013 4.441437e-04 9.907588e-07
1014 4.441200e-04 9.812388e-07
1015 4.440964e-04 9.718103e-07
1016 4.440732e-04 9.624724e-07
1017 4.440501e-04 9.532242e-07
1018 4.440273e-04 9.440649e-07
1019 4.440047e-04 9.349935e-07
1020 4.439823e-04 9.260094e-07
1021 4.439602e-04 9.171116e-07
1022 4.439383e-04 9.082992e-07
1023 4.439166e-04 8.995716e-07
1024 4.438952e-04 8.909278e-07
1025 4.438739e-04 8.823670e-07
1026 4.438529e-04 8.738886e-07
1027 4.438321e-04 8.654916e-07
1028 4.438115e-04 8.571752e-07
1029 4.437911e-04 8.489388e-07
1030 4.437709e-04 8.407815e-07
1031 4.437509e-04 8.327026e-07
1032 4.437311e-04 8.247014e-07
1033 4.437115e-04 8.167770e-07
1034 4.436921e-04 8.089288e-07
1035 4.436729e-04 8.011559e-07
1036 4.436539e-04 7.934578e-07
1037 4.436351e-04 7.858336e-07
1038 4.436165e-04 7.782827e-07
1039 4.435981e-04 7.708044e-07
1040 4.435798e-04 7.633979e-07
1041 4.435618e-04 7.560625e-07
1042 4.435439e-04 7.487977e-07
1043 4.435262e-04 7.416026e-07
1044 4.435087e-04 7.344767e-07
1045 4.434913e-04 7.274193e-07
1046 4.434742e-04 7.204297e-07
1047 4.434572e-04 7.135072e-07
1048 4.434403e-04 7.066513e-07
1049 4.434237e-04 6.998612e-07
1050 4.434072e-04 6.931364e-07
1051 4.433908e-04 6.864762e-07
1052 4.433747e-04 6.798800e-07
1053 4.433587e-04 6.733471e-07
1054 4.433428e-04 6.668771e-07
1055 4.433272e-04 6.604692e-07
1056 4.433116e-04 6.541229e-07
1057 4.432963e-04 6.478376e-07
1058 4.432810e-04 6.416126e-07
1059 4.432660e-04 6.354475e-07
1060 4.432511e-04 6.293416e-07
1061 4.432363e-04 6.232944e-07
1062 4.432217e-04 6.173053e-07
1063 4.432072e-04 6.113737e-07
1064 4.431929e-04 6.054992e-07
1065 4.431787e-04 5.996811e-07
1066 4.431647e-04 5.939188e-07
1067 4.431507e-04 5.882120e-07
1068 4.431370e-04 5.825600e-07
1069 4.431234e-04 5.769623e-07
1070 4.431099e-04 5.714184e-07
1071 4.430965e-04 5.659277e-07
1072 4.430833e-04 5.604899e-07
1073 4.430702e-04 5.551042e-07
1074 4.430572e-04 5.497703e-07
1075 4.430444e-04 5.444877e-07
1076 4.430317e-04 5.392558e-07
1077 4.430191e-04 5.340742e-07
1078 4.430066e-04 5.289424e-07
1079 4.429943e-04 5.238599e-07
1080 4.429821e-04 5.188263e-07
1081 4.429700e-04 5.138410e-07
1082 4.429580e-04 5.089036e-07
1083 4.429462e-04 5.040136e-07
1084 4.429345e-04 4.991707e-07
1085 4.429229e-04 4.943742e-07
1086 4.429114e-04 4.896239e-07
1087 4.429000e-04 4.849192e-07
1088 4.428887e-04 4.802597e-07
1089 4.428775e-04 4.756450e-07
1090 4.428665e-04 4.710746e-07
1091 4.428555e-04 4.665481e-07
1092 4.428447e-04 4.620652e-07
1093 4.428340e-04 4.576253e-07
1094 4.428234e-04 4.532281e-07
1095 4.428128e-04 4.488731e-07
1096 4.428024e-04 4.445600e-07
1097 4.427921e-04 4.402883e-07
1098 4.427819e-04 4.360576e-07
1099 4.427718e-04 4.318676e-07
1100 4.427618e-04 4.277179e-07
1101 4.427519e-04 4.236081e-07
1102 4.427421e-04 4.195377e-07
1103 4.427324e-04 4.155064e-07
1104 4.427227e-04 4.115139e-07
1105 4.427132e-04 4.075598e-07
1106 4.427038e-04 4.036436e-07
1107 4.426945e-04 3.997651e-07
1108 4.426852e-04 3.959238e-07
1109 4.426761e-04 3.921195e-07
1110 4.426670e-04 3.883517e-07
1111 4.426580e-04 3.846201e-07
1112 4.426491e-04 3.809243e-07
1113 4.426403e-04 3.772641e-07
1114 4.426316e-04 3.736391e-07
1115 4.426230e-04 3.700488e-07
1116 4.426145e-04 3.664931e-07
1117 4.426060e-04 3.629715e-07
1118 4.425976e-04 3.594838e-07
1119 4.425893e-04 3.560296e-07
1120 4.425811e-04 3.526086e-07
1121 4.425730e-04 3.492205e-07
1122 4.425650e-04 3.458649e-07
1123 4.425570e-04 3.425415e-07
1124 4.425491e-04 3.392501e-07
1125 4.425413e-04 3.359903e-07
1126 4.425335e-04 3.327619e-07
1127 4.425259e-04 3.295644e-07
1128 4.425183e-04 3.263977e-07
1129 4.425108e-04 3.232614e-07
1130 4.425034e-04 3.201553e-07
1131 4.424960e-04 3.170789e-07
1132 4.424887e-04 3.140322e-07
1133 4.424815e-04 3.110147e-07
1134 4.424743e-04 3.080262e-07
1135 4.424672e-04 3.050665e-07
1136 4.424602e-04 3.021352e-07
1137 4.424533e-04 2.992320e-07
1138 4.424464e-04 2.963567e-07
1139 4.424396e-04 2.935091e-07
1140 4.424329e-04 2.906888e-07
1141 4.424262e-04 2.878957e-07
1142 4.424196e-04 2.851293e-07
1143 4.424130e-04 2.823896e-07
1144 4.424066e-04 2.796762e-07
1145 4.424001e-04 2.769888e-07
1146 4.423938e-04 2.743273e-07
1147 4.423875e-04 2.716913e-07
1148 4.423813e-04 2.690807e-07
1149 4.423751e-04 2.664952e-07
1150 4.423690e-04 2.639345e-07
1151 4.423629e-04 2.613984e-07
1152 4.423569e-04 2.588866e-07
1153 4.423510e-04 2.563990e-07
1154 4.423451e-04 2.539354e-07
1155 4.423393e-04 2.514953e-07
1156 4.423336e-04 2.490788e-07
1157 4.423279e-04 2.466854e-07
1158 4.423222e-04 2.443151e-07
1159 4.423166e-04 2.419675e-07
1160 4.423111e-04 2.396425e-07
1161 4.423056e-04 2.373398e-07
1162 4.423002e-04 2.350593e-07
1163 4.422948e-04 2.328006e-07
1164 4.422895e-04 2.305637e-07
1165 4.422842e-04 2.283482e-07
1166 4.422790e-04 2.261541e-07
1167 4.422738e-04 2.239810e-07
1168 4.422687e-04 2.218288e-07
1169 4.422636e-04 2.196973e-07
1170 4.422586e-04 2.175863e-07
1171 4.422536e-04 2.154955e-07
1172 4.422487e-04 2.134249e-07
1173 4.422438e-04 2.113741e-07
1174 4.422390e-04 2.093431e-07
1175 4.422342e-04 2.073315e-07
1176 4.422295e-04 2.053393e-07
1177 4.422248e-04 2.033663e-07
1178 4.422201e-04 2.014122e-07
1179 4.422155e-04 1.994768e-07
1180 4.422110e-04 1.975601e-07
1181 4.422065e-04 1.956618e-07
1182 4.422020e-04 1.937817e-07
1183 4.421976e-04 1.919197e-07
1184 4.421932e-04 1.900756e-07
1185 4.421889e-04 1.882492e-07
1186 4.421846e-04 1.864403e-07
1187 4.421803e-04 1.846489e-07
1188 4.421761e-04 1.828746e-07
1189 4.421719e-04 1.811174e-07
1190 4.421678e-04 1.793771e-07
1191 4.421637e-04 1.776535e-07
1192 4.421597e-04 1.759465e-07
1193 4.421557e-04 1.742558e-07
1194 4.421517e-04 1.725814e-07
1195 4.421478e-04 1.709231e-07
1196 4.421439e-04 1.692808e-07
1197 4.421400e-04 1.676542e-07
1198 4.421362e-04 1.660432e-07
1199 4.421324e-04 1.644477e-07
1200 4.421287e-04 1.628676e-07
1201 4.421249e-04 1.613026e-07
1202 4.421213e-04 1.597527e-07
1203 4.421176e-04 1.582177e-07
1204 4.421140e-04 1.566974e-07
1205 4.421105e-04 1.551917e-07
1206 4.421069e-04 1.537005e-07
1207 4.421034e-04 1.522236e-07
1208 4.421000e-04 1.507609e-07
1209 4.420965e-04 1.493123e-07
1210 4.420931e-04 1.478776e-07
1211 4.420898e-04 1.464567e-07
1212 4.420864e-04 1.450494e-07
1213 4.420831e-04 1.436557e-07
1214 4.420799e-04 1.422753e-07
1215 4.420766e-04 1.409082e-07
1216 4.420734e-04 1.395542e-07
1217 4.420703e-04 1.382133e-07
1218 4.420671e-04 1.368852e-07
1219 4.420640e-04 1.355699e-07
1220 4.420609e-04 1.342673e-07
1221 4.420579e-04 1.329771e-07
1222 4.420549e-04 1.316994e-07
1223 4.420519e-04 1.304339e-07
1224 4.420489e-04 1.291806e-07
1225 4.420460e-04 1.279393e-07
1226 4.420431e-04 1.267100e-07
1227 4.420402e-04 1.254924e-07
1228 4.420373e-04 1.242866e-07
1229 4.420345e-04 1.230923e-07
1230 4.420317e-04 1.219096e-07
1231 4.420289e-04 1.207382e-07
1232 4.420262e-04 1.195780e-07
1233 4.420235e-04 1.184290e-07
1234 4.420208e-04 1.172911e-07
1235 4.420181e-04 1.161640e-07
1236 4.420155e-04 1.150478e-07
1237 4.420129e-04 1.139424e-07
1238 4.420103e-04 1.128475e-07
1239 4.420077e-04 1.117632e-07
1240 4.420052e-04 1.106893e-07
1241 4.420027e-04 1.096257e-07
1242 4.420002e-04 1.085723e-07
1243 4.419977e-04 1.075291e-07
1244 4.419953e-04 1.064958e-07
1245 4.419929e-04 1.054725e-07
1246 4.419905e-04 1.044591e-07
1247 4.419881e-04 1.034553e-07
1248 4.419858e-04 1.024613e-07
1249 4.419834e-04 1.014767e-07
1250 4.419811e-04 1.005017e-07
1251 4.419789e-04 9.953596e-08
1252 4.419766e-04 9.857954e-08
1253 4.419744e-04 9.763231e-08
1254 4.419722e-04 9.669418e-08
1255 4.419700e-04 9.576506e-08
1256 4.419678e-04 9.484488e-08
1257 4.419656e-04 9.393353e-08
1258 4.419635e-04 9.303094e-08
1259 4.419614e-04 9.213703e-08
1260 4.419593e-04 9.125170e-08
1261 4.419573e-04 9.037488e-08
1262 4.419552e-04 8.950648e-08
1263 4.419532e-04 8.864643e-08
1264 4.419512e-04 8.779465e-08
1265 4.419492e-04 8.695105e-08
1266 4.419472e-04 8.611555e-08
1267 4.419453e-04 8.528808e-08
1268 4.419433e-04 8.446857e-08
1269 4.419414e-04 8.365693e-08
1270 4.419395e-04 8.285308e-08
1271 4.419376e-04 8.205696e-08
1272 4.419358e-04 8.126849e-08
1273 4.419339e-04 8.048760e-08
1274 4.419321e-04 7.971421e-08
1275 4.419303e-04 7.894825e-08
1276 4.419285e-04 7.818965e-08
1277 4.419267e-04 7.743835e-08
1278 4.419250e-04 7.669426e-08
1279 4.419233e-04 7.595732e-08
1280 4.419215e-04 7.522746e-08
1281 4.419198e-04 7.450461e-08
1282 4.419181e-04 7.378871e-08
1283 4.419165e-04 7.307969e-08
1284 4.419148e-04 7.237748e-08
1285 4.419132e-04 7.168202e-08
1286 4.419116e-04 7.099324e-08
1287 4.419100e-04 7.031108e-08
1288 4.419084e-04 6.963548e-08
1289 4.419068e-04 6.896636e-08
1290 4.419052e-04 6.830368e-08
1291 4.419037e-04 6.764736e-08
1292 4.419022e-04 6.699735e-08
1293 4.419006e-04 6.635359e-08
1294 4.418991e-04 6.571601e-08
1295 4.418976e-04 6.508456e-08
1296 4.418962e-04 6.445917e-08
1297 4.418947e-04 6.383979e-08
1298 4.418933e-04 6.322637e-08
1299 4.418918e-04 6.261884e-08
1300 4.418904e-04 6.201715e-08
1301 4.418890e-04 6.142124e-08
1302 4.418876e-04 6.083105e-08
1303 4.418863e-04 6.024654e-08
1304 4.418849e-04 5.966764e-08
1305 4.418835e-04 5.909431e-08
1306 4.418822e-04 5.852648e-08
1307 4.418809e-04 5.796411e-08
1308 4.418796e-04 5.740715e-08
1309 4.418783e-04 5.685553e-08
1310 4.418770e-04 5.630922e-08
1311 4.418757e-04 5.576815e-08
1312 4.418745e-04 5.523229e-08
1313 4.418732e-04 5.470157e-08
1314 4.418720e-04 5.417596e-08
1315 4.418707e-04 5.365539e-08
1316 4.418695e-04 5.313983e-08
1317 4.418683e-04 5.262922e-08
1318 4.418671e-04 5.212351e-08
1319 4.418660e-04 5.162267e-08
1320 4.418648e-04 5.112663e-08
1321 4.418636e-04 5.063537e-08
1322 4.418625e-04 5.014882e-08
1323 4.418614e-04 4.966695e-08
1324 4.418602e-04 4.918971e-08
1325 4.418591e-04 4.871706e-08
1326 4.418580e-04 4.824895e-08
1327 4.418569e-04 4.778533e-08
1328 4.418559e-04 4.732617e-08
1329 4.418548e-04 4.687142e-08
1330 4.418537e-04 4.642105e-08
1331 4.418527e-04 4.597499e-08
1332 4.418516e-04 4.553323e-08
1333 4.418506e-04 4.509571e-08
1334 4.418496e-04 4.466239e-08
1335 4.418486e-04 4.423324e-08
1336 4.418476e-04 4.380821e-08
1337 4.418466e-04 4.338727e-08
1338 4.418456e-04 4.297037e-08
1339 4.418446e-04 4.255747e-08
1340 4.418437e-04 4.214855e-08
1341 4.418427e-04 4.174355e-08
1342 4.418418e-04 4.134245e-08
1343 4.418408e-04 4.094519e-08
1344 4.418399e-04 4.055176e-08
1345 4.418390e-04 4.016211e-08
1346 4.418381e-04 3.977620e-08
1347 4.418372e-04 3.939399e-08
1348 4.418363e-04 3.901546e-08
1349 4.418354e-04 3.864057e-08
1350 4.418346e-04 3.826928e-08
1351 4.418337e-04 3.790156e-08
1352 4.418328e-04 3.753737e-08
1353 4.418320e-04 3.717668e-08
1354 4.418311e-04 3.681946e-08
1355 4.418303e-04 3.646567e-08
1356 4.418295e-04 3.611528e-08
1357 4.418287e-04 3.576825e-08
1358 4.418279e-04 3.542456e-08
1359 4.418271e-04 3.508417e-08
1360 4.418263e-04 3.474706e-08
1361 4.418255e-04 3.441318e-08
1362 4.418247e-04 3.408251e-08
1363 4.418239e-04 3.375502e-08
1364 4.418232e-04 3.343067e-08
1365 4.418224e-04 3.310944e-08
1366 4.418217e-04 3.279130e-08
1367 4.418209e-04 3.247622e-08
1368 4.418202e-04 3.216416e-08
1369 4.418195e-04 3.185510e-08
1370 4.418188e-04 3.154901e-08
1371 4.418180e-04 3.124586e-08
1372 4.418173e-04 3.094563e-08
1373 4.418166e-04 3.064828e-08
1374 4.418160e-04 3.035378e-08
1375 4.418153e-04 3.006212e-08
1376 4.418146e-04 2.977326e-08
1377 4.418139e-04 2.948717e-08
1378 4.418133e-04 2.920384e-08
1379 4.418126e-04 2.892322e-08
1380 4.418119e-04 2.864530e-08
1381 4.418113e-04 2.837006e-08
1382 4.418107e-04 2.809745e-08
1383 4.418100e-04 2.782747e-08
1384 4.418094e-04 2.756008e-08
1385 4.418088e-04 2.729526e-08
1386 4.418082e-04 2.703299e-08
1387 4.418075e-04 2.677323e-08
1388 4.418069e-04 2.651598e-08
1389 4.418063e-04 2.626119e-08
1390 4.418057e-04 2.600885e-08
1391 4.418052e-04 2.575894e-08
1392 4.418046e-04 2.551142e-08
1393 4.418040e-04 2.526629e-08
1394 4.418034e-04 2.502351e-08
1395 4.418029e-04 2.478306e-08
1396 4.418023e-04 2.454493e-08
1397 4.418018e-04 2.430908e-08
1398 4.418012e-04 2.407550e-08
1399 4.418007e-04 2.384416e-08
1400 4.418001e-04 2.361505e-08
1401 4.417996e-04 2.338814e-08
1402 4.417991e-04 2.316340e-08
1403 4.417985e-04 2.294083e-08
1404 4.417980e-04 2.272040e-08
1405 4.417975e-04 2.250208e-08
1406 4.417970e-04 2.228586e-08
1407 4.417965e-04 2.207172e-08
1408 4.417960e-04 2.185964e-08
1409 4.417955e-04 2.164960e-08
1410 4.417950e-04 2.144157e-08
1411 4.417945e-04 2.123554e-08
1412 4.417941e-04 2.103149e-08
1413 4.417936e-04 2.082941e-08
1414 4.417931e-04 2.062926e-08
1415 4.417926e-04 2.043104e-08
1416 4.417922e-04 2.023472e-08
1417 4.417917e-04 2.004029e-08
1418 4.417913e-04 1.984772e-08
1419 4.417908e-04 1.965701e-08
1420 4.417904e-04 1.946813e-08
1421 4.417899e-04 1.928107e-08
1422 4.417895e-04 1.909580e-08
1423 4.417891e-04 1.891231e-08
1424 4.417887e-04 1.873058e-08
1425 4.417882e-04 1.855061e-08
1426 4.417878e-04 1.837236e-08
1427 4.417874e-04 1.819582e-08
1428 4.417870e-04 1.802098e-08
1429 4.417866e-04 1.784782e-08
1430 4.417862e-04 1.767632e-08
1431 4.417858e-04 1.750648e-08
1432 4.417854e-04 1.733826e-08
1433 4.417850e-04 1.717166e-08
1434 4.417846e-04 1.700666e-08
1435 4.417842e-04 1.684325e-08
1436 4.417838e-04 1.668140e-08
1437 4.417835e-04 1.652112e-08
1438 4.417831e-04 1.636237e-08
1439 4.417827e-04 1.620514e-08
1440 4.417824e-04 1.604943e-08
1441 4.417820e-04 1.589522e-08
1442 4.417816e-04 1.574248e-08
1443 4.417813e-04 1.559122e-08
1444 4.417809e-04 1.544140e-08
1445 4.417806e-04 1.529303e-08
1446 4.417802e-04 1.514608e-08
1447 4.417799e-04 1.500055e-08
1448 4.417796e-04 1.485641e-08
1449 4.417792e-04 1.471366e-08
1450 4.417789e-04 1.457228e-08
1451 4.417786e-04 1.443225e-08
1452 4.417782e-04 1.429358e-08
1453 4.417779e-04 1.415623e-08
1454 4.417776e-04 1.402021e-08
1455 4.417773e-04 1.388549e-08
1456 4.417770e-04 1.375207e-08
1457 4.417767e-04 1.361993e-08
1458 4.417764e-04 1.348906e-08
1459 4.417760e-04 1.335944e-08
1460 4.417757e-04 1.323107e-08
1461 4.417754e-04 1.310394e-08
1462 4.417752e-04 1.297803e-08
1463 4.417749e-04 1.285332e-08
1464 4.417746e-04 1.272982e-08
1465 4.417743e-04 1.260750e-08
1466 4.417740e-04 1.248636e-08
1467 4.417737e-04 1.236638e-08
1468 4.417734e-04 1.224755e-08
1469 4.417732e-04 1.212987e-08
1470 4.417729e-04 1.201331e-08
1471 4.417726e-04 1.189788e-08
1472 4.417724e-04 1.178355e-08
1473 4.417721e-04 1.167033e-08
1474 4.417718e-04 1.155819e-08
1475 4.417716e-04 1.144713e-08
1476 4.417713e-04 1.133714e-08
1477 4.417710e-04 1.122820e-08
1478 4.417708e-04 1.112031e-08
1479 4.417705e-04 1.101346e-08
1480 4.417703e-04 1.090763e-08
1481 4.417700e-04 1.080282e-08
1482 4.417698e-04 1.069902e-08
1483 4.417696e-04 1.059622e-08
1484 4.417693e-04 1.049440e-08
1485 4.417691e-04 1.039356e-08
1486 4.417689e-04 1.029369e-08
1487 4.417686e-04 1.019478e-08
1488 4.417684e-04 1.009682e-08
1489 4.417682e-04 9.999802e-09
