# step err_l2 res_l2
0 2.460291e-01 1.000000e+00
1 1.988944e-01 2.354279e-01
2 1.779719e-01 1.349206e-01
3 1.635178e-01 9.572861e-02
4 1.521890e-01 7.471060e-02
5 1.427829e-01 6.139719e-02
6 1.347062e-01 5.210899e-02
7 1.276140e-01 4.521167e-02
8 1.212845e-01 3.986240e-02
9 1.155645e-01 3.558071e-02
10 1.103435e-01 3.207238e-02
11 1.055382e-01 2.914692e-02
12 1.010846e-01 2.667488e-02
13 9.693218e-02 2.456423e-02
14 9.304067e-02 2.274685e-02
15 8.937755e-02 2.117040e-02
16 8.591632e-02 1.979358e-02
17 8.263523e-02 1.858305e-02
18 7.951628e-02 1.751154e-02
19 7.654449e-02 1.655659e-02
20 7.370726e-02 1.569960e-02
21 7.099397e-02 1.492517e-02
22 6.839555e-02 1.422054e-02
23 6.590421e-02 1.357518e-02
24 6.351318e-02 1.298038e-02
25 6.121655e-02 1.242897e-02
26 5.900909e-02 1.191505e-02
27 5.688613e-02 1.143374e-02
28 5.484348e-02 1.098103e-02
29 5.287734e-02 1.055361e-02
30 5.098424e-02 1.014874e-02
31 4.916099e-02 9.764120e-03
32 4.740461e-02 9.397861e-03
33 4.571235e-02 9.048359e-03
34 4.408163e-02 8.714262e-03
35 4.251001e-02 8.394420e-03
36 4.099520e-02 8.087844e-03
37 3.953502e-02 7.793681e-03
38 3.812740e-02 7.511185e-03
39 3.677037e-02 7.239696e-03
40 3.546206e-02 6.978632e-03
41 3.420067e-02 6.727467e-03
42 3.298447e-02 6.485728e-03
43 3.181181e-02 6.252982e-03
44 3.068111e-02 6.028831e-03
45 2.959085e-02 5.812909e-03
46 2.853957e-02 5.604873e-03
47 2.752587e-02 5.404405e-03
48 2.654838e-02 5.211203e-03
49 2.560581e-02 5.024985e-03
50 2.469690e-02 4.845482e-03
51 2.382045e-02 4.672439e-03
52 2.297529e-02 4.505615e-03
53 2.216031e-02 4.344777e-03
54 2.137442e-02 4.189705e-03
55 2.061659e-02 4.040187e-03
56 1.988581e-02 3.896021e-03
57 1.918112e-02 3.757010e-03
58 1.850158e-02 3.622969e-03
59 1.784630e-02 3.493718e-03
60 1.721441e-02 3.369084e-03
61 1.660507e-02 3.248901e-03
62 1.601749e-02 3.133009e-03
63 1.545088e-02 3.021254e-03
64 1.490449e-02 2.913488e-03
65 1.437762e-02 2.809567e-03
66 1.386955e-02 2.709355e-03
67 1.337962e-02 2.612719e-03
68 1.290719e-02 2.519530e-03
69 1.245162e-02 2.429665e-03
70 1.201233e-02 2.343007e-03
71 1.158872e-02 2.259440e-03
72 1.118024e-02 2.178854e-03
73 1.078635e-02 2.101142e-03
74 1.040653e-02 2.026202e-03
75 1.004028e-02 1.953935e-03
76 9.687120e-03 1.884246e-03
77 9.346577e-03 1.817043e-03
78 9.018206e-03 1.752236e-03
79 8.701571e-03 1.689741e-03
80 8.396256e-03 1.629475e-03
81 8.101858e-03 1.571358e-03
82 7.817988e-03 1.515315e-03
83 7.544272e-03 1.461270e-03
84 7.280349e-03 1.409153e-03
85 7.025870e-03 1.358894e-03
86 6.780499e-03 1.310428e-03
87 6.543913e-03 1.263691e-03
88 6.315800e-03 1.218620e-03
89 6.095858e-03 1.175157e-03
90 5.883798e-03 1.133244e-03
91 5.679339e-03 1.092827e-03
92 5.482212e-03 1.053850e-03
93 5.292156e-03 1.016264e-03
94 5.108920e-03 9.800180e-04
95 4.932264e-03 9.450650e-04
96 4.761953e-03 9.113586e-04
97 4.597762e-03 8.788544e-04
98 4.439476e-03 8.475094e-04
99 4.286884e-03 8.172824e-04
100 4.139786e-03 7.881335e-04
101 3.997987e-03 7.600241e-04
102 3.861300e-03 7.329173e-04
103 3.729544e-03 7.067773e-04
104 3.602545e-03 6.815696e-04
105 3.480136e-03 6.572610e-04
106 3.362154e-03 6.338193e-04
107 3.248444e-03 6.112137e-04
108 3.138855e-03 5.894144e-04
109 3.033242e-03 5.683925e-04
110 2.931466e-03 5.481204e-04
111 2.833392e-03 5.285713e-04
112 2.738889e-03 5.097194e-04
113 2.647833e-03 4.915399e-04
114 2.560103e-03 4.740088e-04
115 2.475583e-03 4.571030e-04
116 2.394160e-03 4.408001e-04
117 2.315726e-03 4.250786e-04
118 2.240178e-03 4.099179e-04
119 2.167414e-03 3.952979e-04
120 2.097337e-03 3.811993e-04
121 2.029855e-03 3.676036e-04
122 1.964877e-03 3.544928e-04
123 1.902316e-03 3.418495e-04
124 1.842088e-03 3.296572e-04
125 1.784113e-03 3.178998e-04
126 1.728314e-03 3.065617e-04
127 1.674614e-03 2.956279e-04
128 1.622941e-03 2.850842e-04
129 1.573225e-03 2.749164e-04
130 1.525400e-03 2.651114e-04
131 1.479400e-03 2.556560e-04
132 1.435162e-03 2.465378e-04
133 1.392625e-03 2.377449e-04
134 1.351731e-03 2.292656e-04
135 1.312425e-03 2.210886e-04
136 1.274650e-03 2.132034e-04
137 1.238354e-03 2.055993e-04
138 1.203488e-03 1.982665e-04
139 1.170000e-03 1.911952e-04
140 1.137844e-03 1.843761e-04
141 1.106975e-03 1.778002e-04
142 1.077346e-03 1.714588e-04
143 1.048916e-03 1.653436e-04
144 1.021642e-03 1.594465e-04
145 9.954843e-04 1.537597e-04
146 9.704041e-04 1.482758e-04
147 9.463632e-04 1.429874e-04
148 9.233250e-04 1.378877e-04
149 9.012538e-04 1.329698e-04
150 8.801153e-04 1.282274e-04
151 8.598758e-04 1.236541e-04
152 8.405030e-04 1.192438e-04
153 8.219653e-04 1.149909e-04
154 8.042321e-04 1.108897e-04
155 7.872737e-04 1.069347e-04
156 7.710612e-04 1.031208e-04
157 7.555666e-04 9.944297e-05
158 7.407627e-04 9.589627e-05
159 7.266229e-04 9.247606e-05
160 7.131216e-04 8.917784e-05
161 7.002339e-04 8.599725e-05
162 6.879354e-04 8.293010e-05
163 6.762028e-04 7.997234e-05
164 6.650132e-04 7.712007e-05
165 6.543444e-04 7.436953e-05
166 6.441749e-04 7.171709e-05
167 6.344840e-04 6.915925e-05
168 6.252515e-04 6.669264e-05
169 6.164577e-04 6.431400e-05
170 6.080840e-04 6.202020e-05
171 6.001118e-04 5.980820e-05
172 5.925236e-04 5.767510e-05
173 5.853024e-04 5.561808e-05
174 5.784315e-04 5.363442e-05
175 5.718952e-04 5.172151e-05
176 5.656781e-04 4.987683e-05
177 5.597655e-04 4.809794e-05
178 5.541432e-04 4.638249e-05
179 5.487976e-04 4.472823e-05
180 5.437154e-04 4.313297e-05
181 5.388842e-04 4.159460e-05
182 5.342919e-04 4.011110e-05
183 5.299269e-04 3.868051e-05
184 5.257780e-04 3.730094e-05
185 5.218348e-04 3.597058e-05
186 5.180871e-04 3.468766e-05
187 5.145251e-04 3.345050e-05
188 5.111396e-04 3.225747e-05
189 5.079218e-04 3.110698e-05
190 5.048632e-04 2.999753e-05
191 5.019558e-04 2.892765e-05
192 4.991919e-04 2.789593e-05
193 4.965643e-04 2.690100e-05
194 4.940660e-04 2.594156e-05
195 4.916903e-04 2.501633e-05
196 4.894311e-04 2.412411e-05
197 4.872824e-04 2.326370e-05
198 4.852385e-04 2.243399e-05
199 4.832940e-04 2.163386e-05
200 4.814438e-04 2.086228e-05
201 4.796831e-04 2.011821e-05
202 4.780072e-04 1.940068e-05
203 4.764119e-04 1.870874e-05
204 4.748930e-04 1.804148e-05
205 4.734466e-04 1.739802e-05
206 4.720689e-04 1.677751e-05
207 4.707564e-04 1.617913e-05
208 4.695059e-04 1.560209e-05
209 4.683142e-04 1.504563e-05
210 4.671782e-04 1.450901e-05
211 4.660952e-04 1.399154e-05
212 4.650624e-04 1.349252e-05
213 4.640774e-04 1.301130e-05
214 4.631377e-04 1.254725e-05
215 4.622410e-04 1.209974e-05
216 4.613853e-04 1.166819e-05
217 4.605684e-04 1.125204e-05
218 4.597885e-04 1.085073e-05
219 4.590437e-04 1.046373e-05
220 4.583323e-04 1.009053e-05
221 4.576526e-04 9.730648e-06
222 4.570031e-04 9.383597e-06
223 4.563823e-04 9.048925e-06
224 4.557888e-04 8.726189e-06
225 4.552214e-04 8.414963e-06
226 4.546787e-04 8.114838e-06
227 4.541596e-04 7.825416e-06
228 4.536629e-04 7.546318e-06
229 4.531876e-04 7.277173e-06
230 4.527327e-04 7.017628e-06
231 4.522973e-04 6.767339e-06
232 4.518803e-04 6.525977e-06
233 4.514810e-04 6.293224e-06
234 4.510985e-04 6.068772e-06
235 4.507321e-04 5.852325e-06
236 4.503810e-04 5.643598e-06
237 4.500445e-04 5.442315e-06
238 4.497220e-04 5.248211e-06
239 4.494128e-04 5.061030e-06
240 4.491163e-04 4.880525e-06
241 4.488320e-04 4.706457e-06
242 4.485593e-04 4.538598e-06
243 4.482977e-04 4.376726e-06
244 4.480467e-04 4.220627e-06
245 4.478059e-04 4.070096e-06
246 4.475748e-04 3.924933e-06
247 4.473529e-04 3.784947e-06
248 4.471399e-04 3.649955e-06
249 4.469354e-04 3.519777e-06
250 4.467391e-04 3.394241e-06
251 4.465505e-04 3.273183e-06
252 4.463693e-04 3.156443e-06
253 4.461953e-04 3.043866e-06
254 4.460282e-04 2.935305e-06
255 4.458676e-04 2.830615e-06
256 4.457132e-04 2.729659e-06
257 4.455649e-04 2.632304e-06
258 4.454223e-04 2.538421e-06
259 4.452853e-04 2.447887e-06
260 4.451535e-04 2.360581e-06
261 4.450269e-04 2.276389e-06
262 4.449051e-04 2.195200e-06
263 4.447879e-04 2.116907e-06
264 4.446753e-04 2.041406e-06
265 4.445670e-04 1.968598e-06
266 4.444628e-04 1.898386e-06
267 4.443625e-04 1.830679e-06
268 4.442661e-04 1.765387e-06
269 4.441733e-04 1.702423e-06
270 4.440840e-04 1.641705e-06
271 4.439981e-04 1.583152e-06
272 4.439154e-04 1.526688e-06
273 4.438359e-04 1.472238e-06
274 4.437593e-04 1.419729e-06
275 4.436856e-04 1.369094e-06
276 4.436147e-04 1.320264e-06
277 4.435464e-04 1.273176e-06
278 4.434806e-04 1.227767e-06
279 4.434173e-04 1.183978e-06
280 4.433564e-04 1.141751e-06
281 4.432977e-04 1.101029e-06
282 4.432412e-04 1.061760e-06
283 4.431868e-04 1.023892e-06
284 4.431344e-04 9.873742e-07
285 4.430839e-04 9.521588e-07
286 4.430353e-04 9.181994e-07
287 4.429885e-04 8.854512e-07
288 4.429434e-04 8.538710e-07
289 4.429000e-04 8.234171e-07
290 4.428582e-04 7.940494e-07
291 4.428179e-04 7.657290e-07
292 4.427791e-04 7.384188e-07
293 4.427417e-04 7.120826e-07
294 4.427056e-04 6.866857e-07
295 4.426709e-04 6.621945e-07
296 4.426375e-04 6.385769e-07
297 4.426053e-04 6.158016e-07
298 4.425742e-04 5.938386e-07
299 4.425443e-04 5.726590e-07
300 4.425155e-04 5.522347e-07
301 4.424877e-04 5.325389e-07
302 4.424610e-04 5.135455e-07
303 4.424352e-04 4.952296e-07
304 4.424103e-04 4.775669e-07
305 4.423864e-04 4.605341e-07
306 4.423633e-04 4.441088e-07
307 4.423410e-04 4.282694e-07
308 4.423196e-04 4.129949e-07
309 4.422989e-04 3.982651e-07
310 4.422790e-04 3.840607e-07
311 4.422598e-04 3.703629e-07
312 4.422413e-04 3.571537e-07
313 4.422235e-04 3.444156e-07
314 4.422063e-04 3.321317e-07
315 4.421898e-04 3.202860e-07
316 4.421738e-04 3.088628e-07
317 4.421584e-04 2.978470e-07
318 4.421436e-04 2.872241e-07
319 4.421293e-04 2.769800e-07
320 4.421155e-04 2.671014e-07
321 4.421022e-04 2.575750e-07
322 4.420894e-04 2.483884e-07
323 4.420770e-04 2.395295e-07
324 4.420651e-04 2.309865e-07
325 4.420536e-04 2.227482e-07
326 4.420426e-04 2.148037e-07
327 4.420319e-04 2.071426e-07
328 4.420216e-04 1.997547e-07
329 4.420117e-04 1.926303e-07
330 4.420022e-04 1.857600e-07
331 4.419929e-04 1.791348e-07
332 4.419841e-04 1.727458e-07
333 4.419755e-04 1.665847e-07
334 4.419672e-04 1.606434e-07
335 4.419593e-04 1.549139e-07
336 4.419516e-04 1.493888e-07
337 4.419442e-04 1.440607e-07
338 4.419371e-04 1.389227e-07
339 4.419302e-04 1.339679e-07
340 4.419236e-04 1.291899e-07
341 4.419172e-04 1.245822e-07
342 4.419110e-04 1.201389e-07
343 4.419051e-04 1.158541e-07
344 4.418993e-04 1.117221e-07
345 4.418938e-04 1.077374e-07
346 4.418885e-04 1.038949e-07
347 4.418833e-04 1.001894e-07
348 4.418784e-04 9.661609e-08
349 4.418736e-04 9.317021e-08
350 4.418690e-04 8.984723e-08
351 4.418646e-04 8.664277e-08
352 4.418603e-04 8.355259e-08
353 4.418561e-04 8.057263e-08
354 4.418522e-04 7.769895e-08
355 4.418483e-04 7.492777e-08
356 4.418446e-04 7.225542e-08
357 4.418411e-04 6.967838e-08
358 4.418376e-04 6.719325e-08
359 4.418343e-04 6.479676e-08
360 4.418311e-04 6.248574e-08
361 4.418280e-04 6.025714e-08
362 4.418250e-04 5.810803e-08
363 4.418222e-04 5.603556e-08
364 4.418194e-04 5.403702e-08
365 4.418167e-04 5.210975e-08
366 4.418142e-04 5.025122e-08
367 4.418117e-04 4.845897e-08
368 4.418093e-04 4.673065e-08
369 4.418070e-04 4.506397e-08
370 4.418048e-04 4.345673e-08
371 4.418026e-04 4.190682e-08
372 4.418006e-04 4.041218e-08
373 4.417986e-04 3.897086e-08
374 4.417966e-04 3.758093e-08
375 4.417948e-04 3.624058e-08
376 4.417930e-04 3.494804e-08
377 4.417913e-04 3.370159e-08
378 4.417896e-04 3.249960e-08
379 4.417880e-04 3.134048e-08
380 4.417865e-04 3.022270e-08
381 4.417850e-04 2.914479e-08
382 4.417835e-04 2.810532e-08
383 4.417822e-04 2.710292e-08
384 4.417808e-04 2.613628e-08
385 4.417795e-04 2.520411e-08
386 4.417783e-04 2.430519e-08
387 4.417771e-04 2.343833e-08
388 4.417759e-04 2.260238e-08
389 4.417748e-04 2.179625e-08
390 4.417737e-04 2.101888e-08
391 4.417727e-04 2.026922e-08
392 4.417717e-04 1.954631e-08
393 4.417707e-04 1.884917e-08
394 4.417698e-04 1.817691e-08
395 4.417689e-04 1.752861e-08
396 4.417681e-04 1.690344e-08
397 4.417672e-04 1.630057e-08
398 4.417664e-04 1.571920e-08
399 4.417656e-04 1.515856e-08
400 4.417649e-04 1.461792e-08
401 4.417642e-04 1.409656e-08
402 4.417635e-04 1.359380e-08
403 4.417628e-04 1.310897e-08
404 4.417622e-04 1.264143e-08
405 4.417615e-04 1.219056e-08
406 4.417609e-04 1.175578e-08
407 4.417604e-04 1.133650e-08
408 4.417598e-04 1.093218e-08
409 4.417593e-04 1.054227e-08
410 4.417588e-04 1.016628e-08
411 4.417583e-04 9.803688e-09
