err_l2 = 0.00044174296545638163
steps = 29
runtime_s = 0.008629083633422852
err_max = 0.0021525246923480568
history_file = "history_cg_nx32_ny32_nz32_steps29.txt"
exact_plot = "exact_nx32_ny32_nz32.png"
error_plot = "error_nx32_ny32_nz32_M10_steps29.png"
res_l2 = 8.065437e-09
