# step err_l2 res_l2
0 2.462974e-01 1.000000e+00
1 2.149712e-01 1.199377e-01
2 2.036687e-01 7.236580e-02
3 1.951935e-01 5.240050e-02
4 1.882071e-01 4.131650e-02
5 1.821853e-01 3.430431e-02
6 1.768543e-01 2.945867e-02
7 1.720493e-01 2.589406e-02
8 1.676616e-01 2.314971e-02
9 1.636155e-01 2.096349e-02
10 1.598554e-01 1.917539e-02
11 1.563391e-01 1.768211e-02
12 1.530339e-01 1.641392e-02
13 1.499136e-01 1.532206e-02
14 1.469569e-01 1.437148e-02
15 1.441462e-01 1.353651e-02
16 1.414669e-01 1.279814e-02
17 1.389064e-01 1.214239e-02
18 1.364541e-01 1.155936e-02
19 1.341008e-01 1.104267e-02
20 1.318384e-01 1.058944e-02
21 1.296598e-01 1.020059e-02
22 1.275588e-01 9.881462e-03
23 1.255299e-01 9.642926e-03
24 1.235682e-01 9.502669e-03
25 1.216691e-01 9.486579e-03
26 1.198286e-01 9.629719e-03
27 1.180432e-01 9.976293e-03
28 1.163095e-01 1.057828e-02
29 1.146247e-01 1.149314e-02
30 1.129859e-01 1.278197e-02
31 1.113906e-01 1.450965e-02
32 1.098368e-01 1.674734e-02
33 1.083223e-01 1.957699e-02
34 1.068455e-01 2.309650e-02
35 1.054048e-01 2.742515e-02
36 1.039989e-01 3.270902e-02
37 1.026270e-01 3.912676e-02
38 1.012886e-01 4.689616e-02
39 9.998388e-02 5.628165e-02
40 9.871370e-02 6.760349e-02
41 9.748006e-02 8.124867e-02
42 9.628652e-02 9.768416e-02
43 9.513888e-02 1.174729e-01
44 9.404615e-02 1.412928e-01
45 9.302199e-02 1.699606e-01
46 9.208680e-02 2.044592e-01
47 9.127059e-02 2.459714e-01
48 9.061723e-02 2.959209e-01
49 9.019013e-02 3.560209e-01
50 9.008004e-02 4.283326e-01
51 9.041503e-02 5.153363e-01
52 9.137264e-02 6.200162e-01
53 9.319324e-02 7.459629e-01
54 9.619238e-02 8.974964e-01
55 1.007691e-01 1.079814e+00
56 1.074069e-01 1.299171e+00
57 1.166672e-01 1.563090e+00
58 1.291800e-01 1.880625e+00
59 1.456395e-01 2.262668e+00
60 1.668141e-01 2.722323e+00
61 1.935719e-01 3.275359e+00
62 2.269202e-01 3.940747e+00
63 2.680533e-01 4.741310e+00
64 3.184071e-01 5.704511e+00
65 3.797175e-01 6.863392e+00
66 4.540876e-01 8.257707e+00
67 5.440640e-01 9.935286e+00
68 6.527261e-01 1.195368e+01
69 7.837937e-01 1.438212e+01
70 9.417548e-01 1.730393e+01
71 1.132020e+00 2.081932e+01
72 1.361107e+00 2.504891e+01
73 1.636867e+00 3.013778e+01
74 1.968749e+00 3.626052e+01
75 2.368128e+00 4.362716e+01
76 2.848695e+00 5.249044e+01
77 3.426921e+00 6.315441e+01
78 4.122628e+00 7.598492e+01
79 4.959665e+00 9.142215e+01
80 5.966725e+00 1.099957e+02
81 7.178333e+00 1.323428e+02
82 8.636024e+00 1.592300e+02
83 1.038977e+01 1.915800e+02
84 1.249970e+01 2.305024e+02
85 1.503814e+01 2.773326e+02
86 1.809211e+01 3.336774e+02
87 2.176633e+01 4.014697e+02
88 2.618674e+01 4.830356e+02
89 3.150491e+01 5.811734e+02
90 3.790316e+01 6.992502e+02
91 4.560084e+01 8.413170e+02
92 5.486188e+01 1.012248e+03
93 6.600377e+01 1.217908e+03
94 7.940851e+01 1.465354e+03
95 9.553570e+01 1.763074e+03
96 1.149383e+02 2.121285e+03
97 1.382814e+02 2.552276e+03
98 1.663655e+02 3.070836e+03
99 2.001534e+02 3.694756e+03
100 2.408035e+02 4.445444e+03
101 2.897097e+02 5.348658e+03
102 3.485487e+02 6.435388e+03
103 4.193380e+02 7.742923e+03
104 5.045047e+02 9.316126e+03
105 6.069690e+02 1.120898e+04
106 7.302440e+02 1.348643e+04
107 8.785566e+02 1.622663e+04
108 1.056992e+03 1.952359e+04
109 1.271669e+03 2.349045e+04
110 1.529948e+03 2.826333e+04
111 1.840685e+03 3.400601e+04
112 2.214535e+03 4.091552e+04
113 2.664317e+03 4.922898e+04
114 3.205453e+03 5.923165e+04
115 3.856500e+03 7.126678e+04
116 4.639780e+03 8.574733e+04
117 5.582154e+03 1.031702e+05
118 6.715934e+03 1.241333e+05
119 8.079999e+03 1.493560e+05
120 9.721123e+03 1.797038e+05
121 1.169558e+04 2.162181e+05
122 1.407108e+04 2.601519e+05
123 1.692908e+04 3.130130e+05
124 2.036759e+04 3.766153e+05
125 2.450451e+04 4.531414e+05
126 2.948172e+04 5.452175e+05
127 3.546988e+04 6.560034e+05
128 4.267436e+04 7.893010e+05
129 5.134220e+04 9.496848e+05
130 6.177066e+04 1.142659e+06
131 7.431735e+04 1.374846e+06
132 8.941255e+04 1.654213e+06
133 1.075739e+05 1.990350e+06
134 1.294243e+05 2.394790e+06
135 1.557130e+05 2.881415e+06
136 1.873416e+05 3.466925e+06
137 2.253947e+05 4.171414e+06
138 2.711774e+05 5.019060e+06
139 3.262598e+05 6.038955e+06
140 3.925310e+05 7.266100e+06
141 4.722637e+05 8.742613e+06
142 5.681924e+05 1.051917e+07
143 6.836070e+05 1.265674e+07
144 8.224659e+05 1.522869e+07
145 9.895313e+05 1.832328e+07
146 1.190533e+06 2.204674e+07
147 1.432365e+06 2.652686e+07
148 1.723320e+06 3.191740e+07
149 2.073379e+06 3.840338e+07
150 2.494547e+06 4.620741e+07
151 3.001268e+06 5.559734e+07
152 3.610923e+06 6.689546e+07
153 4.344422e+06 8.048956e+07
154 5.226921e+06 9.684623e+07
155 6.288690e+06 1.165269e+08
156 7.566145e+06 1.402070e+08
157 9.103103e+06 1.686995e+08
158 1.095228e+07 2.029822e+08
159 1.317710e+07 2.442319e+08
160 1.585387e+07 2.938644e+08
161 1.907441e+07 3.535835e+08
162 2.294917e+07 4.254389e+08
163 2.761108e+07 5.118970e+08
164 3.322002e+07 6.159256e+08
165 3.996840e+07 7.410956e+08
166 4.808768e+07 8.917034e+08
167 5.785637e+07 1.072919e+09
168 6.960954e+07 1.290962e+09
169 8.375035e+07 1.553318e+09
170 1.007639e+08 1.868993e+09
171 1.212336e+08 2.248822e+09
172 1.458619e+08 2.705845e+09
173 1.754933e+08 3.255748e+09
174 2.111445e+08 3.917410e+09
175 2.540383e+08 4.713543e+09
176 3.056461e+08 5.671477e+09
177 3.677383e+08 6.824095e+09
178 4.424447e+08 8.210967e+09
179 5.323282e+08 9.879700e+09
180 6.404720e+08 1.188758e+10
181 7.705860e+08 1.430354e+10
182 9.271336e+08 1.721050e+10
183 1.115485e+09 2.070828e+10
184 1.342102e+09 2.491694e+10
185 1.614758e+09 2.998097e+10
186 1.942808e+09 3.607421e+10
187 2.337504e+09 4.340586e+10
188 2.812387e+09 5.222760e+10
189 3.383749e+09 6.284229e+10
190 4.071190e+09 7.561434e+10
191 4.898295e+09 9.098224e+10
192 5.893438e+09 1.094736e+11
193 7.090760e+09 1.317232e+11
194 8.531337e+09 1.584950e+11
195 1.026459e+10 1.907080e+11
196 1.234999e+10 2.294682e+11
197 1.485907e+10 2.761064e+11
198 1.787792e+10 3.322237e+11
199 2.151010e+10 3.997469e+11
200 2.588024e+10 4.809941e+11
201 3.113827e+10 5.787549e+11
202 3.746458e+10 6.963858e+11
203 4.507622e+10 8.379253e+11
204 5.423434e+10 1.008233e+12
205 6.525316e+10 1.213157e+12
206 7.851072e+10 1.459732e+12
207 9.446188e+10 1.756424e+12
208 1.136539e+11 2.113421e+12
209 1.367454e+11 2.542980e+12
210 1.645285e+11 3.059850e+12
211 1.979565e+11 3.681778e+12
212 2.381764e+11 4.430117e+12
213 2.865682e+11 5.330563e+12
214 3.447922e+11 6.414033e+12
215 4.148462e+11 7.717730e+12
216 4.991339e+11 9.286418e+12
217 6.005475e+11 1.117396e+13
218 7.225665e+11 1.344517e+13
219 8.693778e+11 1.617803e+13
220 1.046019e+12 1.946638e+13
221 1.258551e+12 2.342314e+13
222 1.514267e+12 2.818416e+13
223 1.821940e+12 3.391294e+13
224 2.192129e+12 4.080619e+13
225 2.637536e+12 4.910061e+13
226 3.173445e+12 5.908102e+13
227 3.818244e+12 7.109013e+13
228 4.594061e+12 8.554032e+13
229 5.527517e+12 1.029278e+14
230 6.650643e+12 1.238496e+14
231 8.001979e+12 1.490243e+14
232 9.627898e+12 1.793162e+14
233 1.158419e+13 2.157657e+14
234 1.393800e+13 2.596243e+14
235 1.677008e+13 3.123983e+14
236 2.017764e+13 3.758998e+14
237 2.427759e+13 4.523097e+14
238 2.921065e+13 5.442518e+14
239 3.514610e+13 6.548837e+14
240 4.228762e+13 7.880044e+14
241 5.088029e+13 9.481856e+14
242 6.121900e+13 1.140928e+15
243 7.365853e+13 1.372851e+15
244 8.862581e+13 1.651920e+15
245 1.066345e+14 1.987718e+15
246 1.283025e+14 2.391777e+15
247 1.543736e+14 2.877974e+15
248 1.857425e+14 3.463006e+15
249 2.234857e+14 4.166966e+15
250 2.688985e+14 5.014029e+15
251 3.235394e+14 6.033287e+15
252 3.892838e+14 7.259745e+15
253 4.683880e+14 8.735525e+15
254 5.635669e+14 1.051131e+16
255 6.780869e+14 1.264809e+16
256 8.158786e+14 1.521925e+16
257 9.816711e+14 1.831310e+16
258 1.181154e+15 2.203590e+16
259 1.421175e+15 2.651550e+16
260 1.709971e+15 3.190576e+16
261 2.057454e+15 3.839182e+16
262 2.475551e+15 4.619644e+16
263 2.978612e+15 5.558768e+16
264 3.583902e+15 6.688809e+16
265 4.312196e+15 8.048580e+16
266 5.188493e+15 9.684786e+16
267 6.242869e+15 1.165362e+17
268 7.511513e+15 1.402272e+17
269 9.037970e+15 1.687344e+17
270 1.087463e+16 2.030371e+17
271 1.308454e+16 2.443134e+17
272 1.574355e+16 2.939812e+17
273 1.894293e+16 3.537463e+17
274 2.279250e+16 4.256617e+17
275 2.742439e+16 5.121976e+17
276 3.299759e+16 6.163262e+17
277 3.970340e+16 7.416244e+17
278 4.777200e+16 8.923960e+17
279 5.748035e+16 1.073820e+18
280 6.916170e+16 1.292128e+18
281 8.321701e+16 1.554819e+18
282 1.001288e+17 1.870916e+18
283 1.204775e+17 2.251278e+18
284 1.449616e+17 2.708970e+18
285 1.744217e+17 3.259714e+18
286 2.098690e+17 3.922428e+18
287 2.525203e+17 4.719877e+18
288 3.038397e+17 5.679455e+18
289 3.655889e+17 6.834124e+18
290 4.398877e+17 8.223550e+18
291 5.292865e+17 9.895460e+18
292 6.368542e+17 1.190729e+19
293 7.662836e+17 1.432815e+19
294 9.220177e+17 1.724120e+19
295 1.109403e+18 2.074651e+19
296 1.334872e+18 2.496450e+19
297 1.606164e+18 3.004007e+19
298 1.932595e+18 3.614759e+19
299 2.325368e+18 4.349685e+19
300 2.797970e+18 5.234035e+19
301 3.366623e+18 6.298188e+19
302 4.050850e+18 7.578703e+19
303 4.874142e+18 9.119571e+19
304 5.864763e+18 1.097373e+20
305 7.056721e+18 1.320487e+20
306 8.490938e+18 1.588965e+20
307 1.021665e+19 1.912030e+20
308 1.229311e+19 2.300781e+20
309 1.479161e+19 2.768574e+20
310 1.779791e+19 3.331481e+20
311 2.141525e+19 4.008839e+20
312 2.576780e+19 4.823921e+20
313 3.100500e+19 5.804730e+20
314 3.730667e+19 6.984962e+20
315 4.488916e+19 8.405167e+20
316 5.401280e+19 1.011414e+21
317 6.499084e+19 1.217059e+21
318 7.820020e+19 1.464517e+21
319 9.409441e+19 1.762291e+21
320 1.132192e+20 2.120612e+21
321 1.362312e+20 2.551789e+21
322 1.639205e+20 3.070639e+21
323 1.972378e+20 3.694986e+21
324 2.373271e+20 4.446284e+21
325 2.855648e+20 5.350345e+21
326 3.436073e+20 6.438231e+21
327 4.134475e+20 7.747322e+21
328 4.974833e+20 9.322596e+21
329 5.986003e+20 1.121818e+22
330 7.202705e+20 1.349920e+22
331 8.666715e+20 1.624404e+22
332 1.042830e+21 1.954700e+22
333 1.254796e+21 2.352159e+22
334 1.509846e+21 2.830435e+22
335 1.816739e+21 3.405964e+22
336 2.186013e+21 4.098521e+22
337 2.630348e+21 4.931903e+22
338 3.165001e+21 5.934745e+22
339 3.808331e+21 7.141506e+22
340 4.582430e+21 8.593653e+22
341 5.513878e+21 1.034108e+23
342 6.634661e+21 1.244384e+23
343 7.983266e+21 1.497418e+23
344 9.606003e+21 1.801906e+23
345 1.155860e+22 2.168309e+23
346 1.390809e+22 2.609219e+23
347 1.673518e+22 3.139787e+23
348 2.013694e+22 3.778244e+23
349 2.423019e+22 4.546529e+23
350 2.915549e+22 5.471045e+23
351 3.508199e+22 6.583559e+23
352 4.221320e+22 7.922303e+23
353 5.079402e+22 9.533281e+23
354 6.111912e+22 1.147185e+24
355 7.354309e+22 1.380464e+24
356 8.849258e+22 1.661179e+24
357 1.064810e+23 1.998980e+24
358 1.281261e+23 2.405473e+24
359 1.541712e+23 2.894628e+24
360 1.855109e+23 3.483254e+24
361 2.232213e+23 4.191582e+24
362 2.685975e+23 5.043951e+24
363 3.231981e+23 6.069656e+24
364 3.888980e+23 7.303944e+24
365 4.679537e+23 8.789235e+24
366 5.630803e+23 1.057657e+25
367 6.775447e+23 1.272738e+25
368 8.152783e+23 1.531557e+25
369 9.810114e+23 1.843010e+25
370 1.180436e+24 2.217800e+25
371 1.420401e+24 2.668809e+25
372 1.709149e+24 3.211534e+25
373 2.056596e+24 3.864631e+25
374 2.474676e+24 4.650542e+25
375 2.977748e+24 5.596280e+25
376 3.583091e+24 6.734347e+25
377 4.311495e+24 8.103857e+25
378 5.187979e+24 9.751877e+25
379 6.242647e+24 1.173505e+26
380 7.511723e+24 1.412153e+26
381 9.038796e+24 1.699335e+26
382 1.087632e+25 2.044920e+26
383 1.308740e+25 2.460787e+26
384 1.574799e+25 2.961228e+26
385 1.894947e+25 3.563443e+26
386 2.280181e+25 4.288131e+26
387 2.743733e+25 5.160200e+26
388 3.301524e+25 6.209623e+26
389 3.972715e+25 7.472469e+26
390 4.780360e+25 8.992144e+26
391 5.752200e+25 1.082088e+27
392 6.921618e+25 1.302153e+27
393 8.328783e+25 1.566974e+27
394 1.002203e+26 1.885653e+27
395 1.205952e+26 2.269144e+27
396 1.451124e+26 2.730628e+27
397 1.746142e+26 3.285967e+27
398 2.101138e+26 3.954249e+27
399 2.528307e+26 4.758445e+27
400 3.042323e+26 5.726198e+27
401 3.660843e+26 6.890772e+27
402 4.405114e+26 8.292196e+27
403 5.300702e+26 9.978644e+27
404 6.378372e+26 1.200808e+28
405 7.675145e+26 1.445027e+28
406 9.235566e+26 1.738916e+28
407 1.111324e+27 2.092577e+28
408 1.337267e+27 2.518166e+28
409 1.609147e+27 3.030314e+28
410 1.936305e+27 3.646625e+28
411 2.329978e+27 4.388284e+28
412 2.803691e+27 5.280786e+28
413 3.373718e+27 6.354811e+28
414 4.059641e+27 7.647279e+28
415 4.885023e+27 9.202619e+28
416 5.878221e+27 1.107430e+29
417 7.073355e+27 1.332665e+29
418 8.511483e+27 1.603711e+29
419 1.024201e+28 1.929886e+29
420 1.232439e+28 2.322400e+29
421 1.483016e+28 2.794749e+29
422 1.784541e+28 3.363170e+29
423 2.147373e+28 4.047204e+29
424 2.583977e+28 4.870365e+29
425 3.109353e+28 5.860951e+29
426 3.741551e+28 7.053017e+29
427 4.502291e+28 8.487543e+29
428 5.417708e+28 1.021384e+30
429 6.519254e+28 1.229127e+30
430 7.844774e+28 1.479123e+30
431 9.439809e+28 1.779968e+30
432 1.135916e+29 2.142004e+30
433 1.366877e+29 2.577678e+30
434 1.644799e+29 3.101967e+30
435 1.979232e+29 3.732896e+30
436 2.381664e+29 4.492155e+30
437 2.865924e+29 5.405849e+30
438 3.448650e+29 6.505389e+30
439 4.149863e+29 7.828577e+30
440 4.993655e+29 9.420904e+30
441 6.009020e+29 1.133711e+31
442 7.230843e+29 1.364309e+31
443 8.701106e+29 1.641811e+31
444 1.047033e+30 1.975758e+31
445 1.259929e+30 2.377631e+31
446 1.516116e+30 2.861248e+31
447 1.824395e+30 3.443235e+31
448 2.195359e+30 4.143603e+31
449 2.641755e+30 4.986430e+31
450 3.178920e+30 6.000695e+31
451 3.825313e+30 7.221270e+31
452 4.603144e+30 8.690121e+31
453 5.539140e+30 1.045775e+32
454 6.665464e+30 1.258493e+32
455 8.020818e+30 1.514481e+32
456 9.651774e+30 1.822539e+32
457 1.161438e+31 2.193260e+32
458 1.397606e+31 2.639390e+32
459 1.681799e+31 3.176269e+32
460 2.023780e+31 3.822356e+32
461 2.435303e+31 4.599866e+32
462 2.930508e+31 5.535533e+32
463 3.526411e+31 6.661529e+32
464 4.243490e+31 8.016571e+32
465 5.106387e+31 9.647250e+32
466 6.144754e+31 1.160964e+33
467 7.394273e+31 1.397121e+33
468 8.897883e+31 1.681316e+33
469 1.070725e+32 2.023323e+33
470 1.288456e+32 2.434899e+33
471 1.550464e+32 2.930199e+33
472 1.865751e+32 3.526253e+33
473 2.245153e+32 4.243556e+33
474 2.701709e+32 5.106774e+33
475 3.251108e+32 6.145590e+33
476 3.912229e+32 7.395723e+33
477 4.707795e+32 8.900163e+33
478 5.665144e+32 1.071064e+34
479 6.817178e+32 1.288941e+34
480 8.203487e+32 1.551140e+34
481 9.871715e+32 1.866677e+34
482 1.187919e+33 2.246402e+34
483 1.429491e+33 2.703373e+34
484 1.720189e+33 3.253305e+34
485 2.070004e+33 3.915107e+34
486 2.490958e+33 4.711538e+34
487 2.997518e+33 5.669987e+34
488 3.607094e+33 6.823411e+34
489 4.340636e+33 8.211476e+34
490 5.223354e+33 9.881915e+34
491 6.285586e+33 1.189217e+35
492 7.563839e+33 1.431138e+35
493 9.102047e+33 1.722273e+35
494 1.095307e+34 2.072634e+35
495 1.318054e+34 2.494270e+35
496 1.586100e+34 3.001682e+35
497 1.908659e+34 3.612317e+35
498 2.296815e+34 4.347177e+35
499 2.763912e+34 5.231534e+35
500 3.326002e+34 6.295799e+35
501 4.002404e+34 7.576575e+35
502 4.816368e+34 9.117907e+35
503 5.795870e+34 1.097280e+36
504 6.974575e+34 1.320506e+36
505 8.392998e+34 1.589143e+36
506 1.009989e+35 1.912432e+36
507 1.215392e+35 2.301491e+36
508 1.462570e+35 2.769700e+36
509 1.760017e+35 3.333161e+36
510 2.117958e+35 4.011254e+36
511 2.548695e+35 4.827298e+36
512 3.067036e+35 5.809361e+36
513 3.690795e+35 6.991216e+36
514 4.441414e+35 8.413511e+36
515 5.344694e+35 1.012516e+37
516 6.431682e+35 1.218504e+37
517 7.739743e+35 1.466399e+37
518 9.313839e+35 1.764727e+37
519 1.120808e+36 2.123748e+37
520 1.348757e+36 2.555811e+37
521 1.623067e+36 3.075776e+37
522 1.953168e+36 3.701526e+37
523 2.350406e+36 4.454583e+37
524 2.828436e+36 5.360848e+37
525 3.403690e+36 6.451493e+37
526 4.095943e+36 7.764028e+37
527 4.928991e+36 9.343597e+37
528 5.931470e+36 1.124453e+38
529 7.137841e+36 1.353221e+38
530 8.589574e+36 1.628532e+38
531 1.033657e+37 1.959856e+38
532 1.243889e+37 2.358589e+38
533 1.496881e+37 2.838445e+38
534 1.801328e+37 3.415929e+38
535 2.167697e+37 4.110904e+38
536 2.608583e+37 4.947276e+38
537 3.139141e+37 5.953811e+38
538 3.777611e+37 7.165131e+38
539 4.545943e+37 8.622903e+38
540 5.470548e+37 1.037727e+39
541 6.583213e+37 1.248857e+39
542 7.922189e+37 1.502943e+39
543 9.533507e+37 1.808725e+39
544 1.147256e+38 2.176721e+39
545 1.380601e+38 2.619590e+39
546 1.661408e+38 3.152564e+39
547 1.999331e+38 3.793977e+39
548 2.405987e+38 4.565892e+39
549 2.895357e+38 5.494863e+39
550 3.484264e+38 6.612843e+39
551 4.192955e+38 7.958290e+39
552 5.045795e+38 9.577485e+39
553 6.072104e+38 1.152613e+40
554 7.307166e+38 1.387125e+40
555 8.793443e+38 1.669351e+40
556 1.058203e+39 2.009001e+40
557 1.273443e+39 2.417758e+40
558 1.532464e+39 2.909683e+40
559 1.844170e+39 3.501698e+40
560 2.219280e+39 4.214168e+40
561 2.670689e+39 5.071603e+40
562 3.213918e+39 6.103498e+40
563 3.867644e+39 7.345351e+40
564 4.654342e+39 8.839882e+40
565 5.601062e+39 1.063850e+41
566 6.740353e+39 1.280309e+41
567 8.111387e+39 1.540811e+41
568 9.761304e+39 1.854317e+41
569 1.174683e+40 2.231612e+41
570 1.413624e+40 2.685677e+41
571 1.701168e+40 3.232131e+41
572 2.047202e+40 3.889774e+41
573 2.463623e+40 4.681229e+41
574 2.964751e+40 5.633724e+41
575 3.567815e+40 6.780028e+41
576 4.293551e+40 8.159576e+41
577 5.166913e+40 9.819827e+41
578 6.217931e+40 1.181790e+42
579 7.482743e+40 1.422253e+42
580 9.004839e+40 1.711645e+42
581 1.083656e+41 2.059921e+42
582 1.304088e+41 2.479064e+42
583 1.569360e+41 2.983494e+42
584 1.888594e+41 3.590564e+42
585 2.272766e+41 4.321160e+42
586 2.735086e+41 5.200417e+42
587 3.291452e+41 6.258586e+42
588 3.960995e+41 7.532072e+42
589 4.766737e+41 9.064687e+42
590 5.736386e+41 1.090916e+43
591 6.903283e+41 1.312895e+43
592 8.307555e+41 1.580044e+43
593 9.997490e+41 1.901552e+43
594 1.203120e+42 2.288482e+43
595 1.447862e+42 2.754145e+43
596 1.742390e+42 3.314564e+43
597 2.096834e+42 3.989020e+43
598 2.523380e+42 4.800718e+43
599 3.036698e+42 5.777585e+43
600 3.654439e+42 6.953231e+43
601 4.397847e+42 8.368106e+43
602 5.292485e+42 1.007089e+44
603 6.369119e+42 1.212017e+44
604 7.664773e+42 1.458645e+44
605 9.224003e+42 1.755460e+44
606 1.110043e+43 2.112673e+44
607 1.335858e+43 2.542575e+44
608 1.607611e+43 3.059958e+44
609 1.934648e+43 3.682623e+44
610 2.328215e+43 4.431995e+44
611 2.801846e+43 5.333859e+44
612 3.371831e+43 6.419244e+44
613 4.057771e+43 7.725497e+44
614 4.883255e+43 9.297564e+44
615 5.876672e+43 1.118954e+45
616 7.072188e+43 1.346651e+45
617 8.510915e+43 1.620684e+45
618 1.024233e+44 1.950481e+45
619 1.232599e+44 2.347390e+45
620 1.483354e+44 2.825069e+45
621 1.785123e+44 3.399954e+45
622 2.148283e+44 4.091825e+45
623 2.585325e+44 4.924491e+45
624 3.111279e+44 5.926602e+45
625 3.744235e+44 7.132640e+45
626 4.505959e+44 8.584106e+45
627 5.422651e+44 1.033094e+46
628 6.525838e+44 1.243326e+46
629 7.853461e+44 1.496340e+46
630 9.451181e+44 1.800843e+46
631 1.137395e+45 2.167312e+46
632 1.368789e+45 2.608358e+46
633 1.647260e+45 3.139157e+46
634 1.982385e+45 3.777976e+46
635 2.385689e+45 4.546795e+46
636 2.871045e+45 5.472072e+46
637 3.455146e+45 6.585646e+46
638 4.158080e+45 7.925837e+46
639 5.004026e+45 9.538764e+46
640 6.022079e+45 1.147993e+47
641 7.247255e+45 1.381613e+47
642 8.721694e+45 1.662776e+47
643 1.049611e+46 2.001158e+47
644 1.263153e+46 2.408403e+47
645 1.520141e+46 2.898525e+47
646 1.829413e+46 3.488391e+47
647 2.201608e+46 4.198299e+47
648 2.649528e+46 5.052680e+47
649 3.188578e+46 6.080934e+47
650 3.837301e+46 7.318449e+47
651 4.618009e+46 8.807810e+47
652 5.557558e+46 1.060027e+48
653 6.688263e+46 1.275752e+48
654 8.049017e+46 1.535379e+48
655 9.686627e+46 1.847843e+48
656 1.165742e+47 2.223898e+48
657 1.402919e+47 2.676484e+48
658 1.688351e+47 3.221178e+48
659 2.031858e+47 3.876724e+48
660 2.445254e+47 4.665683e+48
661 2.942760e+47 5.615206e+48
662 3.541488e+47 6.757971e+48
663 4.262035e+47 8.133307e+48
664 5.129185e+47 9.788545e+48
665 6.172768e+47 1.178065e+49
666 7.428681e+47 1.417818e+49
667 8.940127e+47 1.706365e+49
668 1.075910e+48 2.053637e+49
669 1.294816e+48 2.471584e+49
670 1.558262e+48 2.974592e+49
671 1.875311e+48 3.579971e+49
672 2.256868e+48 4.308556e+49
673 2.716059e+48 5.185422e+49
674 3.268680e+48 6.240749e+49
675 3.933741e+48 7.510856e+49
676 4.734121e+48 9.039456e+49
677 5.697353e+48 1.087916e+50
678 6.856573e+48 1.309328e+50
679 8.251658e+48 1.575803e+50
680 9.930601e+48 1.896511e+50
681 1.195116e+49 2.282491e+50
682 1.438284e+49 2.747027e+50
683 1.730930e+49 3.306107e+50
684 2.083122e+49 3.978973e+50
685 2.506974e+49 4.788784e+50
686 3.017069e+49 5.763413e+50
687 3.630954e+49 6.936403e+50
688 4.369750e+49 8.348127e+50
689 5.258871e+49 1.004717e+51
690 6.328905e+49 1.209202e+51
691 7.616666e+49 1.455306e+51
692 9.166454e+49 1.751498e+51
693 1.103159e+50 2.107973e+51
694 1.327623e+50 2.537002e+51
695 1.597761e+50 3.053350e+51
696 1.922866e+50 3.674791e+51
697 2.314123e+50 4.422713e+51
698 2.784992e+50 5.322860e+51
699 3.351673e+50 6.406214e+51
700 4.033662e+50 7.710065e+51
701 4.854423e+50 9.279291e+51
702 5.842192e+50 1.116790e+52
703 7.030954e+50 1.344091e+52
704 8.461607e+50 1.617655e+52
705 1.018337e+51 1.946898e+52
706 1.225549e+51 2.343154e+52
707 1.474924e+51 2.820061e+52
708 1.775043e+51 3.394034e+52
709 2.136232e+51 4.084832e+52
710 2.570917e+51 4.916231e+52
711 3.094054e+51 5.916850e+52
712 3.723642e+51 7.121130e+52
713 4.481342e+51 8.570526e+52
714 5.393224e+51 1.031493e+53
715 6.490662e+51 1.241438e+53
716 7.811414e+51 1.494115e+53
717 9.400923e+51 1.798221e+53
718 1.131388e+52 2.164225e+53
719 1.361610e+52 2.604725e+53
720 1.638680e+52 3.134884e+53
721 1.972131e+52 3.772951e+53
722 2.373435e+52 4.540891e+53
723 2.856402e+52 5.465138e+53
724 3.437648e+52 6.577507e+53
725 4.137172e+52 7.916288e+53
726 4.979045e+52 9.527568e+53
727 5.992232e+52 1.146681e+54
728 7.211596e+52 1.380077e+54
729 8.679092e+52 1.660980e+54
730 1.044522e+53 1.999058e+54
731 1.257073e+53 2.405950e+54
732 1.512879e+53 2.895663e+54
733 1.820739e+53 3.485053e+54
734 2.191248e+53 4.194412e+54
735 2.637153e+53 5.048157e+54
736 3.173800e+53 6.075678e+54
737 3.819652e+53 7.312348e+54
738 4.596934e+53 8.800737e+54
739 5.532391e+53 1.059208e+55
740 6.658212e+53 1.274805e+55
741 8.013137e+53 1.534287e+55
742 9.643789e+53 1.846585e+55
743 1.160628e+54 2.222451e+55
744 1.396814e+54 2.674825e+55
745 1.681063e+54 3.219279e+55
746 2.023158e+54 3.874556e+55
747 2.434870e+54 4.663215e+55
748 2.930366e+54 5.612406e+55
749 3.526698e+54 6.754805e+55
750 4.244384e+54 8.129742e+55
751 5.108122e+54 9.784549e+55
752 6.147635e+54 1.177620e+56
753 7.398693e+54 1.417325e+56
754 8.904348e+54 1.705823e+56
755 1.071641e+55 2.053045e+56
756 1.289724e+55 2.470946e+56
757 1.552188e+55 2.973912e+56
758 1.868066e+55 3.579260e+56
759 2.248227e+55 4.307828e+56
760 2.705754e+55 5.184701e+56
761 3.256391e+55 6.240066e+56
762 3.919087e+55 7.510257e+56
763 4.716649e+55 9.039003e+56
764 5.676522e+55 1.087894e+57
765 6.831738e+55 1.309340e+57
766 8.222053e+55 1.575863e+57
767 9.895313e+55 1.896640e+57
768 1.190910e+56 2.282713e+57
769 1.433272e+56 2.747375e+57
770 1.724957e+56 3.306622e+57
771 2.076004e+56 3.979710e+57
772 2.498493e+56 4.789811e+57
773 3.006965e+56 5.764817e+57
774 3.618918e+56 6.938296e+57
775 4.355412e+56 8.350648e+57
776 5.241794e+56 1.005050e+58
777 6.308568e+56 1.209638e+58
778 7.592447e+56 1.455872e+58
779 9.137617e+56 1.752230e+58
780 1.099725e+57 2.108916e+58
781 1.323536e+57 2.538209e+58
782 1.592896e+57 3.054891e+58
783 1.917076e+57 3.676751e+58
784 2.307232e+57 4.425199e+58
785 2.776792e+57 5.326005e+58
786 3.341916e+57 6.410183e+58
787 4.022055e+57 7.715062e+58
788 4.840616e+57 9.285571e+58
789 5.825770e+57 1.117578e+59
790 7.011425e+57 1.345077e+59
791 8.438385e+57 1.618888e+59
792 1.015576e+58 1.948438e+59
793 1.222267e+58 2.345073e+59
794 1.471023e+58 2.822450e+59
795 1.770407e+58 3.397006e+59
796 2.130723e+58 4.088524e+59
797 2.564372e+58 4.920813e+59
798 3.086279e+58 5.922531e+59
799 3.714407e+58 7.128169e+59
800 4.470375e+58 8.579238e+59
801 5.380202e+58 1.032570e+60
802 6.475203e+58 1.242769e+60
803 7.793065e+58 1.495759e+60
804 9.379148e+58 1.800250e+60
805 1.128804e+59 2.166728e+60
806 1.358545e+59 2.607809e+60
807 1.635044e+59 3.138683e+60
808 1.967820e+59 3.777629e+60
809 2.368324e+59 4.546646e+60
810 2.850343e+59 5.472216e+60
811 3.430467e+59 6.586207e+60
812 4.128665e+59 7.926978e+60
813 4.968967e+59 9.540696e+60
814 5.980296e+59 1.148293e+61
815 7.197463e+59 1.382055e+61
816 8.662363e+59 1.663405e+61
817 1.042542e+60 2.002032e+61
818 1.254731e+60 2.409595e+61
819 1.510108e+60 2.900129e+61
820 1.817463e+60 3.490524e+61
821 2.187375e+60 4.201110e+61
822 2.632577e+60 5.056356e+61
823 3.168393e+60 6.085711e+61
824 3.813267e+60 7.324621e+61
825 4.589395e+60 8.815746e+61
826 5.523494e+60 1.061043e+62
827 6.647716e+60 1.277048e+62
828 8.000759e+60 1.537028e+62
829 9.629196e+60 1.849934e+62
830 1.158908e+61 2.226541e+62
831 1.394788e+61 2.679819e+62
832 1.678679e+61 3.225375e+62
833 2.020352e+61 3.881997e+62
834 2.431569e+61 4.672295e+62
835 2.926486e+61 5.623484e+62
836 3.522137e+61 6.768319e+62
837 4.239029e+61 8.146222e+62
838 5.101837e+61 9.804644e+62
839 6.140262e+61 1.180069e+63
840 7.390050e+61 1.420311e+63
841 8.894223e+61 1.709461e+63
842 1.070456e+62 2.057479e+63
843 1.288338e+62 2.476347e+63
844 1.550568e+62 2.980491e+63
845 1.866174e+62 3.587272e+63
846 2.246019e+62 4.317584e+63
847 2.703180e+62 5.196578e+63
848 3.253394e+62 6.254524e+63
849 3.915601e+62 7.527854e+63
850 4.712598e+62 9.060418e+63
851 5.671820e+62 1.090499e+64
852 6.826289e+62 1.312510e+64
853 8.215747e+62 1.579720e+64
854 9.888026e+62 1.901330e+64
855 1.190069e+63 2.288417e+64
856 1.432304e+63 2.754311e+64
857 1.723844e+63 3.315056e+64
858 2.074728e+63 3.989963e+64
859 2.497033e+63 4.802275e+64
860 3.005299e+63 5.779966e+64
861 3.617023e+63 6.956706e+64
862 4.353263e+63 8.373020e+64
863 5.239366e+63 1.007768e+65
864 6.305836e+63 1.212940e+65
865 7.589388e+63 1.459884e+65
866 9.134210e+63 1.757103e+65
867 1.099348e+64 2.114834e+65
868 1.323122e+64 2.545397e+65
869 1.592445e+64 3.063619e+65
870 1.916590e+64 3.687349e+65
871 2.306717e+64 4.438066e+65
872 2.776255e+64 5.341625e+65
873 3.341370e+64 6.429145e+65
874 4.021517e+64 7.738078e+65
875 4.840112e+64 9.313504e+65
876 5.825336e+64 1.120968e+66
877 7.011110e+64 1.349191e+66
878 8.438256e+64 1.623880e+66
879 1.015591e+65 1.954494e+66
880 1.222320e+65 2.352420e+66
881 1.471131e+65 2.831363e+66
882 1.770589e+65 3.407818e+66
883 2.131004e+65 4.101638e+66
884 2.564785e+65 4.936719e+66
885 3.086867e+65 5.941821e+66
886 3.715223e+65 7.151561e+66
887 4.471488e+65 8.607604e+66
888 5.381698e+65 1.036010e+67
889 6.477191e+65 1.246940e+67
890 7.795685e+65 1.500815e+67
891 9.382573e+65 1.806379e+67
892 1.129249e+66 2.174157e+67
893 1.359120e+66 2.616815e+67
894 1.635784e+66 3.149599e+67
895 1.968766e+66 3.790858e+67
896 2.369531e+66 4.562679e+67
897 2.851878e+66 5.491645e+67
898 3.432413e+66 6.609751e+67
899 4.131125e+66 7.955507e+67
900 4.972070e+66 9.575263e+67
901 5.984202e+66 1.152481e+68
902 7.202370e+66 1.387129e+68
903 8.668516e+66 1.669552e+68
904 1.043312e+67 2.009478e+68
905 1.255694e+67 2.418615e+68
906 1.511310e+67 2.911054e+68
907 1.818961e+67 3.503756e+68
908 2.189239e+67 4.217136e+68
909 2.634895e+67 5.075765e+68
910 3.171273e+67 6.109215e+68
911 3.816840e+67 7.353084e+68
912 4.593825e+67 8.850213e+68
913 5.528981e+67 1.065217e+69
914 6.654506e+67 1.282102e+69
915 8.009155e+67 1.543146e+69
916 9.639571e+67 1.857341e+69
917 1.160189e+68 2.235508e+69
918 1.396369e+68 2.690674e+69
919 1.680628e+68 3.238516e+69
920 2.022754e+68 3.897904e+69
921 2.434528e+68 4.691550e+69
922 2.930128e+68 5.646790e+69
923 3.526619e+68 6.796526e+69
924 4.244539e+68 8.180361e+69
925 5.108610e+68 9.845961e+69
926 6.148583e+68 1.185069e+70
927 7.400269e+68 1.426362e+70
928 8.906767e+68 1.716784e+70
929 1.071995e+69 2.066339e+70
930 1.290225e+69 2.487068e+70
931 1.552882e+69 2.993463e+70
932 1.869010e+69 3.602967e+70
933 2.249494e+69 4.336574e+70
934 2.707436e+69 5.219553e+70
935 3.258604e+69 6.282319e+70
936 3.921979e+69 7.561478e+70
937 4.720402e+69 9.101094e+70
938 5.681366e+69 1.095420e+71
939 6.837963e+69 1.318462e+71
940 8.230020e+69 1.586919e+71
941 9.905470e+69 1.910039e+71
942 1.192201e+70 2.298950e+71
943 1.434908e+70 2.767050e+71
944 1.727025e+70 3.330463e+71
945 2.078611e+70 4.008597e+71
946 2.501774e+70 4.824809e+71
947 3.011085e+70 5.807217e+71
948 3.624083e+70 6.989661e+71
949 4.361877e+70 8.412871e+71
950 5.249872e+70 1.012587e+72
951 6.318648e+70 1.218767e+72
952 7.605010e+70 1.466929e+72
953 9.153254e+70 1.765622e+72
954 1.101670e+71 2.125134e+72
955 1.325950e+71 2.557850e+72
956 1.595892e+71 3.078676e+72
957 1.920789e+71 3.705552e+72
958 2.311830e+71 4.460073e+72
959 2.782482e+71 5.368229e+72
960 3.348952e+71 6.461306e+72
961 4.030748e+71 7.776956e+72
962 4.851349e+71 9.360501e+72
963 5.839013e+71 1.126649e+73
964 7.027753e+71 1.356058e+73
965 8.458506e+71 1.632180e+73
966 1.018054e+72 1.964526e+73
967 1.225317e+72 2.364546e+73
968 1.474776e+72 2.846020e+73
969 1.775021e+72 3.425532e+73
970 2.136394e+72 4.123047e+73
971 2.571339e+72 4.962592e+73
972 3.094834e+72 5.973090e+73
973 3.724907e+72 7.189350e+73
974 4.483258e+72 8.653270e+73
975 5.396002e+72 1.041528e+74
976 6.494573e+72 1.253608e+74
977 7.816804e+72 1.508873e+74
978 9.408231e+72 1.816117e+74
979 1.132366e+73 2.185923e+74
980 1.362906e+73 2.631032e+74
981 1.640382e+73 3.166777e+74
982 1.974350e+73 3.811614e+74
983 2.376312e+73 4.587757e+74
984 2.860111e+73 5.521945e+74
985 3.442409e+73 6.646359e+74
986 4.143259e+73 7.999735e+74
987 4.986800e+73 9.628696e+74
988 6.002081e+73 1.158936e+75
989 7.224069e+73 1.394927e+75
990 8.694848e+73 1.678973e+75
991 1.046507e+74 2.020859e+75
992 1.259571e+74 2.432363e+75
993 1.516014e+74 2.927662e+75
994 1.824668e+74 3.523819e+75
995 2.196163e+74 4.241371e+75
996 2.643293e+74 5.105038e+75
997 3.181459e+74 6.144575e+75
998 3.829194e+74 7.395794e+75
999 4.608807e+74 8.901801e+75
1000 5.547149e+74 1.071448e+76
1001 6.676537e+74 1.289627e+76
1002 8.035868e+74 1.552235e+76
1003 9.671959e+74 1.868319e+76
1004 1.164116e+75 2.248768e+76
1005 1.401129e+75 2.706688e+76
1006 1.686398e+75 3.257856e+76
1007 2.029748e+75 3.921261e+76
1008 2.443005e+75 4.719757e+76
1009 2.940402e+75 5.680853e+76
1010 3.539070e+75 6.837663e+76
1011 4.259628e+75 8.230038e+76
1012 5.126894e+75 9.905950e+76
1013 6.170738e+75 1.192314e+77
1014 7.427112e+75 1.435109e+77
1015 8.939288e+75 1.727347e+77
1016 1.075935e+76 2.079094e+77
1017 1.294999e+76 2.502470e+77
1018 1.558664e+76 3.012060e+77
1019 1.876014e+76 3.625422e+77
1020 2.257977e+76 4.363687e+77
1021 2.717711e+76 5.252290e+77
1022 3.271049e+76 6.321845e+77
1023 3.937050e+76 7.609202e+77
1024 4.738653e+76 9.158714e+77
1025 5.703468e+76 1.102377e+78
1026 6.864726e+76 1.326861e+78
1027 8.262425e+76 1.597060e+78
1028 9.944706e+76 1.922281e+78
1029 1.196951e+77 2.313730e+78
1030 1.440659e+77 2.784893e+78
1031 1.733987e+77 3.352004e+78
1032 2.087040e+77 4.034602e+78
1033 2.511977e+77 4.856203e+78
1034 3.023436e+77 5.845116e+78
1035 3.639033e+77 7.035411e+78
1036 4.379972e+77 8.468098e+78
1037 5.271773e+77 1.019254e+79
1038 6.345155e+77 1.226815e+79
1039 7.637089e+77 1.476644e+79
1040 9.192075e+77 1.777348e+79
1041 1.106367e+78 2.139289e+79
1042 1.331635e+78 2.574936e+79
1043 1.602771e+78 3.099299e+79
1044 1.929112e+78 3.730444e+79
1045 2.321901e+78 4.490118e+79
1046 2.794668e+78 5.404495e+79
1047 3.363695e+78 6.505078e+79
1048 4.048584e+78 7.829788e+79
1049 4.872927e+78 9.424267e+79
1050 5.865117e+78 1.134345e+80
1051 7.059331e+78 1.365347e+80
1052 8.496705e+78 1.643391e+80
1053 1.022675e+79 1.978057e+80
1054 1.230906e+79 2.380876e+80
1055 1.481536e+79 2.865727e+80
1056 1.783198e+79 3.449316e+80
1057 2.146284e+79 4.151751e+80
1058 2.583299e+79 4.997234e+80
1059 3.109299e+79 6.014895e+80
1060 3.742401e+79 7.239800e+80
1061 4.504413e+79 8.714153e+80
1062 5.421585e+79 1.048875e+81
1063 6.525509e+79 1.262475e+81
1064 7.854212e+79 1.519573e+81
1065 9.453464e+79 1.829028e+81
1066 1.137835e+80 2.201504e+81
1067 1.369519e+80 2.649834e+81
1068 1.648377e+80 3.189465e+81
1069 1.984017e+80 3.838991e+81
1070 2.388000e+80 4.620792e+81
1071 2.874241e+80 5.561806e+81
1072 3.459491e+80 6.694457e+81
1073 4.163911e+80 8.057772e+81
1074 5.011765e+80 9.698726e+81
1075 6.032260e+80 1.167386e+82
1076 7.260550e+80 1.405123e+82
1077 8.738946e+80 1.691275e+82
1078 1.051838e+81 2.035702e+82
1079 1.266014e+81 2.450272e+82
1080 1.523801e+81 2.949270e+82
1081 1.834080e+81 3.549889e+82
1082 2.207539e+81 4.272826e+82
1083 2.657043e+81 5.142989e+82
1084 3.198076e+81 6.190363e+82
1085 3.849277e+81 7.451037e+82
1086 4.633078e+81 8.968450e+82
1087 5.576481e+81 1.079489e+83
1088 6.711983e+81 1.299328e+83
1089 8.078703e+81 1.563939e+83
1090 9.723721e+81 1.882439e+83
1091 1.170371e+82 2.265802e+83
1092 1.408687e+82 2.727238e+83
1093 1.695531e+82 3.282648e+83
1094 2.040783e+82 3.951169e+83
1095 2.456339e+82 4.755838e+83
1096 2.956512e+82 5.724381e+83
1097 3.558535e+82 6.890172e+83
1098 4.283146e+82 8.293383e+83
1099 5.155308e+82 9.982364e+83
1100 6.205066e+82 1.201532e+84
1101 7.468585e+82 1.446229e+84
1102 8.989393e+82 1.740761e+84
1103 1.081988e+83 2.095275e+84
1104 1.302311e+83 2.521989e+84
1105 1.567498e+83 3.035606e+84
1106 1.886685e+83 3.653824e+84
1107 2.270868e+83 4.397946e+84
1108 2.733282e+83 5.293615e+84
1109 3.289858e+83 6.371693e+84
1110 3.959770e+83 7.669330e+84
1111 4.766097e+83 9.231241e+84
1112 5.736617e+83 1.111125e+85
1113 6.904765e+83 1.337413e+85
1114 8.310786e+83 1.609787e+85
1115 1.000312e+84 1.937633e+85
1116 1.204006e+84 2.332247e+85
1117 1.449179e+84 2.807227e+85
1118 1.744278e+84 3.378942e+85
1119 2.099468e+84 4.067092e+85
1120 2.526987e+84 4.895391e+85
1121 3.041563e+84 5.892381e+85
1122 3.660925e+84 7.092417e+85
1123 4.406409e+84 8.536854e+85
1124 5.303699e+84 1.027547e+86
1125 6.383709e+84 1.236816e+86
1126 7.683647e+84 1.488706e+86
1127 9.248297e+84 1.791896e+86
1128 1.113157e+85 2.156834e+86
1129 1.339833e+85 2.596097e+86
1130 1.612670e+85 3.124819e+86
1131 1.941065e+85 3.761223e+86
1132 2.336335e+85 4.527238e+86
1133 2.812095e+85 5.449262e+86
1134 3.384737e+85 6.559067e+86
1135 4.073991e+85 7.894898e+86
1136 4.903603e+85 9.502788e+86
1137 5.902155e+85 1.143815e+87
1138 7.104049e+85 1.376767e+87
1139 8.550695e+85 1.657163e+87
1140 1.029193e+86 1.994665e+87
1141 1.238776e+86 2.400904e+87
1142 1.491037e+86 2.889880e+87
1143 1.794668e+86 3.478443e+87
1144 2.160131e+86 4.186875e+87
1145 2.600017e+86 5.039590e+87
1146 3.129480e+86 6.065973e+87
1147 3.766764e+86 7.301394e+87
1148 4.533825e+86 8.788428e+87
1149 5.457090e+86 1.057832e+88
1150 6.568369e+86 1.273275e+88
1151 7.905950e+86 1.532597e+88
1152 9.515918e+86 1.844733e+88
1153 1.145374e+87 2.220442e+88
1154 1.378619e+87 2.672669e+88
1155 1.659362e+87 3.217001e+88
1156 1.997276e+87 3.872194e+88
1157 2.404004e+87 4.660829e+88
1158 2.893559e+87 5.610083e+88
1159 3.482808e+87 6.752670e+88
1160 4.192054e+87 8.127964e+88
1161 5.045734e+87 9.783362e+88
1162 6.073260e+87 1.177591e+89
1163 7.310035e+87 1.417428e+89
1164 8.798672e+87 1.706112e+89
1165 1.059046e+88 2.053592e+89
1166 1.274714e+88 2.471843e+89
1167 1.534301e+88 2.975279e+89
1168 1.846752e+88 3.581249e+89
1169 2.222833e+88 4.310636e+89
1170 2.675500e+88 5.188578e+89
1171 3.220351e+88 6.245330e+89
1172 3.876159e+88 7.517311e+89
1173 4.665520e+88 9.048356e+89
1174 5.615632e+88 1.089123e+90
1175 6.759230e+88 1.310944e+90
1176 8.135719e+88 1.577944e+90
1177 9.792526e+88 1.899324e+90
1178 1.178674e+89 2.286160e+90
1179 1.418706e+89 2.751783e+90
1180 1.707621e+89 3.312240e+90
1181 2.055373e+89 3.986847e+90
1182 2.473944e+89 4.798852e+90
1183 2.977757e+89 5.776240e+90
1184 3.584170e+89 6.952695e+90
1185 4.314078e+89 8.368761e+90
1186 5.192632e+89 1.007324e+91
1187 6.250103e+89 1.212488e+91
1188 7.522928e+89 1.459438e+91
1189 9.054963e+89 1.756685e+91
1190 1.089900e+90 2.114473e+91
1191 1.311857e+90 2.545133e+91
1192 1.579016e+90 3.063508e+91
1193 1.900582e+90 3.687462e+91
1194 2.287636e+90 4.438499e+91
1195 2.753513e+90 5.342503e+91
1196 3.314267e+90 6.430630e+91
1197 3.989220e+90 7.740380e+91
1198 4.801628e+90 9.316894e+91
1199 5.779484e+90 1.121450e+92
1200 6.956484e+90 1.349861e+92
1201 8.373182e+90 1.624793e+92
1202 1.007840e+91 1.955723e+92
1203 1.213088e+91 2.354054e+92
1204 1.460136e+91 2.833516e+92
1205 1.757496e+91 3.410633e+92
1206 2.115415e+91 4.105295e+92
1207 2.546225e+91 4.941444e+92
1208 3.064772e+91 5.947896e+92
1209 3.688923e+91 7.159339e+92
1210 4.440185e+91 8.617526e+92
1211 5.344445e+91 1.037271e+93
1212 6.432862e+91 1.248539e+93
1213 7.742942e+91 1.502837e+93
1214 9.319826e+91 1.808930e+93
1215 1.121785e+92 2.177368e+93
1216 1.350242e+92 2.620848e+93
1217 1.625226e+92 3.154655e+93
1218 1.956211e+92 3.797187e+93
1219 2.354605e+92 4.570590e+93
1220 2.834133e+92 5.501518e+93
1221 3.411321e+92 6.622056e+93
1222 4.106058e+92 7.970824e+93
1223 4.942282e+92 9.594309e+93
1224 5.948811e+92 1.154846e+94
1225 7.160326e+92 1.390064e+94
1226 8.618577e+92 1.673191e+94
1227 1.037381e+93 2.013985e+94
1228 1.248652e+93 2.424192e+94
1229 1.502949e+93 2.917950e+94
1230 1.809036e+93 3.512277e+94
1231 2.177461e+93 4.227656e+94
1232 2.620919e+93 5.088745e+94
1233 3.154691e+93 6.125221e+94
1234 3.797172e+93 7.372808e+94
1235 4.570500e+93 8.874505e+94
1236 5.501323e+93 1.068207e+95
1237 6.621719e+93 1.285780e+95
1238 7.970295e+93 1.547669e+95
1239 9.593523e+93 1.862900e+95
1240 1.154734e+94 2.242338e+95
1241 1.389907e+94 2.699061e+95
1242 1.672976e+94 3.248810e+95
1243 2.013696e+94 3.910534e+95
1244 2.423806e+94 4.707039e+95
1245 2.917441e+94 5.665779e+95
1246 3.511611e+94 6.819797e+95
1247 4.226790e+94 8.208871e+95
1248 5.087625e+94 9.880875e+95
1249 6.123780e+94 1.189344e+96
1250 7.370961e+94 1.431593e+96
1251 8.872147e+94 1.723184e+96
1252 1.067907e+95 2.074168e+96
1253 1.285400e+95 2.496642e+96
1254 1.547188e+95 3.005167e+96
1255 1.862293e+95 3.617271e+96
1256 2.241573e+95 4.354051e+96
1257 2.698100e+95 5.240902e+96
1258 3.247605e+95 6.308391e+96
1259 3.909024e+95 7.593313e+96
1260 4.705152e+95 9.139953e+96
1261 5.663423e+95 1.100162e+97
1262 6.816861e+95 1.324249e+97
1263 8.205215e+95 1.593978e+97
1264 9.876328e+95 1.918648e+97
1265 1.188779e+96 2.309449e+97
1266 1.430892e+96 2.779850e+97
1267 1.722315e+96 3.346066e+97
1268 2.073092e+96 4.027613e+97
1269 2.495310e+96 4.847981e+97
1270 3.003519e+96 5.835448e+97
1271 3.615235e+96 7.024049e+97
1272 4.351537e+96 8.454754e+97
1273 5.237800e+96 1.017687e+98
1274 6.304565e+96 1.224977e+98
1275 7.588597e+96 1.474489e+98
1276 9.134146e+96 1.774823e+98
1277 1.099447e+97 2.136332e+98
1278 1.323369e+97 2.571476e+98
1279 1.592897e+97 3.095254e+98
1280 1.917319e+97 3.725720e+98
1281 2.307816e+97 4.484604e+98
1282 2.777845e+97 5.398064e+98
1283 3.343604e+97 6.497587e+98
1284 4.024592e+97 7.821070e+98
1285 4.844276e+97 9.414132e+98
1286 5.830906e+97 1.133168e+99
1287 7.018482e+97 1.363982e+99
1288 8.447933e+97 1.641810e+99
1289 1.016852e+98 1.976229e+99
1290 1.223954e+98 2.378766e+99
1291 1.473237e+98 2.863296e+99
1292 1.773292e+98 3.446520e+99
1293 2.134459e+98 4.148540e+99
1294 2.569186e+98 4.993556e+99
1295 3.092454e+98 6.010694e+99
1296 3.722297e+98 7.235014e+99
1297 4.480422e+98 8.708717e+99
1298 5.392955e+98 1.048260e+100
1299 6.491347e+98 1.261781e+100
1300 7.813451e+98 1.518794e+100
1301 9.404832e+98 1.828159e+100
1302 1.132033e+99 2.200538e+100
1303 1.362597e+99 2.648769e+100
1304 1.640121e+99 3.188300e+100
1305 1.974169e+99 3.837730e+100
1306 2.376253e+99 4.619444e+100
1307 2.860232e+99 5.560387e+100
1308 3.442785e+99 6.692994e+100
1309 4.143989e+99 8.056304e+100
1310 4.988010e+99 9.697311e+100
1311 6.003937e+99 1.167258e+101
1312 7.226783e+99 1.405020e+101
1313 8.698692e+99 1.691212e+101
1314 1.047039e+100 2.035700e+101
1315 1.260294e+100 2.450358e+101
1316 1.516984e+100 2.949479e+101
1317 1.825956e+100 3.550269e+101
1318 2.197858e+100 4.273435e+101
1319 2.645507e+100 5.143907e+101
1320 3.184332e+100 6.191689e+101
1321 3.832903e+100 7.452898e+101
1322 4.613572e+100 8.971009e+101
1323 5.553246e+100 1.079835e+102
1324 6.684309e+100 1.299791e+102
1325 8.045745e+100 1.564552e+102
1326 9.684474e+100 1.883243e+102
1327 1.165698e+101 2.266849e+102
1328 1.403123e+101 2.728595e+102
1329 1.688907e+101 3.284396e+102
1330 2.032899e+101 3.953412e+102
1331 2.446955e+101 4.758704e+102
1332 2.945344e+101 5.728030e+102
1333 3.545245e+101 6.894805e+102
1334 4.267333e+101 8.299247e+102
1335 5.136496e+101 9.989770e+102
1336 6.182688e+101 1.202465e+103
1337 7.441968e+101 1.447402e+103
1338 8.957738e+101 1.742233e+103
1339 1.078224e+102 2.097119e+103
1340 1.297835e+102 2.524295e+103
1341 1.562177e+102 3.038486e+103
1342 1.880361e+102 3.657416e+103
1343 2.263351e+102 4.402421e+103
1344 2.724350e+102 5.299181e+103
1345 3.279245e+102 6.378610e+103
1346 3.947162e+102 7.677917e+103
1347 4.751120e+102 9.241890e+103
1348 5.718830e+102 1.112444e+104
1349 6.883644e+102 1.339047e+104
1350 8.285709e+102 1.611808e+104
1351 9.973349e+102 1.940130e+104
1352 1.200473e+103 2.335331e+104
1353 1.444987e+103 2.811034e+104
1354 1.739304e+103 3.383637e+104
1355 2.093568e+103 4.072880e+104
1356 2.519989e+103 4.902520e+104
1357 3.033265e+103 5.901158e+104
1358 3.651086e+103 7.103219e+104
1359 4.394748e+103 8.550139e+104
1360 5.289880e+103 1.029180e+105
1361 6.367336e+103 1.238823e+105
1362 7.664252e+103 1.491171e+105
1363 9.225329e+103 1.794922e+105
1364 1.110437e+104 2.160547e+105
1365 1.336614e+104 2.600650e+105
1366 1.608861e+104 3.130403e+105
1367 1.936559e+104 3.768067e+105
1368 2.331004e+104 4.535623e+105
1369 2.805792e+104 5.459532e+105
1370 3.377287e+104 6.571642e+105
1371 4.065187e+104 7.910291e+105
1372 4.893202e+104 9.521624e+105
1373 5.889871e+104 1.146119e+106
1374 7.089547e+104 1.379585e+106
1375 8.533580e+104 1.660608e+106
1376 1.027174e+105 1.998876e+106
1377 1.236394e+105 2.406050e+106
1378 1.488230e+105 2.896166e+106
1379 1.791360e+105 3.486121e+106
1380 2.156235e+105 4.196250e+106
1381 2.595429e+105 5.051035e+106
1382 3.124081e+105 6.079942e+106
1383 3.760413e+105 7.318440e+106
1384 4.526357e+105 8.809224e+106
1385 5.448315e+105 1.060369e+107
1386 6.558063e+105 1.276369e+107
1387 7.893853e+105 1.536368e+107
1388 9.501728e+105 1.849331e+107
1389 1.143711e+106 2.226046e+107
1390 1.376670e+106 2.679498e+107
1391 1.657080e+106 3.225321e+107
1392 1.994606e+106 3.882330e+107
1393 2.400883e+106 4.673174e+107
1394 2.889914e+106 5.625117e+107
1395 3.478554e+106 6.770975e+107
1396 4.187095e+106 8.150249e+107
1397 5.039957e+106 9.810488e+107
1398 6.066538e+106 1.180893e+108
1399 7.302222e+106 1.421445e+108
1400 8.789602e+106 1.711000e+108
1401 1.057995e+107 2.059539e+108
1402 1.273497e+107 2.479076e+108
1403 1.532894e+107 2.984076e+108
1404 1.845128e+107 3.591947e+108
1405 2.220962e+107 4.323645e+108
1406 2.673348e+107 5.204394e+108
1407 3.217882e+107 6.264556e+108
1408 3.873333e+107 7.540681e+108
1409 4.662292e+107 9.076759e+108
1410 5.611956e+107 1.092575e+109
1411 6.755057e+107 1.315138e+109
1412 8.130999e+107 1.583040e+109
1413 9.787207e+107 1.905515e+109
1414 1.178077e+108 2.293680e+109
1415 1.418041e+108 2.760916e+109
1416 1.706883e+108 3.323333e+109
1417 2.054561e+108 4.000317e+109
1418 2.473057e+108 4.815208e+109
1419 2.976798e+108 5.796098e+109
1420 3.583147e+108 6.976803e+109
1421 4.313005e+108 8.398027e+109
1422 5.191530e+108 1.010876e+110
1423 6.249004e+108 1.216799e+110
1424 7.521879e+108 1.464670e+110
1425 9.054029e+108 1.763034e+110
1426 1.089827e+109 2.122178e+110
1427 1.311817e+109 2.554482e+110
1428 1.579024e+109 3.074849e+110
1429 1.900661e+109 3.701221e+110
1430 2.287812e+109 4.455189e+110
1431 2.753825e+109 5.362747e+110
1432 3.314761e+109 6.455183e+110
1433 3.989957e+109 7.770158e+110
1434 4.802686e+109 9.353005e+110
1435 5.780964e+109 1.125829e+111
1436 6.958512e+109 1.355170e+111
1437 8.375921e+109 1.631231e+111
1438 1.008205e+110 1.963527e+111
1439 1.213571e+110 2.363515e+111
1440 1.460769e+110 2.844985e+111
1441 1.758320e+110 3.424535e+111
1442 2.116480e+110 4.122144e+111
1443 2.547597e+110 4.961864e+111
1444 3.066530e+110 5.972644e+111
1445 3.691168e+110 7.189330e+111
1446 4.443043e+110 8.653867e+111
1447 5.348071e+110 1.041675e+112
1448 6.437451e+110 1.253874e+112
1449 7.748733e+110 1.509301e+112
1450 9.327120e+110 1.816761e+112
1451 1.122702e+111 2.186854e+112
1452 1.351392e+111 2.632340e+112
1453 1.626666e+111 3.168575e+112
1454 1.958012e+111 3.814048e+112
1455 2.356853e+111 4.591011e+112
1456 2.836937e+111 5.526250e+112
1457 3.414812e+111 6.652008e+112
1458 4.110400e+111 8.007097e+112
1459 4.947677e+111 9.638233e+112
1460 5.955507e+111 1.160165e+113
1461 7.168629e+111 1.396504e+113
1462 8.628862e+111 1.680988e+113
1463 1.038654e+112 2.023425e+113
1464 1.250226e+112 2.435621e+113
1465 1.504895e+112 2.931786e+113
1466 1.811439e+112 3.529026e+113
1467 2.180427e+112 4.247931e+113
1468 2.624576e+112 5.113287e+113
1469 3.159199e+112 6.154926e+113
1470 3.802724e+112 7.408762e+113
1471 4.577335e+112 8.918020e+113
1472 5.509734e+112 1.073473e+114
1473 6.632062e+112 1.292154e+114
1474 7.983009e+112 1.555382e+114
1475 9.609144e+112 1.872233e+114
1476 1.156652e+113 2.253632e+114
1477 1.392262e+113 2.712727e+114
1478 1.675866e+113 3.265345e+114
1479 2.017239e+113 3.930540e+114
1480 2.428151e+113 4.731244e+114
1481 2.922766e+113 5.695063e+114
1482 3.518135e+113 6.855225e+114
1483 4.234781e+113 8.251730e+114
1484 5.097409e+113 9.932722e+114
1485 6.135755e+113 1.195616e+115
1486 7.385614e+113 1.439180e+115
1487 8.890071e+113 1.732361e+115
1488 1.070099e+114 2.085268e+115
1489 1.288079e+114 2.510067e+115
1490 1.550463e+114 3.021404e+115
1491 1.866295e+114 3.636909e+115
1492 2.246462e+114 4.377801e+115
1493 2.704071e+114 5.269624e+115
1494 3.254895e+114 6.343125e+115
1495 3.917924e+114 7.635315e+115
1496 4.716014e+114 9.190745e+115
1497 5.676677e+114 1.106304e+116
1498 6.833030e+114 1.331675e+116
1499 8.224936e+114 1.602958e+116
1500 9.900377e+114 1.929505e+116
1501 1.191711e+115 2.322576e+116
1502 1.434466e+115 2.795721e+116
1503 1.726672e+115 3.365254e+116
1504 2.078400e+115 4.050810e+116
1505 2.501777e+115 4.876026e+116
1506 3.011398e+115 5.869351e+116
1507 3.624830e+115 7.065033e+116
1508 4.363222e+115 8.504296e+116
1509 5.252027e+115 1.023676e+117
1510 6.321885e+115 1.232216e+117
1511 7.609679e+115 1.483239e+117
1512 9.159803e+115 1.785400e+117
1513 1.102569e+116 2.149116e+117
1514 1.327168e+116 2.586927e+117
1515 1.597518e+116 3.113928e+117
1516 1.922940e+116 3.748289e+117
1517 2.314652e+116 4.511880e+117
1518 2.786158e+116 5.431028e+117
1519 3.353713e+116 6.537423e+117
1520 4.036881e+116 7.869211e+117
1521 4.859215e+116 9.472308e+117
1522 5.849064e+116 1.140199e+118
1523 7.040551e+116 1.372477e+118
1524 8.474751e+116 1.652076e+118
1525 1.020111e+117 1.988633e+118
1526 1.227913e+117 2.393754e+118
1527 1.478047e+117 2.881405e+118
1528 1.779134e+117 3.468400e+118
1529 2.141554e+117 4.174977e+118
1530 2.577803e+117 5.025497e+118
1531 3.102918e+117 6.049285e+118
1532 3.735003e+117 7.281637e+118
1533 4.495848e+117 8.765043e+118
1534 5.411684e+117 1.055065e+119
1535 6.514081e+117 1.270002e+119
1536 7.841046e+117 1.528725e+119
1537 9.438324e+117 1.840156e+119
1538 1.136098e+118 2.215031e+119
1539 1.367530e+118 2.666276e+119
1540 1.646106e+118 3.209448e+119
1541 1.981430e+118 3.863275e+119
1542 2.385063e+118 4.650300e+119
1543 2.870919e+118 5.597658e+119
1544 3.455748e+118 6.738011e+119
1545 4.159713e+118 8.110679e+119
1546 5.007080e+118 9.762986e+119
1547 6.027065e+118 1.175190e+120
1548 7.254829e+118 1.414600e+120
1549 8.732700e+118 1.702783e+120
1550 1.051163e+119 2.049675e+120
1551 1.265294e+119 2.467235e+120
1552 1.523046e+119 2.969862e+120
1553 1.833304e+119 3.574884e+120
1554 2.206765e+119 4.303162e+120
1555 2.656303e+119 5.179805e+120
1556 3.197417e+119 6.235040e+120
1557 3.848761e+119 7.505249e+120
1558 4.632791e+119 9.034226e+120
1559 5.576536e+119 1.087469e+121
1560 6.712531e+119 1.309009e+121
1561 8.079941e+119 1.575683e+121
1562 9.725906e+119 1.896683e+121
1563 1.170717e+120 2.283078e+121
1564 1.409204e+120 2.748191e+121
1565 1.696274e+120 3.308057e+121
1566 2.041823e+120 3.981980e+121
1567 2.457764e+120 4.793196e+121
1568 2.958437e+120 5.769676e+121
1569 3.561103e+120 6.945086e+121
1570 4.286538e+120 8.359954e+121
1571 5.159754e+120 1.006306e+122
1572 6.210853e+120 1.211313e+122
1573 7.476074e+120 1.458085e+122
1574 8.999036e+120 1.755130e+122
1575 1.083224e+121 2.112689e+122
1576 1.303890e+121 2.543092e+122
1577 1.569507e+121 3.061177e+122
1578 1.889235e+121 3.684809e+122
1579 2.274094e+121 4.435489e+122
1580 2.737355e+121 5.339101e+122
1581 3.294987e+121 6.426799e+122
1582 3.966216e+121 7.736087e+122
1583 4.774184e+121 9.312107e+122
1584 5.746745e+121 1.120920e+123
1585 6.917429e+121 1.349278e+123
1586 8.326597e+121 1.624157e+123
1587 1.002283e+122 1.955037e+123
1588 1.206461e+122 2.353324e+123
1589 1.452233e+122 2.832752e+123
1590 1.748072e+122 3.409851e+123
1591 2.104177e+122 4.104519e+123
1592 2.532826e+122 4.940709e+123
1593 3.048797e+122 5.947250e+123
1594 3.669878e+122 7.158849e+123
1595 4.417483e+122 8.617280e+123
1596 5.317385e+122 1.037283e+124
1597 6.400610e+122 1.248603e+124
1598 7.704503e+122 1.502974e+124
1599 9.274019e+122 1.809167e+124
1600 1.116327e+123 2.177739e+124
1601 1.343739e+123 2.621398e+124
1602 1.617477e+123 3.155442e+124
1603 1.946981e+123 3.798284e+124
1604 2.343609e+123 4.572089e+124
1605 2.821037e+123 5.503539e+124
1606 3.395724e+123 6.624748e+124
1607 4.087484e+123 7.974377e+124
1608 4.920165e+123 9.598959e+124
1609 5.922477e+123 1.155451e+125
1610 7.128976e+123 1.390846e+125
1611 8.581257e+123 1.674197e+125
1612 1.032939e+124 2.015274e+125
1613 1.243365e+124 2.425837e+125
1614 1.496658e+124 2.920042e+125
1615 1.801550e+124 3.514931e+125
1616 2.168555e+124 4.231013e+125
1617 2.610324e+124 5.092981e+125
1618 3.142088e+124 6.130554e+125
1619 3.782182e+124 7.379509e+125
1620 4.552674e+124 8.882909e+125
1621 5.480128e+124 1.069259e+126
1622 6.596520e+124 1.287096e+126
1623 7.940340e+124 1.549311e+126
1624 9.557919e+124 1.864947e+126
1625 1.150503e+125 2.244886e+126
1626 1.384879e+125 2.702230e+126
1627 1.667003e+125 3.252747e+126
1628 2.006600e+125 3.915419e+126
1629 2.415378e+125 4.713095e+126
1630 2.907432e+125 5.673280e+126
1631 3.499726e+125 6.829081e+126
1632 4.212681e+125 8.220351e+126
1633 5.070878e+125 9.895061e+126
1634 6.103905e+125 1.191096e+127
1635 7.347379e+125 1.433754e+127
1636 8.844170e+125 1.725850e+127
1637 1.064589e+126 2.077453e+127
1638 1.281464e+126 2.500688e+127
1639 1.542522e+126 3.010147e+127
1640 1.856761e+126 3.623398e+127
1641 2.235018e+126 4.361585e+127
1642 2.690332e+126 5.250162e+127
1643 3.238402e+126 6.319768e+127
1644 3.898124e+126 7.607282e+127
1645 4.692245e+126 9.157100e+127
1646 5.648143e+126 1.102266e+128
1647 6.798776e+126 1.326829e+128
1648 8.183815e+126 1.597142e+128
1649 9.851014e+126 1.922525e+128
1650 1.185785e+127 2.314198e+128
1651 1.427353e+127 2.785667e+128
1652 1.718132e+127 3.353187e+128
1653 2.068149e+127 4.036328e+128
1654 2.489471e+127 4.858644e+128
1655 2.996625e+127 5.848491e+128
1656 3.607096e+127 7.039998e+128
1657 4.341933e+127 8.474251e+128
1658 5.226470e+127 1.020070e+129
1659 6.291206e+127 1.227888e+129
1660 7.572851e+127 1.478045e+129
1661 9.115593e+127 1.779167e+129
1662 1.097262e+128 2.141635e+129
1663 1.320797e+128 2.577949e+129
1664 1.589870e+128 3.103154e+129
1665 1.913759e+128 3.735359e+129
1666 2.303631e+128 4.496362e+129
1667 2.772929e+128 5.412405e+129
1668 3.337832e+128 6.515074e+129
1669 4.017818e+128 7.842390e+129
1670 4.836331e+128 9.440120e+129
1671 5.821594e+128 1.136336e+130
1672 7.007575e+128 1.367842e+130
1673 8.435167e+128 1.646512e+130
1674 1.015359e+129 1.981957e+130
1675 1.222209e+129 2.385742e+130
1676 1.471200e+129 2.871790e+130
1677 1.770915e+129 3.456861e+130
1678 2.131688e+129 4.161129e+130
1679 2.565959e+129 5.008879e+130
1680 3.088701e+129 6.029342e+130
1681 3.717937e+129 7.257704e+130
1682 4.475363e+129 8.736322e+130
1683 5.387093e+129 1.051618e+131
1684 6.484564e+129 1.265865e+131
1685 7.805614e+129 1.523762e+131
1686 9.395791e+129 1.834199e+131
1687 1.130992e+130 2.207883e+131
1688 1.361401e+130 2.657698e+131
1689 1.638749e+130 3.199154e+131
1690 1.972600e+130 3.850922e+131
1691 2.374463e+130 4.635476e+131
1692 2.858196e+130 5.579869e+131
1693 3.440476e+130 6.716665e+131
1694 4.141380e+130 8.085062e+131
1695 4.985074e+130 9.732246e+131
1696 6.000650e+130 1.171501e+132
1697 7.223122e+130 1.410174e+132
1698 8.694640e+130 1.697471e+132
1699 1.046594e+131 2.043300e+132
1700 1.259810e+131 2.459586e+132
1701 1.516463e+131 2.960683e+132
1702 1.825403e+131 3.563870e+132
1703 2.197281e+131 4.289945e+132
1704 2.644919e+131 5.163946e+132
1705 3.183753e+131 6.216009e+132
1706 3.832360e+131 7.482412e+132
1707 4.613104e+131 9.006823e+132
1708 5.552905e+131 1.084181e+133
1709 6.684166e+131 1.305064e+133
1710 8.045894e+131 1.570948e+133
1711 9.685039e+131 1.891001e+133
1712 1.165812e+132 2.276261e+133
1713 1.403316e+132 2.740010e+133
1714 1.689207e+132 3.298240e+133
1715 2.033340e+132 3.970201e+133
1716 2.447582e+132 4.779063e+133
1717 2.946215e+132 5.752717e+133
1718 3.546433e+132 6.924736e+133
1719 4.268931e+132 8.335536e+133
1720 5.138619e+132 1.003376e+134
1721 6.185486e+132 1.207798e+134
1722 7.445626e+132 1.453867e+134
1723 8.962490e+132 1.750068e+134
1724 1.078838e+133 2.106616e+134
1725 1.298625e+133 2.535804e+134
1726 1.563188e+133 3.052433e+134
1727 1.881649e+133 3.674317e+134
1728 2.264990e+133 4.422900e+134
1729 2.726427e+133 5.323995e+134
1730 3.281871e+133 6.408674e+134
1731 3.950474e+133 7.714340e+134
1732 4.755289e+133 9.286015e+134
1733 5.724066e+133 1.117789e+135
1734 6.890209e+133 1.345521e+135
1735 8.293926e+133 1.619650e+135
1736 9.983618e+133 1.949629e+135
1737 1.201755e+134 2.346835e+135
1738 1.446584e+134 2.824967e+135
1739 1.741292e+134 3.400510e+135
1740 2.096040e+134 4.093312e+135
1741 2.523059e+134 4.927262e+135
1742 3.037074e+134 5.931116e+135
1743 3.655808e+134 7.139491e+135
1744 4.400595e+134 8.594055e+135
1745 5.297116e+134 1.034496e+136
1746 6.376283e+134 1.245260e+136
1747 7.675306e+134 1.498963e+136
1748 9.238976e+134 1.804354e+136
1749 1.112121e+135 2.171964e+136
1750 1.338691e+135 2.614470e+136
1751 1.611419e+135 3.147130e+136
1752 1.939709e+135 3.788312e+136
1753 2.334882e+135 4.560125e+136
1754 2.810563e+135 5.489184e+136
1755 3.383153e+135 6.607527e+136
1756 4.072396e+135 7.953715e+136
1757 4.902057e+135 9.574171e+136
1758 5.900744e+135 1.152477e+137
1759 7.102892e+135 1.387278e+137
1760 8.549952e+135 1.669916e+137
1761 1.029182e+136 2.010138e+137
1762 1.238856e+136 2.419676e+137
1763 1.491246e+136 2.912651e+137
1764 1.795055e+136 3.506063e+137
1765 2.160760e+136 4.220374e+137
1766 2.600968e+136 5.080218e+137
1767 3.130861e+136 6.115242e+137
1768 3.768707e+136 7.361139e+137
1769 4.536502e+136 8.860871e+137
1770 5.460719e+136 1.066615e+138
1771 6.573227e+136 1.283924e+138
1772 7.912385e+136 1.545506e+138
1773 9.524369e+136 1.860382e+138
1774 1.146476e+137 2.239410e+138
1775 1.380047e+137 2.695660e+138
1776 1.661203e+137 3.244865e+138
1777 1.999640e+137 3.905964e+138
1778 2.407026e+137 4.701753e+138
1779 2.897408e+137 5.659674e+138
1780 3.487696e+137 6.812759e+138
1781 4.198244e+137 8.200770e+138
1782 5.053552e+137 9.871572e+138
1783 6.083112e+137 1.188278e+139
1784 7.322425e+137 1.430374e+139
1785 8.814223e+137 1.721795e+139
1786 1.060995e+138 2.072589e+139
1787 1.277151e+138 2.494852e+139
1788 1.537346e+138 3.003147e+139
1789 1.850550e+138 3.615001e+139
1790 2.227563e+138 4.351513e+139
1791 2.681386e+138 5.238079e+139
1792 3.227666e+138 6.305274e+139
1793 3.885241e+138 7.589896e+139
1794 4.676784e+138 9.136244e+139
1795 5.629589e+138 1.099764e+140
1796 6.776510e+138 1.323828e+140
1797 8.157095e+138 1.593542e+140
1798 9.818948e+138 1.918207e+140
1799 1.181937e+139 2.309019e+140
1800 1.422735e+139 2.779454e+140
1801 1.712590e+139 3.345735e+140
1802 2.061499e+139 4.027389e+140
1803 2.481490e+139 4.847922e+140
1804 2.987048e+139 5.835629e+140
1805 3.595604e+139 7.024571e+140
1806 4.328142e+139 8.455746e+140
1807 5.209921e+139 1.017851e+141
1808 6.271348e+139 1.225226e+141
1809 7.549020e+139 1.474852e+141
1810 9.086996e+139 1.775336e+141
1811 1.093831e+140 2.137041e+141
1812 1.316679e+140 2.572439e+141
1813 1.584929e+140 3.096545e+141
1814 1.907830e+140 3.727431e+141
1815 2.296516e+140 4.486854e+141
1816 2.764390e+140 5.401001e+141
1817 3.327586e+140 6.501396e+141
1818 4.005523e+140 7.825984e+141
1819 4.821578e+140 9.420443e+141
1820 5.803890e+140 1.133976e+142
1821 6.986331e+140 1.365011e+142
1822 8.409675e+140 1.643117e+142
1823 1.012300e+141 1.977885e+142
1824 1.218539e+141 2.380858e+142
1825 1.466795e+141 2.865933e+142
1826 1.765629e+141 3.449836e+142
1827 2.125346e+141 4.152704e+142
1828 2.558350e+141 4.998774e+142
1829 3.079570e+141 6.017223e+142
1830 3.706981e+141 7.243170e+142
1831 4.462216e+141 8.718891e+142
1832 5.371318e+141 1.049528e+143
1833 6.465634e+141 1.263358e+143
1834 7.782900e+141 1.520755e+143
1835 9.368537e+141 1.830593e+143
1836 1.127722e+142 2.203558e+143
1837 1.357477e+142 2.652511e+143
1838 1.634041e+142 3.192934e+143
1839 1.966950e+142 3.843463e+143
1840 2.367684e+142 4.626531e+143
1841 2.850062e+142 5.569141e+143
1842 3.430716e+142 6.703800e+143
1843 4.129670e+142 8.069634e+143
1844 4.971024e+142 9.713744e+143
1845 5.983791e+142 1.169283e+144
1846 7.202894e+142 1.407513e+144
1847 8.670370e+142 1.694280e+144
1848 1.043682e+143 2.039474e+144
1849 1.256316e+143 2.454998e+144
1850 1.512271e+143 2.955181e+144
1851 1.820373e+143 3.557271e+144
1852 2.191245e+143 4.282032e+144
1853 2.637678e+143 5.154457e+144
1854 3.175064e+143 6.204631e+144
1855 3.821935e+143 7.468768e+144
1856 4.600596e+143 8.990462e+144
1857 5.537898e+143 1.082219e+145
1858 6.666161e+143 1.302711e+145
1859 8.024291e+143 1.568127e+145
1860 9.659121e+143 1.887619e+145
1861 1.162702e+144 2.272205e+145
1862 1.399586e+144 2.735147e+145
1863 1.684730e+144 3.292409e+145
1864 2.027969e+144 3.963209e+145
1865 2.441138e+144 4.770679e+145
1866 2.938485e+144 5.742663e+145
1867 3.537158e+144 6.912682e+145
1868 4.257803e+144 8.321083e+145
1869 5.125269e+144 1.001643e+146
1870 6.169469e+144 1.205720e+146
1871 7.426410e+144 1.451375e+146
1872 8.939435e+144 1.747081e+146
1873 1.076072e+145 2.103034e+146
1874 1.295306e+145 2.531510e+146
1875 1.559207e+145 3.047285e+146
1876 1.876873e+145 3.668144e+146
1877 2.259260e+145 4.415499e+146
1878 2.719553e+145 5.315122e+146
1879 3.273624e+145 6.398036e+146
1880 3.940579e+145 7.701585e+146
1881 4.743418e+145 9.270722e+146
1882 5.709825e+145 1.115956e+147
1883 6.873124e+145 1.343323e+147
1884 8.273430e+145 1.617015e+147
1885 9.959030e+145 1.946469e+147
1886 1.198805e+146 2.343048e+147
1887 1.443045e+146 2.820426e+147
1888 1.737047e+146 3.395066e+147
1889 2.090947e+146 4.086786e+147
1890 2.516949e+146 4.919438e+147
1891 3.029745e+146 5.921737e+147
1892 3.647016e+146 7.128247e+147
1893 4.390048e+146 8.580575e+147
1894 5.284463e+146 1.032881e+148
1895 6.361104e+146 1.243322e+148
1896 7.657097e+146 1.496640e+148
1897 9.217132e+146 1.801570e+148
1898 1.109501e+147 2.168627e+148
1899 1.335547e+147 2.610470e+148
1900 1.607648e+147 3.142335e+148
1901 1.935186e+147 Inf
