# step err_l2 res_l2
0 2.460291e-01 1.000000e+00
1 2.202491e-01 8.793500e-01
2 2.017837e-01 3.735209e-01
3 1.909999e-01 2.033297e-01
4 1.829454e-01 1.647515e-01
5 1.759758e-01 1.365773e-01
6 1.698980e-01 1.170897e-01
7 1.644848e-01 1.033602e-01
8 1.595754e-01 9.265253e-02
9 1.550763e-01 8.398806e-02
10 1.509185e-01 7.686611e-02
11 1.470492e-01 7.088359e-02
12 1.434278e-01 6.577288e-02
13 1.400226e-01 6.135063e-02
14 1.368076e-01 5.748096e-02
15 1.337617e-01 5.406206e-02
16 1.308671e-01 5.101644e-02
17 1.281089e-01 4.828374e-02
18 1.254743e-01 4.581627e-02
19 1.229523e-01 4.357586e-02
20 1.205334e-01 4.153156e-02
21 1.182092e-01 3.965803e-02
22 1.159722e-01 3.793431e-02
23 1.138159e-01 3.634295e-02
24 1.117345e-01 3.486927e-02
25 1.097227e-01 3.350083e-02
26 1.077758e-01 3.222702e-02
27 1.058895e-01 3.103870e-02
28 1.040600e-01 2.992797e-02
29 1.022838e-01 2.888794e-02
30 1.005576e-01 2.791254e-02
31 9.887865e-02 2.699642e-02
32 9.724415e-02 2.613479e-02
33 9.565170e-02 2.532341e-02
34 9.409906e-02 2.455840e-02
35 9.258416e-02 2.383630e-02
36 9.110510e-02 2.315395e-02
37 8.966014e-02 2.250844e-02
38 8.824767e-02 2.189714e-02
39 8.686618e-02 2.131762e-02
40 8.551431e-02 2.076765e-02
41 8.419077e-02 2.024515e-02
42 8.289438e-02 1.974822e-02
43 8.162404e-02 1.927510e-02
44 8.037873e-02 1.882415e-02
45 7.915751e-02 1.839386e-02
46 7.795948e-02 1.798283e-02
47 7.678382e-02 1.758975e-02
48 7.562977e-02 1.721341e-02
49 7.449660e-02 1.685271e-02
50 7.338364e-02 1.650659e-02
51 7.229026e-02 1.617410e-02
52 7.121586e-02 1.585434e-02
53 7.015990e-02 1.554650e-02
54 6.912184e-02 1.524979e-02
55 6.810119e-02 1.496352e-02
56 6.709750e-02 1.468703e-02
57 6.611031e-02 1.441970e-02
58 6.513921e-02 1.416098e-02
59 6.418380e-02 1.391035e-02
60 6.324372e-02 1.366733e-02
61 6.231861e-02 1.343147e-02
62 6.140812e-02 1.320235e-02
63 6.051193e-02 1.297960e-02
64 5.962973e-02 1.276287e-02
65 5.876123e-02 1.255184e-02
66 5.790615e-02 1.234619e-02
67 5.706421e-02 1.214565e-02
68 5.623515e-02 1.194996e-02
69 5.541873e-02 1.175889e-02
70 5.461469e-02 1.157221e-02
71 5.382282e-02 1.138972e-02
72 5.304287e-02 1.121123e-02
73 5.227465e-02 1.103656e-02
74 5.151793e-02 1.086555e-02
75 5.077251e-02 1.069805e-02
76 5.003821e-02 1.053391e-02
77 4.931481e-02 1.037300e-02
78 4.860215e-02 1.021521e-02
79 4.790004e-02 1.006041e-02
80 4.720830e-02 9.908503e-03
81 4.652677e-02 9.759388e-03
82 4.585527e-02 9.612971e-03
83 4.519364e-02 9.469165e-03
84 4.454173e-02 9.327889e-03
85 4.389938e-02 9.189067e-03
86 4.326643e-02 9.052625e-03
87 4.264275e-02 8.918497e-03
88 4.202819e-02 8.786618e-03
89 4.142259e-02 8.656929e-03
90 4.082584e-02 8.529373e-03
91 4.023778e-02 8.403894e-03
92 3.965829e-02 8.280443e-03
93 3.908723e-02 8.158972e-03
94 3.852448e-02 8.039433e-03
95 3.796991e-02 7.921783e-03
96 3.742340e-02 7.805980e-03
97 3.688483e-02 7.691985e-03
98 3.635407e-02 7.579758e-03
99 3.583102e-02 7.469264e-03
100 3.531555e-02 7.360467e-03
101 3.480756e-02 7.253335e-03
102 3.430692e-02 7.147833e-03
103 3.381354e-02 7.043932e-03
104 3.332731e-02 6.941600e-03
105 3.284812e-02 6.840810e-03
106 3.237586e-02 6.741534e-03
107 3.191044e-02 6.643743e-03
108 3.145176e-02 6.547412e-03
109 3.099971e-02 6.452515e-03
110 3.055419e-02 6.359028e-03
111 3.011513e-02 6.266927e-03
112 2.968241e-02 6.176188e-03
113 2.925594e-02 6.086789e-03
114 2.883564e-02 5.998708e-03
115 2.842142e-02 5.911923e-03
116 2.801318e-02 5.826413e-03
117 2.761084e-02 5.742158e-03
118 2.721431e-02 5.659138e-03
119 2.682351e-02 5.577333e-03
120 2.643836e-02 5.496723e-03
121 2.605877e-02 5.417292e-03
122 2.568467e-02 5.339019e-03
123 2.531597e-02 5.261888e-03
124 2.495259e-02 5.185880e-03
125 2.459446e-02 5.110979e-03
126 2.424150e-02 5.037167e-03
127 2.389364e-02 4.964428e-03
128 2.355080e-02 4.892746e-03
129 2.321291e-02 4.822105e-03
130 2.287990e-02 4.752490e-03
131 2.255170e-02 4.683884e-03
132 2.222824e-02 4.616273e-03
133 2.190944e-02 4.549642e-03
134 2.159525e-02 4.483976e-03
135 2.128560e-02 4.419262e-03
136 2.098041e-02 4.355485e-03
137 2.067963e-02 4.292631e-03
138 2.038319e-02 4.230686e-03
139 2.009103e-02 4.169638e-03
140 1.980309e-02 4.109473e-03
141 1.951931e-02 4.050177e-03
142 1.923962e-02 3.991740e-03
143 1.896397e-02 3.934146e-03
144 1.869230e-02 3.877386e-03
145 1.842455e-02 3.821445e-03
146 1.816066e-02 3.766313e-03
147 1.790059e-02 3.711978e-03
148 1.764426e-02 3.658427e-03
149 1.739164e-02 3.605650e-03
150 1.714267e-02 3.553635e-03
151 1.689729e-02 3.502371e-03
152 1.665545e-02 3.451847e-03
153 1.641710e-02 3.402053e-03
154 1.618219e-02 3.352977e-03
155 1.595068e-02 3.304611e-03
156 1.572250e-02 3.256942e-03
157 1.549762e-02 3.209961e-03
158 1.527599e-02 3.163659e-03
159 1.505756e-02 3.118024e-03
160 1.484228e-02 3.073049e-03
161 1.463010e-02 3.028722e-03
162 1.442100e-02 2.985035e-03
163 1.421491e-02 2.941978e-03
164 1.401179e-02 2.899543e-03
165 1.381161e-02 2.857720e-03
166 1.361432e-02 2.816500e-03
167 1.341987e-02 2.775876e-03
168 1.322824e-02 2.735837e-03
169 1.303937e-02 2.696376e-03
170 1.285323e-02 2.657484e-03
171 1.266978e-02 2.619153e-03
172 1.248897e-02 2.581376e-03
173 1.231078e-02 2.544143e-03
174 1.213516e-02 2.507447e-03
175 1.196208e-02 2.471281e-03
176 1.179149e-02 2.435637e-03
177 1.162337e-02 2.400506e-03
178 1.145768e-02 2.365883e-03
179 1.129438e-02 2.331759e-03
180 1.113344e-02 2.298127e-03
181 1.097483e-02 2.264980e-03
182 1.081851e-02 2.232311e-03
183 1.066444e-02 2.200114e-03
184 1.051260e-02 2.168381e-03
185 1.036295e-02 2.137106e-03
186 1.021547e-02 2.106282e-03
187 1.007012e-02 2.075902e-03
188 9.926865e-03 2.045961e-03
189 9.785682e-03 2.016452e-03
190 9.646539e-03 1.987368e-03
191 9.509407e-03 1.958704e-03
192 9.374257e-03 1.930453e-03
193 9.241061e-03 1.902610e-03
194 9.109789e-03 1.875168e-03
195 8.980416e-03 1.848122e-03
196 8.852912e-03 1.821466e-03
197 8.727251e-03 1.795195e-03
198 8.603407e-03 1.769302e-03
199 8.481354e-03 1.743783e-03
200 8.361066e-03 1.718633e-03
201 8.242517e-03 1.693844e-03
202 8.125682e-03 1.669414e-03
203 8.010537e-03 1.645336e-03
204 7.897057e-03 1.621605e-03
205 7.785219e-03 1.598216e-03
206 7.674999e-03 1.575165e-03
207 7.566373e-03 1.552446e-03
208 7.459319e-03 1.530055e-03
209 7.353814e-03 1.507987e-03
210 7.249835e-03 1.486237e-03
211 7.147362e-03 1.464801e-03
212 7.046371e-03 1.443674e-03
213 6.946842e-03 1.422851e-03
214 6.848754e-03 1.402329e-03
215 6.752087e-03 1.382103e-03
216 6.656819e-03 1.362169e-03
217 6.562930e-03 1.342522e-03
218 6.470401e-03 1.323159e-03
219 6.379212e-03 1.304075e-03
220 6.289345e-03 1.285266e-03
221 6.200779e-03 1.266729e-03
222 6.113497e-03 1.248458e-03
223 6.027479e-03 1.230452e-03
224 5.942708e-03 1.212705e-03
225 5.859166e-03 1.195214e-03
226 5.776835e-03 1.177975e-03
227 5.695698e-03 1.160985e-03
228 5.615737e-03 1.144240e-03
229 5.536936e-03 1.127737e-03
230 5.459278e-03 1.111471e-03
231 5.382747e-03 1.095440e-03
232 5.307326e-03 1.079641e-03
233 5.233000e-03 1.064069e-03
234 5.159753e-03 1.048722e-03
235 5.087569e-03 1.033596e-03
236 5.016434e-03 1.018688e-03
237 4.946331e-03 1.003996e-03
238 4.877247e-03 9.895148e-04
239 4.809167e-03 9.752429e-04
240 4.742076e-03 9.611769e-04
241 4.675960e-03 9.473138e-04
242 4.610805e-03 9.336506e-04
243 4.546598e-03 9.201844e-04
244 4.483325e-03 9.069125e-04
245 4.420973e-03 8.938320e-04
246 4.359527e-03 8.809402e-04
247 4.298976e-03 8.682343e-04
248 4.239307e-03 8.557117e-04
249 4.180507e-03 8.433696e-04
250 4.122563e-03 8.312056e-04
251 4.065463e-03 8.192171e-04
252 4.009196e-03 8.074014e-04
253 3.953749e-03 7.957562e-04
254 3.899111e-03 7.842789e-04
255 3.845270e-03 7.729672e-04
256 3.792214e-03 7.618186e-04
257 3.739933e-03 7.508308e-04
258 3.688415e-03 7.400015e-04
259 3.637650e-03 7.293284e-04
260 3.587627e-03 7.188092e-04
261 3.538335e-03 7.084418e-04
262 3.489764e-03 6.982238e-04
263 3.441903e-03 6.881533e-04
264 3.394742e-03 6.782280e-04
265 3.348272e-03 6.684458e-04
266 3.302483e-03 6.588048e-04
267 3.257364e-03 6.493028e-04
268 3.212907e-03 6.399378e-04
269 3.169102e-03 6.307079e-04
270 3.125939e-03 6.216112e-04
271 3.083410e-03 6.126456e-04
272 3.041506e-03 6.038093e-04
273 3.000217e-03 5.951005e-04
274 2.959535e-03 5.865174e-04
275 2.919451e-03 5.780580e-04
276 2.879957e-03 5.697206e-04
277 2.841045e-03 5.615034e-04
278 2.802706e-03 5.534048e-04
279 2.764931e-03 5.454230e-04
280 2.727714e-03 5.375563e-04
281 2.691046e-03 5.298031e-04
282 2.654919e-03 5.221617e-04
283 2.619326e-03 5.146305e-04
284 2.584260e-03 5.072079e-04
285 2.549712e-03 4.998924e-04
286 2.515675e-03 4.926824e-04
287 2.482142e-03 4.855764e-04
288 2.449107e-03 4.785729e-04
289 2.416561e-03 4.716704e-04
290 2.384499e-03 4.648674e-04
291 2.352913e-03 4.581626e-04
292 2.321796e-03 4.515545e-04
293 2.291143e-03 4.450417e-04
294 2.260945e-03 4.386228e-04
295 2.231198e-03 4.322965e-04
296 2.201895e-03 4.260614e-04
297 2.173029e-03 4.199163e-04
298 2.144594e-03 4.138598e-04
299 2.116584e-03 4.078907e-04
300 2.088994e-03 4.020076e-04
301 2.061816e-03 3.962094e-04
302 2.035047e-03 3.904949e-04
303 2.008679e-03 3.848627e-04
304 1.982707e-03 3.793118e-04
305 1.957126e-03 3.738410e-04
306 1.931931e-03 3.684490e-04
307 1.907115e-03 3.631348e-04
308 1.882673e-03 3.578973e-04
309 1.858600e-03 3.527353e-04
310 1.834892e-03 3.476478e-04
311 1.811542e-03 3.426336e-04
312 1.788547e-03 3.376918e-04
313 1.765900e-03 3.328212e-04
314 1.743598e-03 3.280209e-04
315 1.721635e-03 3.232898e-04
316 1.700006e-03 3.186270e-04
317 1.678707e-03 3.140314e-04
318 1.657734e-03 3.095021e-04
319 1.637081e-03 3.050381e-04
320 1.616745e-03 3.006385e-04
321 1.596720e-03 2.963024e-04
322 1.577003e-03 2.920288e-04
323 1.557589e-03 2.878168e-04
324 1.538475e-03 2.836656e-04
325 1.519655e-03 2.795743e-04
326 1.501126e-03 2.755419e-04
327 1.482883e-03 2.715678e-04
328 1.464924e-03 2.676509e-04
329 1.447243e-03 2.637906e-04
330 1.429837e-03 2.599859e-04
331 1.412703e-03 2.562361e-04
332 1.395835e-03 2.525404e-04
333 1.379232e-03 2.488980e-04
334 1.362888e-03 2.453081e-04
335 1.346801e-03 2.417700e-04
336 1.330966e-03 2.382829e-04
337 1.315381e-03 2.348461e-04
338 1.300042e-03 2.314589e-04
339 1.284945e-03 2.281206e-04
340 1.270087e-03 2.248304e-04
341 1.255464e-03 2.215876e-04
342 1.241075e-03 2.183916e-04
343 1.226914e-03 2.152417e-04
344 1.212979e-03 2.121373e-04
345 1.199268e-03 2.090776e-04
346 1.185776e-03 2.060621e-04
347 1.172501e-03 2.030900e-04
348 1.159439e-03 2.001608e-04
349 1.146588e-03 1.972739e-04
350 1.133945e-03 1.944286e-04
351 1.121507e-03 1.916243e-04
352 1.109271e-03 1.888605e-04
353 1.097234e-03 1.861366e-04
354 1.085393e-03 1.834519e-04
355 1.073746e-03 1.808059e-04
356 1.062290e-03 1.781982e-04
357 1.051022e-03 1.756280e-04
358 1.039940e-03 1.730949e-04
359 1.029041e-03 1.705983e-04
360 1.018322e-03 1.681378e-04
361 1.007781e-03 1.657127e-04
362 9.974148e-04 1.633226e-04
363 9.872219e-04 1.609670e-04
364 9.771994e-04 1.586454e-04
365 9.673448e-04 1.563572e-04
366 9.576559e-04 1.541020e-04
367 9.481301e-04 1.518794e-04
368 9.387653e-04 1.496888e-04
369 9.295590e-04 1.475299e-04
370 9.205091e-04 1.454020e-04
371 9.116132e-04 1.433049e-04
372 9.028691e-04 1.412380e-04
373 8.942747e-04 1.392009e-04
374 8.858278e-04 1.371932e-04
375 8.775262e-04 1.352144e-04
376 8.693679e-04 1.332642e-04
377 8.613507e-04 1.313421e-04
378 8.534725e-04 1.294478e-04
379 8.457314e-04 1.275807e-04
380 8.381253e-04 1.257406e-04
381 8.306522e-04 1.239271e-04
382 8.233102e-04 1.221396e-04
383 8.160972e-04 1.203780e-04
384 8.090115e-04 1.186418e-04
385 8.020510e-04 1.169306e-04
386 7.952139e-04 1.152441e-04
387 7.884984e-04 1.135819e-04
388 7.819026e-04 1.119437e-04
389 7.754246e-04 1.103292e-04
390 7.690628e-04 1.087379e-04
391 7.628153e-04 1.071695e-04
392 7.566803e-04 1.056238e-04
393 7.506562e-04 1.041004e-04
394 7.447413e-04 1.025989e-04
395 7.389337e-04 1.011191e-04
396 7.332320e-04 9.966069e-05
397 7.276343e-04 9.822328e-05
398 7.221392e-04 9.680659e-05
399 7.167448e-04 9.541034e-05
400 7.114498e-04 9.403423e-05
401 7.062525e-04 9.267796e-05
402 7.011512e-04 9.134126e-05
403 6.961446e-04 9.002384e-05
404 6.912310e-04 8.872541e-05
405 6.864090e-04 8.744572e-05
406 6.816771e-04 8.618448e-05
407 6.770338e-04 8.494143e-05
408 6.724776e-04 8.371631e-05
409 6.680072e-04 8.250886e-05
410 6.636211e-04 8.131883e-05
411 6.593178e-04 8.014596e-05
412 6.550961e-04 7.899001e-05
413 6.509546e-04 7.785073e-05
414 6.468919e-04 7.672788e-05
415 6.429066e-04 7.562123e-05
416 6.389975e-04 7.453053e-05
417 6.351633e-04 7.345557e-05
418 6.314026e-04 7.239612e-05
419 6.277143e-04 7.135194e-05
420 6.240971e-04 7.032282e-05
421 6.205496e-04 6.930855e-05
422 6.170708e-04 6.830891e-05
423 6.136594e-04 6.732368e-05
424 6.103143e-04 6.635266e-05
425 6.070342e-04 6.539565e-05
426 6.038180e-04 6.445244e-05
427 6.006646e-04 6.352284e-05
428 5.975728e-04 6.260664e-05
429 5.945416e-04 6.170366e-05
430 5.915698e-04 6.081370e-05
431 5.886564e-04 5.993658e-05
432 5.858003e-04 5.907211e-05
433 5.830005e-04 5.822011e-05
434 5.802559e-04 5.738039e-05
435 5.775655e-04 5.655279e-05
436 5.749283e-04 5.573712e-05
437 5.723434e-04 5.493322e-05
438 5.698097e-04 5.414092e-05
439 5.673263e-04 5.336004e-05
440 5.648923e-04 5.259042e-05
441 5.625067e-04 5.183190e-05
442 5.601686e-04 5.108433e-05
443 5.578772e-04 5.034753e-05
444 5.556314e-04 4.962136e-05
445 5.534305e-04 4.890567e-05
446 5.512736e-04 4.820030e-05
447 5.491599e-04 4.750510e-05
448 5.470885e-04 4.681993e-05
449 5.450585e-04 4.614464e-05
450 5.430693e-04 4.547909e-05
451 5.411200e-04 4.482314e-05
452 5.392098e-04 4.417666e-05
453 5.373379e-04 4.353949e-05
454 5.355037e-04 4.291152e-05
455 5.337063e-04 4.229260e-05
456 5.319450e-04 4.168261e-05
457 5.302192e-04 4.108142e-05
458 5.285281e-04 4.048890e-05
459 5.268711e-04 3.990492e-05
460 5.252474e-04 3.932937e-05
461 5.236564e-04 3.876212e-05
462 5.220974e-04 3.820305e-05
463 5.205698e-04 3.765204e-05
464 5.190729e-04 3.710898e-05
465 5.176062e-04 3.657375e-05
466 5.161690e-04 3.604625e-05
467 5.147608e-04 3.552635e-05
468 5.133809e-04 3.501395e-05
469 5.120288e-04 3.450894e-05
470 5.107039e-04 3.401121e-05
471 5.094056e-04 3.352067e-05
472 5.081334e-04 3.303719e-05
473 5.068868e-04 3.256070e-05
474 5.056653e-04 3.209107e-05
475 5.044682e-04 3.162822e-05
476 5.032953e-04 3.117204e-05
477 5.021458e-04 3.072244e-05
478 5.010194e-04 3.027933e-05
479 4.999156e-04 2.984261e-05
480 4.988339e-04 2.941219e-05
481 4.977738e-04 2.898797e-05
482 4.967349e-04 2.856987e-05
483 4.957169e-04 2.815781e-05
484 4.947191e-04 2.775169e-05
485 4.937413e-04 2.735142e-05
486 4.927829e-04 2.695693e-05
487 4.918437e-04 2.656813e-05
488 4.909231e-04 2.618493e-05
489 4.900209e-04 2.580726e-05
490 4.891366e-04 2.543504e-05
491 4.882698e-04 2.506819e-05
492 4.874202e-04 2.470663e-05
493 4.865875e-04 2.435028e-05
494 4.857712e-04 2.399908e-05
495 4.849711e-04 2.365294e-05
496 4.841868e-04 2.331179e-05
497 4.834179e-04 2.297556e-05
498 4.826642e-04 2.264418e-05
499 4.819253e-04 2.231758e-05
500 4.812009e-04 2.199569e-05
501 4.804908e-04 2.167845e-05
502 4.797946e-04 2.136578e-05
503 4.791120e-04 2.105761e-05
504 4.784427e-04 2.075390e-05
505 4.777866e-04 2.045456e-05
506 4.771432e-04 2.015955e-05
507 4.765123e-04 1.986878e-05
508 4.758937e-04 1.958221e-05
509 4.752871e-04 1.929978e-05
510 4.746923e-04 1.902141e-05
511 4.741090e-04 1.874707e-05
512 4.735370e-04 1.847668e-05
513 4.729760e-04 1.821018e-05
514 4.724258e-04 1.794754e-05
515 4.718863e-04 1.768868e-05
516 4.713570e-04 1.743355e-05
517 4.708380e-04 1.718211e-05
518 4.703289e-04 1.693429e-05
519 4.698295e-04 1.669004e-05
520 4.693396e-04 1.644932e-05
521 4.688591e-04 1.621207e-05
522 4.683877e-04 1.597824e-05
523 4.679253e-04 1.574779e-05
524 4.674717e-04 1.552065e-05
525 4.670266e-04 1.529680e-05
526 4.665900e-04 1.507617e-05
527 4.661616e-04 1.485873e-05
528 4.657413e-04 1.464442e-05
529 4.653288e-04 1.443320e-05
530 4.649242e-04 1.422503e-05
531 4.645271e-04 1.401986e-05
532 4.641374e-04 1.381765e-05
533 4.637550e-04 1.361836e-05
534 4.633798e-04 1.342194e-05
535 4.630115e-04 1.322835e-05
536 4.626501e-04 1.303756e-05
537 4.622953e-04 1.284952e-05
538 4.619472e-04 1.266419e-05
539 4.616055e-04 1.248153e-05
540 4.612700e-04 1.230151e-05
541 4.609408e-04 1.212408e-05
542 4.606176e-04 1.194921e-05
543 4.603004e-04 1.177687e-05
544 4.599889e-04 1.160701e-05
545 4.596831e-04 1.143960e-05
546 4.593830e-04 1.127461e-05
547 4.590883e-04 1.111199e-05
548 4.587989e-04 1.095172e-05
549 4.585148e-04 1.079376e-05
550 4.582359e-04 1.063809e-05
551 4.579619e-04 1.048465e-05
552 4.576930e-04 1.033343e-05
553 4.574289e-04 1.018439e-05
554 4.571695e-04 1.003750e-05
555 4.569148e-04 9.892728e-06
556 4.566646e-04 9.750044e-06
557 4.564190e-04 9.609418e-06
558 4.561777e-04 9.470820e-06
559 4.559407e-04 9.334222e-06
560 4.557079e-04 9.199593e-06
561 4.554793e-04 9.066907e-06
562 4.552547e-04 8.936134e-06
563 4.550341e-04 8.807247e-06
564 4.548174e-04 8.680219e-06
565 4.546045e-04 8.555024e-06
566 4.543954e-04 8.431634e-06
567 4.541899e-04 8.310023e-06
568 4.539880e-04 8.190167e-06
569 4.537897e-04 8.072040e-06
570 4.535948e-04 7.955616e-06
571 4.534034e-04 7.840871e-06
572 4.532152e-04 7.727781e-06
573 4.530304e-04 7.616323e-06
574 4.528487e-04 7.506472e-06
575 4.526702e-04 7.398205e-06
576 4.524948e-04 7.291500e-06
577 4.523224e-04 7.186334e-06
578 4.521530e-04 7.082685e-06
579 4.519865e-04 6.980531e-06
580 4.518228e-04 6.879850e-06
581 4.516620e-04 6.780621e-06
582 4.515039e-04 6.682824e-06
583 4.513485e-04 6.586437e-06
584 4.511958e-04 6.491440e-06
585 4.510457e-04 6.397813e-06
586 4.508981e-04 6.305537e-06
587 4.507530e-04 6.214591e-06
588 4.506104e-04 6.124958e-06
589 4.504702e-04 6.036617e-06
590 4.503324e-04 5.949550e-06
591 4.501968e-04 5.863739e-06
592 4.500636e-04 5.779166e-06
593 4.499326e-04 5.695812e-06
594 4.498038e-04 5.613661e-06
595 4.496772e-04 5.532695e-06
596 4.495527e-04 5.452896e-06
597 4.494303e-04 5.374249e-06
598 4.493099e-04 5.296735e-06
599 4.491915e-04 5.220340e-06
600 4.490751e-04 5.145046e-06
601 4.489606e-04 5.070839e-06
602 4.488480e-04 4.997702e-06
603 4.487373e-04 4.925619e-06
604 4.486284e-04 4.854577e-06
605 4.485213e-04 4.784559e-06
606 4.484159e-04 4.715550e-06
607 4.483123e-04 4.647538e-06
608 4.482104e-04 4.580506e-06
609 4.481102e-04 4.514441e-06
610 4.480116e-04 4.449328e-06
611 4.479147e-04 4.385155e-06
612 4.478193e-04 4.321908e-06
613 4.477255e-04 4.259573e-06
614 4.476332e-04 4.198136e-06
615 4.475424e-04 4.137586e-06
616 4.474530e-04 4.077909e-06
617 4.473652e-04 4.019093e-06
618 4.472787e-04 3.961125e-06
619 4.471937e-04 3.903994e-06
620 4.471100e-04 3.847686e-06
621 4.470277e-04 3.792191e-06
622 4.469467e-04 3.737495e-06
623 4.468670e-04 3.683589e-06
624 4.467886e-04 3.630460e-06
625 4.467114e-04 3.578098e-06
626 4.466355e-04 3.526491e-06
627 4.465608e-04 3.475628e-06
628 4.464873e-04 3.425498e-06
629 4.464150e-04 3.376092e-06
630 4.463438e-04 3.327398e-06
631 4.462738e-04 3.279407e-06
632 4.462048e-04 3.232108e-06
633 4.461370e-04 3.185491e-06
634 4.460703e-04 3.139546e-06
635 4.460046e-04 3.094264e-06
636 4.459399e-04 3.049635e-06
637 4.458763e-04 3.005650e-06
638 4.458137e-04 2.962299e-06
639 4.457520e-04 2.919574e-06
640 4.456914e-04 2.877464e-06
641 4.456317e-04 2.835962e-06
642 4.455729e-04 2.795059e-06
643 4.455151e-04 2.754746e-06
644 4.454581e-04 2.715014e-06
645 4.454021e-04 2.675855e-06
646 4.453469e-04 2.637261e-06
647 4.452926e-04 2.599223e-06
648 4.452392e-04 2.561734e-06
649 4.451866e-04 2.524786e-06
650 4.451348e-04 2.488371e-06
651 4.450838e-04 2.452481e-06
652 4.450336e-04 2.417109e-06
653 4.449842e-04 2.382246e-06
654 4.449356e-04 2.347887e-06
655 4.448877e-04 2.314023e-06
656 4.448406e-04 2.280648e-06
657 4.447942e-04 2.247754e-06
658 4.447485e-04 2.215334e-06
659 4.447035e-04 2.183382e-06
660 4.446592e-04 2.151891e-06
661 4.446156e-04 2.120854e-06
662 4.445727e-04 2.090265e-06
663 4.445305e-04 2.060117e-06
664 4.444888e-04 2.030404e-06
665 4.444479e-04 2.001119e-06
666 4.444075e-04 1.972257e-06
667 4.443678e-04 1.943810e-06
668 4.443287e-04 1.915775e-06
669 4.442902e-04 1.888143e-06
670 4.442523e-04 1.860910e-06
671 4.442149e-04 1.834070e-06
672 4.441782e-04 1.807617e-06
673 4.441420e-04 1.781546e-06
674 4.441063e-04 1.755850e-06
675 4.440712e-04 1.730526e-06
676 4.440367e-04 1.705566e-06
677 4.440026e-04 1.680967e-06
678 4.439691e-04 1.656722e-06
679 4.439361e-04 1.632827e-06
680 4.439036e-04 1.609276e-06
681 4.438716e-04 1.586066e-06
682 4.438400e-04 1.563190e-06
683 4.438090e-04 1.540644e-06
684 4.437784e-04 1.518423e-06
685 4.437483e-04 1.496522e-06
686 4.437186e-04 1.474938e-06
687 4.436894e-04 1.453665e-06
688 4.436607e-04 1.432698e-06
689 4.436323e-04 1.412034e-06
690 4.436044e-04 1.391669e-06
691 4.435770e-04 1.371596e-06
692 4.435499e-04 1.351814e-06
693 4.435232e-04 1.332316e-06
694 4.434970e-04 1.313100e-06
695 4.434711e-04 1.294161e-06
696 4.434457e-04 1.275495e-06
697 4.434206e-04 1.257099e-06
698 4.433959e-04 1.238968e-06
699 4.433715e-04 1.221098e-06
700 4.433476e-04 1.203486e-06
701 4.433239e-04 1.186128e-06
702 4.433007e-04 1.169020e-06
703 4.432778e-04 1.152159e-06
704 4.432552e-04 1.135542e-06
705 4.432330e-04 1.119164e-06
706 4.432111e-04 1.103022e-06
707 4.431895e-04 1.087113e-06
708 4.431683e-04 1.071433e-06
709 4.431474e-04 1.055980e-06
710 4.431268e-04 1.040749e-06
711 4.431065e-04 1.025738e-06
712 4.430865e-04 1.010944e-06
713 4.430668e-04 9.963632e-07
714 4.430474e-04 9.819926e-07
715 4.430283e-04 9.678292e-07
716 4.430094e-04 9.538701e-07
717 4.429909e-04 9.401123e-07
718 4.429726e-04 9.265530e-07
719 4.429546e-04 9.131892e-07
720 4.429369e-04 9.000182e-07
721 4.429194e-04 8.870372e-07
722 4.429022e-04 8.742433e-07
723 4.428852e-04 8.616340e-07
724 4.428685e-04 8.492066e-07
725 4.428521e-04 8.369584e-07
726 4.428359e-04 8.248869e-07
727 4.428199e-04 8.129895e-07
728 4.428042e-04 8.012636e-07
729 4.427887e-04 7.897069e-07
730 4.427734e-04 7.783169e-07
731 4.427584e-04 7.670912e-07
732 4.427435e-04 7.560273e-07
733 4.427289e-04 7.451231e-07
734 4.427145e-04 7.343761e-07
735 4.427004e-04 7.237841e-07
736 4.426864e-04 7.133449e-07
737 4.426727e-04 7.030563e-07
738 4.426591e-04 6.929160e-07
739 4.426458e-04 6.829220e-07
740 4.426326e-04 6.730722e-07
741 4.426196e-04 6.633644e-07
742 4.426069e-04 6.537966e-07
743 4.425943e-04 6.443668e-07
744 4.425819e-04 6.350731e-07
745 4.425697e-04 6.259134e-07
746 4.425577e-04 6.168857e-07
747 4.425458e-04 6.079883e-07
748 4.425341e-04 5.992193e-07
749 4.425226e-04 5.905767e-07
750 4.425113e-04 5.820587e-07
751 4.425001e-04 5.736636e-07
752 4.424891e-04 5.653896e-07
753 4.424782e-04 5.572350e-07
754 4.424676e-04 5.491979e-07
755 4.424570e-04 5.412768e-07
756 4.424467e-04 5.334699e-07
757 4.424364e-04 5.257756e-07
758 4.424264e-04 5.181923e-07
759 4.424164e-04 5.107183e-07
760 4.424067e-04 5.033522e-07
761 4.423970e-04 4.960923e-07
762 4.423875e-04 4.889371e-07
763 4.423782e-04 4.818851e-07
764 4.423690e-04 4.749348e-07
765 4.423599e-04 4.680848e-07
766 4.423509e-04 4.613336e-07
767 4.423421e-04 4.546797e-07
768 4.423334e-04 4.481218e-07
769 4.423249e-04 4.416585e-07
770 4.423164e-04 4.352884e-07
771 4.423081e-04 4.290102e-07
772 4.422999e-04 4.228226e-07
773 4.422919e-04 4.167242e-07
774 4.422839e-04 4.107137e-07
775 4.422761e-04 4.047899e-07
776 4.422684e-04 3.989516e-07
777 4.422608e-04 3.931975e-07
778 4.422533e-04 3.875264e-07
779 4.422459e-04 3.819370e-07
780 4.422386e-04 3.764283e-07
781 4.422314e-04 3.709991e-07
782 4.422244e-04 3.656481e-07
783 4.422174e-04 3.603743e-07
784 4.422105e-04 3.551766e-07
785 4.422038e-04 3.500539e-07
786 4.421971e-04 3.450050e-07
787 4.421906e-04 3.400290e-07
788 4.421841e-04 3.351247e-07
789 4.421777e-04 3.302912e-07
790 4.421714e-04 3.255273e-07
791 4.421652e-04 3.208322e-07
792 4.421591e-04 3.162048e-07
793 4.421531e-04 3.116442e-07
794 4.421472e-04 3.071493e-07
795 4.421414e-04 3.027193e-07
796 4.421356e-04 2.983531e-07
797 4.421299e-04 2.940499e-07
798 4.421244e-04 2.898088e-07
799 4.421188e-04 2.856289e-07
800 4.421134e-04 2.815092e-07
801 4.421081e-04 2.774490e-07
802 4.421028e-04 2.734473e-07
803 4.420976e-04 2.695034e-07
804 4.420925e-04 2.656163e-07
805 4.420875e-04 2.617853e-07
806 4.420825e-04 2.580095e-07
807 4.420776e-04 2.542882e-07
808 4.420728e-04 2.506206e-07
809 4.420680e-04 2.470059e-07
810 4.420633e-04 2.434433e-07
811 4.420587e-04 2.399321e-07
812 4.420542e-04 2.364715e-07
813 4.420497e-04 2.330609e-07
814 4.420453e-04 2.296994e-07
815 4.420409e-04 2.263864e-07
816 4.420366e-04 2.231212e-07
817 4.420324e-04 2.199031e-07
818 4.420282e-04 2.167315e-07
819 4.420241e-04 2.136055e-07
820 4.420201e-04 2.105247e-07
821 4.420161e-04 2.074882e-07
822 4.420122e-04 2.044956e-07
823 4.420083e-04 2.015462e-07
824 4.420045e-04 1.986392e-07
825 4.420007e-04 1.957742e-07
826 4.419970e-04 1.929506e-07
827 4.419934e-04 1.901676e-07
828 4.419898e-04 1.874248e-07
829 4.419862e-04 1.847216e-07
830 4.419827e-04 1.820573e-07
831 4.419793e-04 1.794315e-07
832 4.419759e-04 1.768435e-07
833 4.419725e-04 1.742929e-07
834 4.419693e-04 1.717791e-07
835 4.419660e-04 1.693015e-07
836 4.419628e-04 1.668596e-07
837 4.419596e-04 1.644530e-07
838 4.419565e-04 1.620811e-07
839 4.419535e-04 1.597434e-07
840 4.419505e-04 1.574394e-07
841 4.419475e-04 1.551686e-07
842 4.419445e-04 1.529306e-07
843 4.419417e-04 1.507248e-07
844 4.419388e-04 1.485509e-07
845 4.419360e-04 1.464084e-07
846 4.419332e-04 1.442967e-07
847 4.419305e-04 1.422155e-07
848 4.419278e-04 1.401643e-07
849 4.419252e-04 1.381427e-07
850 4.419226e-04 1.361503e-07
851 4.419200e-04 1.341866e-07
852 4.419175e-04 1.322512e-07
853 4.419150e-04 1.303437e-07
854 4.419125e-04 1.284637e-07
855 4.419101e-04 1.266109e-07
856 4.419077e-04 1.247848e-07
857 4.419053e-04 1.229850e-07
858 4.419030e-04 1.212112e-07
859 4.419007e-04 1.194629e-07
860 4.418985e-04 1.177399e-07
861 4.418962e-04 1.160417e-07
862 4.418940e-04 1.143680e-07
863 4.418919e-04 1.127185e-07
864 4.418898e-04 1.110927e-07
865 4.418877e-04 1.094904e-07
866 4.418856e-04 1.079113e-07
867 4.418836e-04 1.063548e-07
868 4.418816e-04 1.048209e-07
869 4.418796e-04 1.033090e-07
870 4.418776e-04 1.018190e-07
871 4.418757e-04 1.003504e-07
872 4.418738e-04 9.890309e-08
873 4.418720e-04 9.747660e-08
874 4.418701e-04 9.607068e-08
875 4.418683e-04 9.468504e-08
876 4.418665e-04 9.331939e-08
877 4.418648e-04 9.197344e-08
878 4.418630e-04 9.064690e-08
879 4.418613e-04 8.933949e-08
880 4.418596e-04 8.805094e-08
881 4.418580e-04 8.678097e-08
882 4.418563e-04 8.552932e-08
883 4.418547e-04 8.429572e-08
884 4.418531e-04 8.307991e-08
885 4.418516e-04 8.188164e-08
886 4.418500e-04 8.070066e-08
887 4.418485e-04 7.953670e-08
888 4.418470e-04 7.838954e-08
889 4.418455e-04 7.725892e-08
890 4.418441e-04 7.614461e-08
891 4.418426e-04 7.504636e-08
892 4.418412e-04 7.396396e-08
893 4.418398e-04 7.289717e-08
894 4.418385e-04 7.184577e-08
895 4.418371e-04 7.080953e-08
896 4.418358e-04 6.978824e-08
897 4.418344e-04 6.878168e-08
898 4.418332e-04 6.778963e-08
899 4.418319e-04 6.681189e-08
900 4.418306e-04 6.584826e-08
901 4.418294e-04 6.489852e-08
902 4.418282e-04 6.396249e-08
903 4.418269e-04 6.303995e-08
904 4.418258e-04 6.213072e-08
905 4.418246e-04 6.123460e-08
906 4.418234e-04 6.035141e-08
907 4.418223e-04 5.948095e-08
908 4.418212e-04 5.862305e-08
909 4.418201e-04 5.777753e-08
910 4.418190e-04 5.694420e-08
911 4.418179e-04 5.612289e-08
912 4.418169e-04 5.531342e-08
913 4.418158e-04 5.451563e-08
914 4.418148e-04 5.372934e-08
915 4.418138e-04 5.295440e-08
916 4.418128e-04 5.219063e-08
917 4.418118e-04 5.143788e-08
918 4.418108e-04 5.069599e-08
919 4.418099e-04 4.996480e-08
920 4.418089e-04 4.924415e-08
921 4.418080e-04 4.853390e-08
922 4.418071e-04 4.783389e-08
923 4.418062e-04 4.714397e-08
924 4.418053e-04 4.646401e-08
925 4.418044e-04 4.579386e-08
926 4.418036e-04 4.513337e-08
927 4.418027e-04 4.448240e-08
928 4.418019e-04 4.384083e-08
929 4.418011e-04 4.320851e-08
930 4.418002e-04 4.258531e-08
931 4.417994e-04 4.197110e-08
932 4.417987e-04 4.136574e-08
933 4.417979e-04 4.076912e-08
934 4.417971e-04 4.018110e-08
935 4.417963e-04 3.960157e-08
936 4.417956e-04 3.903039e-08
937 4.417949e-04 3.846745e-08
938 4.417941e-04 3.791263e-08
939 4.417934e-04 3.736581e-08
940 4.417927e-04 3.682688e-08
941 4.417920e-04 3.629573e-08
942 4.417914e-04 3.577223e-08
943 4.417907e-04 3.525628e-08
944 4.417900e-04 3.474778e-08
945 4.417894e-04 3.424661e-08
946 4.417887e-04 3.375267e-08
947 4.417881e-04 3.326585e-08
948 4.417875e-04 3.278605e-08
949 4.417868e-04 3.231317e-08
950 4.417862e-04 3.184712e-08
951 4.417856e-04 3.138778e-08
952 4.417850e-04 3.093508e-08
953 4.417845e-04 3.048890e-08
954 4.417839e-04 3.004915e-08
955 4.417833e-04 2.961575e-08
956 4.417828e-04 2.918860e-08
957 4.417822e-04 2.876761e-08
958 4.417817e-04 2.835269e-08
959 4.417811e-04 2.794376e-08
960 4.417806e-04 2.754072e-08
961 4.417801e-04 2.714350e-08
962 4.417796e-04 2.675201e-08
963 4.417791e-04 2.636616e-08
964 4.417786e-04 2.598588e-08
965 4.417781e-04 2.561108e-08
966 4.417776e-04 2.524169e-08
967 4.417771e-04 2.487763e-08
968 4.417767e-04 2.451881e-08
969 4.417762e-04 2.416518e-08
970 4.417758e-04 2.381664e-08
971 4.417753e-04 2.347313e-08
972 4.417749e-04 2.313457e-08
973 4.417744e-04 2.280090e-08
974 4.417740e-04 2.247204e-08
975 4.417736e-04 2.214793e-08
976 4.417732e-04 2.182848e-08
977 4.417728e-04 2.151365e-08
978 4.417723e-04 2.120336e-08
979 4.417720e-04 2.089754e-08
980 4.417716e-04 2.059613e-08
981 4.417712e-04 2.029907e-08
982 4.417708e-04 2.000630e-08
983 4.417704e-04 1.971774e-08
984 4.417700e-04 1.943335e-08
985 4.417697e-04 1.915306e-08
986 4.417693e-04 1.887682e-08
987 4.417690e-04 1.860455e-08
988 4.417686e-04 1.833622e-08
989 4.417683e-04 1.807175e-08
990 4.417679e-04 1.781110e-08
991 4.417676e-04 1.755421e-08
992 4.417673e-04 1.730103e-08
993 4.417669e-04 1.705149e-08
994 4.417666e-04 1.680556e-08
995 4.417663e-04 1.656317e-08
996 4.417660e-04 1.632428e-08
997 4.417657e-04 1.608883e-08
998 4.417654e-04 1.585678e-08
999 4.417651e-04 1.562807e-08
1000 4.417648e-04 1.540267e-08
1001 4.417645e-04 1.518051e-08
1002 4.417642e-04 1.496156e-08
1003 4.417639e-04 1.474577e-08
1004 4.417637e-04 1.453309e-08
1005 4.417634e-04 1.432348e-08
1006 4.417631e-04 1.411689e-08
1007 4.417628e-04 1.391328e-08
1008 4.417626e-04 1.371261e-08
1009 4.417623e-04 1.351483e-08
1010 4.417621e-04 1.331991e-08
1011 4.417618e-04 1.312779e-08
1012 4.417616e-04 1.293845e-08
1013 4.417613e-04 1.275184e-08
1014 4.417611e-04 1.256791e-08
1015 4.417609e-04 1.238665e-08
1016 4.417606e-04 1.220799e-08
1017 4.417604e-04 1.203192e-08
1018 4.417602e-04 1.185838e-08
1019 4.417599e-04 1.168734e-08
1020 4.417597e-04 1.151878e-08
1021 4.417595e-04 1.135264e-08
1022 4.417593e-04 1.118890e-08
1023 4.417591e-04 1.102752e-08
1024 4.417589e-04 1.086847e-08
1025 4.417587e-04 1.071171e-08
1026 4.417585e-04 1.055722e-08
1027 4.417583e-04 1.040495e-08
1028 4.417581e-04 1.025488e-08
1029 4.417579e-04 1.010697e-08
1030 4.417577e-04 9.961196e-09
