# step err_l2 res_l2
0 2.449623e-01 1.000000e+00
1 1.905595e-01 1.607063e+00
2 1.564680e-01 1.356715e+00
3 1.255631e-01 1.005261e+00
4 9.548351e-02 9.345626e-01
5 7.647253e-02 7.519028e-01
6 5.909920e-02 5.541035e-01
7 4.048182e-02 4.893195e-01
8 3.088403e-02 3.755933e-01
9 2.439646e-02 2.799075e-01
10 1.773388e-02 2.256993e-01
11 1.254751e-02 1.863003e-01
12 1.088476e-02 1.288595e-01
13 7.440821e-03 1.082730e-01
14 5.123710e-03 8.998202e-02
15 5.237992e-03 5.937457e-02
16 3.610228e-03 5.049220e-02
17 2.732674e-03 4.086004e-02
18 3.037188e-03 2.464790e-02
19 2.089813e-03 2.268378e-02
20 1.787903e-03 1.895553e-02
21 2.252437e-03 1.182253e-02
22 1.759538e-03 1.113884e-02
23 1.602810e-03 9.761356e-03
24 1.946506e-03 6.307888e-03
25 1.709756e-03 5.872209e-03
26 1.629159e-03 5.303176e-03
27 1.836373e-03 3.535856e-03
28 1.725716e-03 3.182922e-03
29 1.679350e-03 2.813195e-03
30 1.780644e-03 1.860012e-03
31 1.718953e-03 1.658368e-03
32 1.693259e-03 1.497674e-03
33 1.750538e-03 1.065606e-03
34 1.723143e-03 9.416151e-04
35 1.707805e-03 8.410036e-04
36 1.735740e-03 6.107479e-04
37 1.723341e-03 5.404771e-04
38 1.715736e-03 5.170967e-04
39 1.729526e-03 4.484975e-04
40 1.722656e-03 4.363122e-04
41 1.719574e-03 4.264528e-04
42 1.726264e-03 3.924243e-04
43 1.722437e-03 3.762864e-04
44 1.721413e-03 3.673224e-04
45 1.724569e-03 3.555155e-04
46 1.722762e-03 3.487289e-04
47 1.722107e-03 3.406804e-04
48 1.723840e-03 3.283241e-04
49 1.722778e-03 3.158273e-04
50 1.722494e-03 3.033300e-04
51 1.723452e-03 2.903284e-04
52 1.722764e-03 2.773366e-04
53 1.722742e-03 2.635153e-04
54 1.723139e-03 2.483705e-04
55 1.722846e-03 2.324879e-04
56 1.722796e-03 2.164253e-04
57 1.723004e-03 2.006687e-04
58 1.722871e-03 1.856124e-04
59 1.722808e-03 1.712744e-04
60 1.722954e-03 1.575289e-04
61 1.722847e-03 1.443341e-04
62 1.722843e-03 1.316949e-04
63 1.722902e-03 1.196496e-04
64 1.722848e-03 1.082315e-04
65 1.722854e-03 9.740734e-05
66 1.722870e-03 8.711044e-05
67 1.722856e-03 7.730544e-05
68 1.722848e-03 6.801553e-05
69 1.722862e-03 5.932423e-05
70 1.722853e-03 5.134979e-05
71 1.722847e-03 4.420760e-05
72 1.722860e-03 3.799793e-05
73 1.722848e-03 3.282187e-05
74 1.722852e-03 2.880114e-05
75 1.722853e-03 2.606622e-05
76 1.722850e-03 2.468058e-05
77 1.722852e-03 2.453904e-05
78 1.722852e-03 2.535498e-05
79 1.722852e-03 2.676500e-05
80 1.722851e-03 2.844442e-05
81 1.722852e-03 3.015640e-05
82 1.722852e-03 3.174771e-05
83 1.722851e-03 3.312692e-05
84 1.722853e-03 3.424432e-05
85 1.722851e-03 3.507804e-05
86 1.722853e-03 3.562510e-05
87 1.722852e-03 3.589518e-05
88 1.722853e-03 3.590560e-05
89 1.722852e-03 3.567720e-05
90 1.722852e-03 3.523135e-05
91 1.722852e-03 3.458834e-05
92 1.722852e-03 3.376694e-05
93 1.722852e-03 3.278488e-05
94 1.722852e-03 3.165956e-05
95 1.722852e-03 3.040860e-05
96 1.722852e-03 2.905010e-05
97 1.722851e-03 2.760254e-05
98 1.722852e-03 2.608448e-05
99 1.722851e-03 2.451416e-05
100 1.722852e-03 2.290907e-05
101 1.722851e-03 2.128563e-05
102 1.722851e-03 1.965891e-05
103 1.722851e-03 1.804247e-05
104 1.722851e-03 1.644836e-05
105 1.722851e-03 1.488734e-05
106 1.722851e-03 1.336909e-05
107 1.722851e-03 1.190261e-05
108 1.722851e-03 1.049654e-05
109 1.722851e-03 9.159667e-06
110 1.722851e-03 7.901470e-06
111 1.722851e-03 6.732932e-06
112 1.722851e-03 5.667915e-06
113 1.722851e-03 4.725296e-06
114 1.722851e-03 3.931888e-06
115 1.722851e-03 3.324161e-06
116 1.722851e-03 2.941615e-06
117 1.722851e-03 2.802399e-06
118 1.722851e-03 2.876134e-06
119 1.722851e-03 3.093626e-06
120 1.722851e-03 3.384066e-06
121 1.722851e-03 3.696217e-06
122 1.722851e-03 3.998522e-06
123 1.722851e-03 4.272881e-06
124 1.722851e-03 4.509405e-06
125 1.722851e-03 4.703118e-06
126 1.722851e-03 4.852042e-06
127 1.722851e-03 4.956098e-06
128 1.722851e-03 5.016446e-06
129 1.722851e-03 5.035077e-06
130 1.722851e-03 5.014547e-06
131 1.722851e-03 4.957787e-06
132 1.722851e-03 4.867976e-06
133 1.722851e-03 4.748437e-06
134 1.722851e-03 4.602558e-06
135 1.722851e-03 4.433738e-06
136 1.722851e-03 4.245334e-06
137 1.722851e-03 4.040625e-06
138 1.722851e-03 3.822783e-06
139 1.722851e-03 3.594845e-06
140 1.722851e-03 3.359701e-06
141 1.722851e-03 3.120074e-06
142 1.722851e-03 2.878513e-06
143 1.722851e-03 2.637392e-06
144 1.722851e-03 2.398909e-06
145 1.722851e-03 2.165101e-06
146 1.722851e-03 1.937857e-06
147 1.722851e-03 1.718958e-06
148 1.722851e-03 1.510116e-06
149 1.722851e-03 1.313058e-06
150 1.722851e-03 1.129632e-06
151 1.722851e-03 9.619814e-07
152 1.722851e-03 8.127948e-07
153 1.722851e-03 6.855987e-07
154 1.722851e-03 5.848956e-07
155 1.722851e-03 5.154945e-07
156 1.722851e-03 4.801708e-07
157 1.722851e-03 4.765322e-07
158 1.722851e-03 4.967599e-07
159 1.722851e-03 5.311883e-07
160 1.722851e-03 5.717266e-07
161 1.722851e-03 6.128533e-07
162 1.722851e-03 6.511774e-07
163 1.722851e-03 6.847497e-07
164 1.722851e-03 7.125333e-07
165 1.722851e-03 7.340622e-07
166 1.722851e-03 7.492313e-07
167 1.722851e-03 7.581673e-07
168 1.722851e-03 7.611473e-07
169 1.722851e-03 7.585465e-07
170 1.722851e-03 7.508018e-07
171 1.722851e-03 7.383876e-07
172 1.722851e-03 7.217975e-07
173 1.722851e-03 7.015312e-07
174 1.722851e-03 6.780844e-07
175 1.722851e-03 6.519411e-07
176 1.722851e-03 6.235680e-07
177 1.722851e-03 5.934106e-07
178 1.722851e-03 5.618897e-07
179 1.722851e-03 5.293998e-07
180 1.722851e-03 4.963081e-07
181 1.722851e-03 4.629548e-07
182 1.722851e-03 4.296529e-07
183 1.722851e-03 3.966903e-07
184 1.722851e-03 3.643313e-07
185 1.722851e-03 3.328197e-07
186 1.722851e-03 3.023813e-07
187 1.722851e-03 2.732292e-07
188 1.722851e-03 2.455679e-07
189 1.722851e-03 2.195997e-07
190 1.722851e-03 1.955319e-07
191 1.722851e-03 1.735831e-07
192 1.722851e-03 1.539885e-07
193 1.722851e-03 1.369977e-07
194 1.722851e-03 1.228573e-07
195 1.722851e-03 1.117678e-07
196 1.722851e-03 1.038117e-07
197 1.722851e-03 9.887485e-08
198 1.722851e-03 9.660988e-08
199 1.722851e-03 9.648007e-08
200 1.722851e-03 9.786700e-08
201 1.722851e-03 1.001803e-07
202 1.722851e-03 1.029248e-07
203 1.722851e-03 1.057207e-07
204 1.722851e-03 1.082949e-07
205 1.722851e-03 1.104615e-07
206 1.722851e-03 1.121009e-07
207 1.722851e-03 1.131434e-07
208 1.722851e-03 1.135552e-07
209 1.722851e-03 1.133289e-07
210 1.722851e-03 1.124762e-07
211 1.722851e-03 1.110228e-07
212 1.722851e-03 1.090040e-07
213 1.722851e-03 1.064626e-07
214 1.722851e-03 1.034461e-07
215 1.722851e-03 1.000052e-07
216 1.722851e-03 9.619264e-08
217 1.722851e-03 9.206218e-08
218 1.722851e-03 8.766767e-08
219 1.722851e-03 8.306253e-08
220 1.722851e-03 7.829927e-08
221 1.722851e-03 7.342915e-08
222 1.722851e-03 6.850189e-08
223 1.722851e-03 6.356556e-08
224 1.722851e-03 5.866656e-08
225 1.722851e-03 5.384966e-08
226 1.722851e-03 4.915824e-08
227 1.722851e-03 4.463461e-08
228 1.722851e-03 4.032050e-08
229 1.722851e-03 3.625762e-08
230 1.722851e-03 3.248835e-08
231 1.722851e-03 2.905606e-08
232 1.722851e-03 2.600491e-08
233 1.722851e-03 2.337798e-08
234 1.722851e-03 2.121267e-08
235 1.722851e-03 1.953268e-08
236 1.722851e-03 1.833767e-08
237 1.722851e-03 1.759502e-08
238 1.722851e-03 1.723979e-08
239 1.722851e-03 1.718480e-08
240 1.722851e-03 1.733622e-08
241 1.722851e-03 1.760735e-08
242 1.722851e-03 1.792637e-08
243 1.722851e-03 1.823844e-08
244 1.722851e-03 1.850432e-08
245 1.722851e-03 1.869770e-08
246 1.722851e-03 1.880238e-08
247 1.722851e-03 1.880977e-08
248 1.722851e-03 1.871700e-08
249 1.722851e-03 1.852534e-08
250 1.722851e-03 1.823908e-08
251 1.722851e-03 1.786468e-08
252 1.722851e-03 1.741005e-08
253 1.722851e-03 1.688410e-08
254 1.722851e-03 1.629633e-08
255 1.722851e-03 1.565651e-08
256 1.722851e-03 1.497445e-08
257 1.722851e-03 1.425984e-08
258 1.722851e-03 1.352205e-08
259 1.722851e-03 1.277008e-08
260 1.722851e-03 1.201246e-08
261 1.722851e-03 1.125717e-08
262 1.722851e-03 1.051165e-08
263 1.722851e-03 9.782713e-09
