# step err_l2 res_l2
0 2.462974e-01 1.000000e+00
1 2.237579e-01 2.110356e-01
2 2.150963e-01 1.142578e-01
3 2.086068e-01 8.247236e-02
4 2.032372e-01 6.564208e-02
5 1.985841e-01 5.503084e-02
6 1.944409e-01 4.765153e-02
7 1.906844e-01 4.218393e-02
8 1.872343e-01 3.794857e-02
9 1.840348e-01 3.455783e-02
10 1.810452e-01 3.177342e-02
11 1.782346e-01 2.944026e-02
12 1.755792e-01 2.745282e-02
13 1.730599e-01 2.573662e-02
14 1.706611e-01 2.423748e-02
15 1.683703e-01 2.291502e-02
16 1.661766e-01 2.173845e-02
17 1.640710e-01 2.068388e-02
18 1.620459e-01 1.973247e-02
19 1.600945e-01 1.886912e-02
20 1.582111e-01 1.808162e-02
21 1.563905e-01 1.735995e-02
22 1.546282e-01 1.669582e-02
23 1.529203e-01 1.608231e-02
24 1.512631e-01 1.551358e-02
25 1.496536e-01 1.498468e-02
26 1.480887e-01 1.449137e-02
27 1.465658e-01 1.403002e-02
28 1.450827e-01 1.359747e-02
29 1.436371e-01 1.319099e-02
30 1.422271e-01 1.280818e-02
31 1.408507e-01 1.244694e-02
32 1.395065e-01 1.210540e-02
33 1.381927e-01 1.178194e-02
34 1.369080e-01 1.147508e-02
35 1.356511e-01 1.118352e-02
36 1.344206e-01 1.090610e-02
37 1.332156e-01 1.064176e-02
38 1.320348e-01 1.038956e-02
39 1.308774e-01 1.014865e-02
40 1.297422e-01 9.918246e-03
41 1.286286e-01 9.697656e-03
42 1.275355e-01 9.486236e-03
43 1.264624e-01 9.283406e-03
44 1.254083e-01 9.088631e-03
45 1.243727e-01 8.901423e-03
46 1.233549e-01 8.721336e-03
47 1.223542e-01 8.547956e-03
48 1.213701e-01 8.380905e-03
49 1.204019e-01 8.219832e-03
50 1.194492e-01 8.064414e-03
51 1.185115e-01 7.914351e-03
52 1.175883e-01 7.769367e-03
53 1.166791e-01 7.629203e-03
54 1.157835e-01 7.493620e-03
55 1.149011e-01 7.362396e-03
56 1.140315e-01 7.235322e-03
57 1.131742e-01 7.112204e-03
58 1.123290e-01 6.992863e-03
59 1.114955e-01 6.877127e-03
60 1.106733e-01 6.764838e-03
61 1.098622e-01 6.655847e-03
62 1.090618e-01 6.550015e-03
63 1.082718e-01 6.447210e-03
64 1.074920e-01 6.347308e-03
65 1.067220e-01 6.250192e-03
66 1.059617e-01 6.155753e-03
67 1.052108e-01 6.063886e-03
68 1.044690e-01 5.974493e-03
69 1.037361e-01 5.887482e-03
70 1.030119e-01 5.802764e-03
71 1.022962e-01 5.720255e-03
72 1.015887e-01 5.639877e-03
73 1.008892e-01 5.561553e-03
74 1.001977e-01 5.485212e-03
75 9.951380e-02 5.410785e-03
76 9.883743e-02 5.338208e-03
77 9.816838e-02 5.267418e-03
78 9.750651e-02 5.198355e-03
79 9.685163e-02 5.130963e-03
80 9.620360e-02 5.065187e-03
81 9.556228e-02 5.000976e-03
82 9.492750e-02 4.938279e-03
83 9.429915e-02 4.877049e-03
84 9.367706e-02 4.817239e-03
85 9.306113e-02 4.758805e-03
86 9.245122e-02 4.701705e-03
87 9.184720e-02 4.645898e-03
88 9.124897e-02 4.591345e-03
89 9.065639e-02 4.538008e-03
90 9.006937e-02 4.485850e-03
91 8.948780e-02 4.434836e-03
92 8.891157e-02 4.384932e-03
93 8.834058e-02 4.336106e-03
94 8.777473e-02 4.288325e-03
95 8.721392e-02 4.241559e-03
96 8.665808e-02 4.195779e-03
97 8.610709e-02 4.150956e-03
98 8.556089e-02 4.107062e-03
99 8.501939e-02 4.064071e-03
100 8.448249e-02 4.021956e-03
101 8.395014e-02 3.980693e-03
102 8.342224e-02 3.940257e-03
103 8.289873e-02 3.900625e-03
104 8.237953e-02 3.861774e-03
105 8.186457e-02 3.823681e-03
106 8.135379e-02 3.786327e-03
107 8.084711e-02 3.749689e-03
108 8.034448e-02 3.713747e-03
109 7.984584e-02 3.678483e-03
110 7.935111e-02 3.643878e-03
111 7.886024e-02 3.609912e-03
112 7.837318e-02 3.576568e-03
113 7.788987e-02 3.543830e-03
114 7.741026e-02 3.511680e-03
115 7.693429e-02 3.480101e-03
116 7.646191e-02 3.449079e-03
117 7.599307e-02 3.418599e-03
118 7.552772e-02 3.388644e-03
119 7.506582e-02 3.359201e-03
120 7.460732e-02 3.330256e-03
121 7.415217e-02 3.301796e-03
122 7.370033e-02 3.273807e-03
123 7.325177e-02 3.246277e-03
124 7.280643e-02 3.219193e-03
125 7.236427e-02 3.192543e-03
126 7.192526e-02 3.166316e-03
127 7.148937e-02 3.140501e-03
128 7.105654e-02 3.115086e-03
129 7.062675e-02 3.090061e-03
130 7.019995e-02 3.065416e-03
131 6.977612e-02 3.041140e-03
132 6.935523e-02 3.017225e-03
133 6.893722e-02 2.993660e-03
134 6.852208e-02 2.970437e-03
135 6.810978e-02 2.947547e-03
136 6.770028e-02 2.924981e-03
137 6.729354e-02 2.902731e-03
138 6.688955e-02 2.880788e-03
139 6.648827e-02 2.859146e-03
140 6.608968e-02 2.837797e-03
141 6.569374e-02 2.816733e-03
142 6.530044e-02 2.795947e-03
143 6.490973e-02 2.775432e-03
144 6.452161e-02 2.755182e-03
145 6.413603e-02 2.735190e-03
146 6.375298e-02 2.715450e-03
147 6.337244e-02 2.695956e-03
148 6.299437e-02 2.676701e-03
149 6.261876e-02 2.657681e-03
150 6.224558e-02 2.638889e-03
151 6.187480e-02 2.620321e-03
152 6.150642e-02 2.601971e-03
153 6.114040e-02 2.583833e-03
154 6.077673e-02 2.565904e-03
155 6.041538e-02 2.548178e-03
156 6.005633e-02 2.530651e-03
157 5.969957e-02 2.513319e-03
158 5.934506e-02 2.496176e-03
159 5.899281e-02 2.479219e-03
160 5.864277e-02 2.462444e-03
161 5.829494e-02 2.445847e-03
162 5.794930e-02 2.429424e-03
163 5.760583e-02 2.413171e-03
164 5.726451e-02 2.397085e-03
165 5.692532e-02 2.381162e-03
166 5.658825e-02 2.365399e-03
167 5.625328e-02 2.349792e-03
168 5.592039e-02 2.334339e-03
169 5.558957e-02 2.319037e-03
170 5.526079e-02 2.303881e-03
171 5.493405e-02 2.288870e-03
172 5.460933e-02 2.274001e-03
173 5.428661e-02 2.259271e-03
174 5.396588e-02 2.244677e-03
175 5.364712e-02 2.230217e-03
176 5.333032e-02 2.215888e-03
177 5.301546e-02 2.201688e-03
178 5.270253e-02 2.187614e-03
179 5.239151e-02 2.173664e-03
180 5.208240e-02 2.159837e-03
181 5.177517e-02 2.146129e-03
182 5.146981e-02 2.132540e-03
183 5.116631e-02 2.119065e-03
184 5.086465e-02 2.105705e-03
185 5.056483e-02 2.092457e-03
186 5.026683e-02 2.079318e-03
187 4.997063e-02 2.066288e-03
188 4.967623e-02 2.053365e-03
189 4.938360e-02 2.040546e-03
190 4.909275e-02 2.027830e-03
191 4.880365e-02 2.015216e-03
192 4.851630e-02 2.002702e-03
193 4.823068e-02 1.990286e-03
194 4.794678e-02 1.977967e-03
195 4.766459e-02 1.965744e-03
196 4.738409e-02 1.953615e-03
197 4.710528e-02 1.941579e-03
198 4.682815e-02 1.929634e-03
199 4.655268e-02 1.917780e-03
200 4.627886e-02 1.906014e-03
201 4.600668e-02 1.894336e-03
202 4.573613e-02 1.882745e-03
203 4.546720e-02 1.871239e-03
204 4.519988e-02 1.859817e-03
205 4.493415e-02 1.848479e-03
206 4.467002e-02 1.837222e-03
207 4.440746e-02 1.826047e-03
208 4.414647e-02 1.814951e-03
209 4.388703e-02 1.803935e-03
210 4.362915e-02 1.792997e-03
211 4.337279e-02 1.782136e-03
212 4.311797e-02 1.771351e-03
213 4.286466e-02 1.760641e-03
214 4.261286e-02 1.750006e-03
215 4.236256e-02 1.739444e-03
216 4.211374e-02 1.728955e-03
217 4.186641e-02 1.718538e-03
218 4.162054e-02 1.708192e-03
219 4.137613e-02 1.697917e-03
220 4.113318e-02 1.687711e-03
221 4.089166e-02 1.677574e-03
222 4.065158e-02 1.667505e-03
223 4.041292e-02 1.657503e-03
224 4.017568e-02 1.647568e-03
225 3.993984e-02 1.637700e-03
226 3.970540e-02 1.627896e-03
227 3.947235e-02 1.618157e-03
228 3.924068e-02 1.608483e-03
229 3.901038e-02 1.598871e-03
230 3.878144e-02 1.589323e-03
231 3.855386e-02 1.579837e-03
232 3.832762e-02 1.570412e-03
233 3.810272e-02 1.561048e-03
234 3.787915e-02 1.551745e-03
235 3.765690e-02 1.542502e-03
236 3.743596e-02 1.533318e-03
237 3.721633e-02 1.524193e-03
238 3.699800e-02 1.515127e-03
239 3.678095e-02 1.506118e-03
240 3.656519e-02 1.497166e-03
241 3.635070e-02 1.488272e-03
242 3.613747e-02 1.479433e-03
243 3.592550e-02 1.470650e-03
244 3.571479e-02 1.461923e-03
245 3.550532e-02 1.453251e-03
246 3.529708e-02 1.444633e-03
247 3.509007e-02 1.436069e-03
248 3.488428e-02 1.427559e-03
249 3.467970e-02 1.419101e-03
250 3.447633e-02 1.410697e-03
251 3.427415e-02 1.402344e-03
252 3.407317e-02 1.394044e-03
253 3.387337e-02 1.385795e-03
254 3.367475e-02 1.377597e-03
255 3.347730e-02 1.369450e-03
256 3.328101e-02 1.361352e-03
257 3.308588e-02 1.353305e-03
258 3.289190e-02 1.345307e-03
259 3.269905e-02 1.337359e-03
260 3.250735e-02 1.329459e-03
261 3.231677e-02 1.321607e-03
262 3.212731e-02 1.313804e-03
263 3.193897e-02 1.306048e-03
264 3.175173e-02 1.298340e-03
265 3.156560e-02 1.290678e-03
266 3.138056e-02 1.283063e-03
267 3.119661e-02 1.275495e-03
268 3.101374e-02 1.267972e-03
269 3.083195e-02 1.260495e-03
270 3.065122e-02 1.253064e-03
271 3.047156e-02 1.245677e-03
272 3.029296e-02 1.238335e-03
273 3.011540e-02 1.231038e-03
274 2.993889e-02 1.223784e-03
275 2.976342e-02 1.216574e-03
276 2.958897e-02 1.209408e-03
277 2.941556e-02 1.202285e-03
278 2.924316e-02 1.195205e-03
279 2.907178e-02 1.188167e-03
280 2.890140e-02 1.181172e-03
281 2.873202e-02 1.174218e-03
282 2.856364e-02 1.167307e-03
283 2.839625e-02 1.160437e-03
284 2.822984e-02 1.153608e-03
285 2.806441e-02 1.146820e-03
286 2.789995e-02 1.140072e-03
287 2.773646e-02 1.133365e-03
288 2.757392e-02 1.126698e-03
289 2.741235e-02 1.120071e-03
290 2.725172e-02 1.113483e-03
291 2.709203e-02 1.106935e-03
292 2.693328e-02 1.100425e-03
293 2.677547e-02 1.093955e-03
294 2.661858e-02 1.087523e-03
295 2.646261e-02 1.081129e-03
296 2.630756e-02 1.074774e-03
297 2.615342e-02 1.068456e-03
298 2.600018e-02 1.062176e-03
299 2.584785e-02 1.055933e-03
300 2.569640e-02 1.049728e-03
301 2.554585e-02 1.043559e-03
302 2.539618e-02 1.037426e-03
303 2.524739e-02 1.031331e-03
304 2.509948e-02 1.025271e-03
305 2.495243e-02 1.019247e-03
306 2.480624e-02 1.013259e-03
307 2.466091e-02 1.007307e-03
308 2.451644e-02 1.001389e-03
309 2.437281e-02 9.955073e-04
310 2.423003e-02 9.896599e-04
311 2.408809e-02 9.838472e-04
312 2.394697e-02 9.780689e-04
313 2.380669e-02 9.723247e-04
314 2.366723e-02 9.666145e-04
315 2.352859e-02 9.609381e-04
316 2.339076e-02 9.552953e-04
317 2.325374e-02 9.496858e-04
318 2.311752e-02 9.441095e-04
319 2.298211e-02 9.385661e-04
320 2.284749e-02 9.330554e-04
321 2.271366e-02 9.275773e-04
322 2.258061e-02 9.221315e-04
323 2.244835e-02 9.167179e-04
324 2.231686e-02 9.113362e-04
325 2.218614e-02 9.059863e-04
326 2.205619e-02 9.006679e-04
327 2.192700e-02 8.953809e-04
328 2.179857e-02 8.901251e-04
329 2.167090e-02 8.849003e-04
330 2.154397e-02 8.797063e-04
331 2.141779e-02 8.745429e-04
332 2.129234e-02 8.694099e-04
333 2.116764e-02 8.643072e-04
334 2.104366e-02 8.592345e-04
335 2.092042e-02 8.541917e-04
336 2.079789e-02 8.491786e-04
337 2.067609e-02 8.441951e-04
338 2.055500e-02 8.392409e-04
339 2.043462e-02 8.343158e-04
340 2.031495e-02 8.294198e-04
341 2.019597e-02 8.245526e-04
342 2.007770e-02 8.197140e-04
343 1.996012e-02 8.149039e-04
344 1.984323e-02 8.101221e-04
345 1.972703e-02 8.053685e-04
346 1.961151e-02 8.006428e-04
347 1.949666e-02 7.959449e-04
348 1.938249e-02 7.912746e-04
349 1.926899e-02 7.866318e-04
350 1.915616e-02 7.820164e-04
351 1.904398e-02 7.774280e-04
352 1.893247e-02 7.728667e-04
353 1.882161e-02 7.683321e-04
354 1.871140e-02 7.638243e-04
355 1.860183e-02 7.593429e-04
356 1.849291e-02 7.548878e-04
357 1.838463e-02 7.504590e-04
358 1.827698e-02 7.460562e-04
359 1.816997e-02 7.416793e-04
360 1.806358e-02 7.373280e-04
361 1.795781e-02 7.330024e-04
362 1.785267e-02 7.287022e-04
363 1.774814e-02 7.244272e-04
364 1.764423e-02 7.201774e-04
365 1.754093e-02 7.159525e-04
366 1.743823e-02 7.117524e-04
367 1.733613e-02 7.075770e-04
368 1.723464e-02 7.034262e-04
369 1.713374e-02 6.992997e-04
370 1.703343e-02 6.951975e-04
371 1.693371e-02 6.911193e-04
372 1.683457e-02 6.870651e-04
373 1.673602e-02 6.830348e-04
374 1.663804e-02 6.790281e-04
375 1.654064e-02 6.750449e-04
376 1.644381e-02 6.710851e-04
377 1.634755e-02 6.671485e-04
378 1.625185e-02 6.632351e-04
379 1.615671e-02 6.593447e-04
380 1.606213e-02 6.554770e-04
381 1.596811e-02 6.516321e-04
382 1.587464e-02 6.478098e-04
383 1.578172e-02 6.440099e-04
384 1.568934e-02 6.402323e-04
385 1.559750e-02 6.364769e-04
386 1.550620e-02 6.327436e-04
387 1.541544e-02 6.290321e-04
388 1.532521e-02 6.253425e-04
389 1.523551e-02 6.216745e-04
390 1.514634e-02 6.180280e-04
391 1.505768e-02 6.144029e-04
392 1.496955e-02 6.107991e-04
393 1.488194e-02 6.072165e-04
394 1.479484e-02 6.036549e-04
395 1.470825e-02 6.001142e-04
396 1.462217e-02 5.965942e-04
397 1.453659e-02 5.930949e-04
398 1.445151e-02 5.896162e-04
399 1.436694e-02 5.861579e-04
400 1.428286e-02 5.827198e-04
401 1.419927e-02 5.793020e-04
402 1.411617e-02 5.759042e-04
403 1.403357e-02 5.725263e-04
404 1.395144e-02 5.691683e-04
405 1.386980e-02 5.658299e-04
406 1.378863e-02 5.625112e-04
407 1.370795e-02 5.592119e-04
408 1.362773e-02 5.559320e-04
409 1.354799e-02 5.526713e-04
410 1.346871e-02 5.494298e-04
411 1.338990e-02 5.462073e-04
412 1.331155e-02 5.430036e-04
413 1.323366e-02 5.398188e-04
414 1.315623e-02 5.366527e-04
415 1.307925e-02 5.335051e-04
416 1.300272e-02 5.303760e-04
417 1.292665e-02 5.272653e-04
418 1.285101e-02 5.241728e-04
419 1.277583e-02 5.210985e-04
420 1.270108e-02 5.180422e-04
421 1.262677e-02 5.150038e-04
422 1.255290e-02 5.119832e-04
423 1.247946e-02 5.089804e-04
424 1.240645e-02 5.059952e-04
425 1.233387e-02 5.030275e-04
426 1.226171e-02 5.000772e-04
427 1.218998e-02 4.971442e-04
428 1.211867e-02 4.942284e-04
429 1.204778e-02 4.913298e-04
430 1.197730e-02 4.884481e-04
431 1.190724e-02 4.855833e-04
432 1.183759e-02 4.827354e-04
433 1.176834e-02 4.799041e-04
434 1.169950e-02 4.770895e-04
435 1.163107e-02 4.742913e-04
436 1.156304e-02 4.715096e-04
437 1.149540e-02 4.687442e-04
438 1.142817e-02 4.659950e-04
439 1.136132e-02 4.632620e-04
440 1.129487e-02 4.605450e-04
441 1.122881e-02 4.578439e-04
442 1.116314e-02 4.551586e-04
443 1.109785e-02 4.524891e-04
444 1.103295e-02 4.498353e-04
445 1.096842e-02 4.471970e-04
446 1.090428e-02 4.445742e-04
447 1.084051e-02 4.419668e-04
448 1.077711e-02 4.393747e-04
449 1.071409e-02 4.367978e-04
450 1.065144e-02 4.342360e-04
451 1.058915e-02 4.316892e-04
452 1.052723e-02 4.291574e-04
453 1.046567e-02 4.266404e-04
454 1.040447e-02 4.241382e-04
455 1.034364e-02 4.216507e-04
456 1.028315e-02 4.191777e-04
457 1.022303e-02 4.167193e-04
458 1.016325e-02 4.142753e-04
459 1.010383e-02 4.118456e-04
460 1.004476e-02 4.094301e-04
461 9.986029e-03 4.070289e-04
462 9.927646e-03 4.046417e-04
463 9.869605e-03 4.022685e-04
464 9.811904e-03 3.999092e-04
465 9.754542e-03 3.975638e-04
466 9.697516e-03 3.952321e-04
467 9.640825e-03 3.929141e-04
468 9.584467e-03 3.906097e-04
469 9.528439e-03 3.883189e-04
470 9.472739e-03 3.860414e-04
471 9.417367e-03 3.837773e-04
472 9.362319e-03 3.815265e-04
473 9.307594e-03 3.792889e-04
474 9.253190e-03 3.770644e-04
475 9.199105e-03 3.748530e-04
476 9.145337e-03 3.726545e-04
477 9.091885e-03 3.704689e-04
478 9.038747e-03 3.682962e-04
479 8.985920e-03 3.661362e-04
480 8.933402e-03 3.639888e-04
481 8.881193e-03 3.618541e-04
482 8.829291e-03 3.597318e-04
483 8.777692e-03 3.576221e-04
484 8.726397e-03 3.555247e-04
485 8.675402e-03 3.534396e-04
486 8.624706e-03 3.513667e-04
487 8.574308e-03 3.493060e-04
488 8.524205e-03 3.472573e-04
489 8.474396e-03 3.452207e-04
490 8.424880e-03 3.431960e-04
491 8.375654e-03 3.411832e-04
492 8.326716e-03 3.391823e-04
493 8.278066e-03 3.371930e-04
494 8.229701e-03 3.352154e-04
495 8.181620e-03 3.332494e-04
496 8.133820e-03 3.312950e-04
497 8.086302e-03 3.293520e-04
498 8.039061e-03 3.274204e-04
499 7.992098e-03 3.255001e-04
500 7.945411e-03 3.235911e-04
501 7.898997e-03 3.216933e-04
502 7.852856e-03 3.198066e-04
503 7.806985e-03 3.179310e-04
504 7.761384e-03 3.160663e-04
505 7.716050e-03 3.142127e-04
506 7.670981e-03 3.123699e-04
507 7.626178e-03 3.105379e-04
508 7.581636e-03 3.087166e-04
509 7.537357e-03 3.069060e-04
510 7.493337e-03 3.051061e-04
511 7.449575e-03 3.033167e-04
512 7.406070e-03 3.015378e-04
513 7.362820e-03 2.997693e-04
514 7.319824e-03 2.980112e-04
515 7.277080e-03 2.962634e-04
516 7.234587e-03 2.945259e-04
517 7.192343e-03 2.927985e-04
518 7.150347e-03 2.910813e-04
519 7.108597e-03 2.893741e-04
520 7.067092e-03 2.876770e-04
521 7.025831e-03 2.859898e-04
522 6.984812e-03 2.843126e-04
523 6.944033e-03 2.826451e-04
524 6.903494e-03 2.809874e-04
525 6.863192e-03 2.793395e-04
526 6.823127e-03 2.777012e-04
527 6.783297e-03 2.760725e-04
528 6.743700e-03 2.744534e-04
529 6.704336e-03 2.728438e-04
530 6.665203e-03 2.712436e-04
531 6.626299e-03 2.696528e-04
532 6.587624e-03 2.680713e-04
533 6.549175e-03 2.664991e-04
534 6.510952e-03 2.649362e-04
535 6.472953e-03 2.633824e-04
536 6.435177e-03 2.618377e-04
537 6.397623e-03 2.603020e-04
538 6.360289e-03 2.587754e-04
539 6.323174e-03 2.572577e-04
540 6.286277e-03 2.557490e-04
541 6.249596e-03 2.542490e-04
542 6.213130e-03 2.527579e-04
543 6.176879e-03 2.512755e-04
544 6.140840e-03 2.498018e-04
545 6.105012e-03 2.483368e-04
546 6.069395e-03 2.468803e-04
547 6.033986e-03 2.454324e-04
548 5.998786e-03 2.439930e-04
549 5.963792e-03 2.425620e-04
550 5.929003e-03 2.411394e-04
551 5.894418e-03 2.397252e-04
552 5.860036e-03 2.383192e-04
553 5.825856e-03 2.369215e-04
554 5.791876e-03 2.355320e-04
555 5.758096e-03 2.341507e-04
556 5.724514e-03 2.327774e-04
557 5.691129e-03 2.314122e-04
558 5.657940e-03 2.300550e-04
559 5.624945e-03 2.287058e-04
560 5.592144e-03 2.273645e-04
561 5.559536e-03 2.260310e-04
562 5.527119e-03 2.247054e-04
563 5.494892e-03 2.233875e-04
564 5.462854e-03 2.220774e-04
565 5.431004e-03 2.207749e-04
566 5.399341e-03 2.194801e-04
567 5.367864e-03 2.181929e-04
568 5.336571e-03 2.169133e-04
569 5.305462e-03 2.156411e-04
570 5.274536e-03 2.143764e-04
571 5.243791e-03 2.131191e-04
572 5.213226e-03 2.118692e-04
573 5.182841e-03 2.106266e-04
574 5.152634e-03 2.093913e-04
575 5.122604e-03 2.081633e-04
576 5.092751e-03 2.069425e-04
577 5.063072e-03 2.057288e-04
578 5.033568e-03 2.045222e-04
579 5.004237e-03 2.033227e-04
580 4.975078e-03 2.021303e-04
581 4.946090e-03 2.009448e-04
582 4.917272e-03 1.997663e-04
583 4.888623e-03 1.985947e-04
584 4.860143e-03 1.974300e-04
585 4.831829e-03 1.962721e-04
586 4.803682e-03 1.951210e-04
587 4.775699e-03 1.939766e-04
588 4.747881e-03 1.928390e-04
589 4.720227e-03 1.917080e-04
590 4.692734e-03 1.905837e-04
591 4.665403e-03 1.894660e-04
592 4.638232e-03 1.883548e-04
593 4.611221e-03 1.872501e-04
594 4.584368e-03 1.861519e-04
595 4.557672e-03 1.850602e-04
596 4.531134e-03 1.839748e-04
597 4.504751e-03 1.828958e-04
598 4.478522e-03 1.818232e-04
599 4.452448e-03 1.807568e-04
600 4.426527e-03 1.796967e-04
601 4.400758e-03 1.786428e-04
602 4.375140e-03 1.775951e-04
603 4.349672e-03 1.765535e-04
604 4.324354e-03 1.755181e-04
605 4.299185e-03 1.744887e-04
606 4.274163e-03 1.734654e-04
607 4.249288e-03 1.724480e-04
608 4.224559e-03 1.714366e-04
609 4.199975e-03 1.704312e-04
610 4.175536e-03 1.694316e-04
611 4.151239e-03 1.684380e-04
612 4.127086e-03 1.674501e-04
613 4.103074e-03 1.664680e-04
614 4.079203e-03 1.654917e-04
615 4.055472e-03 1.645211e-04
616 4.031881e-03 1.635562e-04
617 4.008428e-03 1.625970e-04
618 3.985112e-03 1.616434e-04
619 3.961934e-03 1.606954e-04
620 3.938891e-03 1.597530e-04
621 3.915984e-03 1.588160e-04
622 3.893211e-03 1.578846e-04
623 3.870572e-03 1.569586e-04
624 3.848065e-03 1.560381e-04
625 3.825691e-03 1.551230e-04
626 3.803448e-03 1.542132e-04
627 3.781336e-03 1.533088e-04
628 3.759353e-03 1.524096e-04
629 3.737500e-03 1.515158e-04
630 3.715774e-03 1.506272e-04
631 3.694176e-03 1.497438e-04
632 3.672705e-03 1.488655e-04
633 3.651361e-03 1.479925e-04
634 3.630141e-03 1.471245e-04
635 3.609046e-03 1.462617e-04
636 3.588074e-03 1.454039e-04
637 3.567226e-03 1.445511e-04
638 3.546500e-03 1.437033e-04
639 3.525896e-03 1.428605e-04
640 3.505413e-03 1.420227e-04
641 3.485050e-03 1.411897e-04
642 3.464807e-03 1.403617e-04
643 3.444682e-03 1.395385e-04
644 3.424676e-03 1.387201e-04
645 3.404787e-03 1.379065e-04
646 3.385015e-03 1.370977e-04
647 3.365358e-03 1.362937e-04
648 3.345818e-03 1.354944e-04
649 3.326392e-03 1.346997e-04
650 3.307080e-03 1.339097e-04
651 3.287881e-03 1.331244e-04
652 3.268795e-03 1.323436e-04
653 3.249821e-03 1.315674e-04
654 3.230959e-03 1.307958e-04
655 3.212207e-03 1.300287e-04
656 3.193565e-03 1.292661e-04
657 3.175033e-03 1.285080e-04
658 3.156610e-03 1.277543e-04
659 3.138295e-03 1.270051e-04
660 3.120087e-03 1.262602e-04
661 3.101986e-03 1.255197e-04
662 3.083992e-03 1.247835e-04
663 3.066103e-03 1.240517e-04
664 3.048319e-03 1.233242e-04
665 3.030640e-03 1.226009e-04
666 3.013065e-03 1.218819e-04
667 2.995592e-03 1.211670e-04
668 2.978223e-03 1.204564e-04
669 2.960955e-03 1.197500e-04
670 2.943789e-03 1.190477e-04
671 2.926723e-03 1.183495e-04
672 2.909758e-03 1.176554e-04
673 2.892892e-03 1.169653e-04
674 2.876126e-03 1.162794e-04
675 2.859458e-03 1.155974e-04
676 2.842887e-03 1.149194e-04
677 2.826414e-03 1.142455e-04
678 2.810038e-03 1.135754e-04
679 2.793758e-03 1.129093e-04
680 2.777574e-03 1.122471e-04
681 2.761485e-03 1.115888e-04
682 2.745490e-03 1.109344e-04
683 2.729589e-03 1.102838e-04
684 2.713782e-03 1.096370e-04
685 2.698067e-03 1.089940e-04
686 2.682445e-03 1.083547e-04
687 2.666914e-03 1.077192e-04
688 2.651475e-03 1.070875e-04
689 2.636126e-03 1.064594e-04
690 2.620868e-03 1.058351e-04
691 2.605699e-03 1.052144e-04
692 2.590619e-03 1.045973e-04
693 2.575628e-03 1.039839e-04
694 2.560725e-03 1.033740e-04
695 2.545910e-03 1.027677e-04
696 2.531181e-03 1.021650e-04
697 2.516539e-03 1.015658e-04
698 2.501983e-03 1.009702e-04
699 2.487513e-03 1.003780e-04
700 2.473128e-03 9.978931e-05
701 2.458827e-03 9.920406e-05
702 2.444610e-03 9.862225e-05
703 2.430477e-03 9.804384e-05
704 2.416426e-03 9.746883e-05
705 2.402459e-03 9.689720e-05
706 2.388573e-03 9.632891e-05
707 2.374769e-03 9.576396e-05
708 2.361046e-03 9.520232e-05
709 2.347404e-03 9.464397e-05
710 2.333842e-03 9.408890e-05
711 2.320360e-03 9.353709e-05
712 2.306957e-03 9.298851e-05
713 2.293632e-03 9.244315e-05
714 2.280386e-03 9.190098e-05
715 2.267218e-03 9.136200e-05
716 2.254127e-03 9.082618e-05
717 2.241114e-03 9.029350e-05
718 2.228176e-03 8.976394e-05
719 2.215315e-03 8.923749e-05
720 2.202529e-03 8.871413e-05
721 2.189819e-03 8.819384e-05
722 2.177183e-03 8.767660e-05
723 2.164622e-03 8.716239e-05
724 2.152134e-03 8.665119e-05
725 2.139720e-03 8.614300e-05
726 2.127378e-03 8.563779e-05
727 2.115110e-03 8.513554e-05
728 2.102913e-03 8.463623e-05
729 2.090788e-03 8.413985e-05
730 2.078735e-03 8.364639e-05
731 2.066752e-03 8.315582e-05
732 2.054840e-03 8.266812e-05
733 2.042998e-03 8.218329e-05
734 2.031225e-03 8.170130e-05
735 2.019522e-03 8.122213e-05
736 2.007887e-03 8.074578e-05
737 1.996321e-03 8.027222e-05
738 1.984823e-03 7.980144e-05
739 1.973393e-03 7.933341e-05
740 1.962030e-03 7.886814e-05
741 1.950733e-03 7.840559e-05
742 1.939503e-03 7.794575e-05
743 1.928340e-03 7.748861e-05
744 1.917241e-03 7.703416e-05
745 1.906209e-03 7.658237e-05
746 1.895241e-03 7.613322e-05
747 1.884337e-03 7.568671e-05
748 1.873498e-03 7.524282e-05
749 1.862722e-03 7.480154e-05
750 1.852010e-03 7.436284e-05
751 1.841361e-03 7.392672e-05
752 1.830775e-03 7.349315e-05
753 1.820251e-03 7.306212e-05
754 1.809789e-03 7.263363e-05
755 1.799388e-03 7.220764e-05
756 1.789048e-03 7.178416e-05
757 1.778770e-03 7.136316e-05
758 1.768552e-03 7.094462e-05
759 1.758394e-03 7.052854e-05
760 1.748296e-03 7.011491e-05
761 1.738257e-03 6.970370e-05
762 1.728278e-03 6.929489e-05
763 1.718357e-03 6.888849e-05
764 1.708494e-03 6.848447e-05
765 1.698690e-03 6.808282e-05
766 1.688943e-03 6.768353e-05
767 1.679254e-03 6.728658e-05
768 1.669622e-03 6.689195e-05
769 1.660046e-03 6.649964e-05
770 1.650527e-03 6.610963e-05
771 1.641064e-03 6.572191e-05
772 1.631657e-03 6.533646e-05
773 1.622305e-03 6.495328e-05
774 1.613008e-03 6.457234e-05
775 1.603766e-03 6.419363e-05
776 1.594578e-03 6.381715e-05
777 1.585445e-03 6.344287e-05
778 1.576365e-03 6.307079e-05
779 1.567339e-03 6.270089e-05
780 1.558366e-03 6.233316e-05
781 1.549446e-03 6.196759e-05
782 1.540578e-03 6.160416e-05
783 1.531763e-03 6.124286e-05
784 1.522999e-03 6.088368e-05
785 1.514287e-03 6.052661e-05
786 1.505627e-03 6.017163e-05
787 1.497018e-03 5.981873e-05
788 1.488459e-03 5.946791e-05
789 1.479951e-03 5.911914e-05
790 1.471493e-03 5.877241e-05
791 1.463085e-03 5.842772e-05
792 1.454726e-03 5.808506e-05
793 1.446417e-03 5.774440e-05
794 1.438156e-03 5.740574e-05
795 1.429945e-03 5.706906e-05
796 1.421781e-03 5.673436e-05
797 1.413666e-03 5.640162e-05
798 1.405599e-03 5.607084e-05
799 1.397580e-03 5.574199e-05
800 1.389607e-03 5.541508e-05
801 1.381682e-03 5.509008e-05
802 1.373803e-03 5.476698e-05
803 1.365971e-03 5.444578e-05
804 1.358185e-03 5.412647e-05
805 1.350446e-03 5.380902e-05
806 1.342751e-03 5.349344e-05
807 1.335102e-03 5.317971e-05
808 1.327499e-03 5.286782e-05
809 1.319940e-03 5.255776e-05
810 1.312426e-03 5.224952e-05
811 1.304956e-03 5.194309e-05
812 1.297530e-03 5.163845e-05
813 1.290148e-03 5.133560e-05
814 1.282810e-03 5.103452e-05
815 1.275515e-03 5.073522e-05
816 1.268263e-03 5.043766e-05
817 1.261054e-03 5.014185e-05
818 1.253887e-03 4.984778e-05
819 1.246763e-03 4.955543e-05
820 1.239681e-03 4.926480e-05
821 1.232641e-03 4.897587e-05
822 1.225642e-03 4.868863e-05
823 1.218685e-03 4.840308e-05
824 1.211768e-03 4.811921e-05
825 1.204893e-03 4.783700e-05
826 1.198058e-03 4.755644e-05
827 1.191264e-03 4.727753e-05
828 1.184510e-03 4.700026e-05
829 1.177796e-03 4.672461e-05
830 1.171121e-03 4.645058e-05
831 1.164486e-03 4.617815e-05
832 1.157890e-03 4.590732e-05
833 1.151333e-03 4.563809e-05
834 1.144815e-03 4.537043e-05
835 1.138336e-03 4.510434e-05
836 1.131894e-03 4.483981e-05
837 1.125491e-03 4.457683e-05
838 1.119126e-03 4.431539e-05
839 1.112799e-03 4.405549e-05
840 1.106508e-03 4.379711e-05
841 1.100256e-03 4.354025e-05
842 1.094040e-03 4.328489e-05
843 1.087861e-03 4.303104e-05
844 1.081718e-03 4.277867e-05
845 1.075612e-03 4.252778e-05
846 1.069542e-03 4.227836e-05
847 1.063508e-03 4.203040e-05
848 1.057510e-03 4.178390e-05
849 1.051547e-03 4.153885e-05
850 1.045619e-03 4.129523e-05
851 1.039727e-03 4.105304e-05
852 1.033870e-03 4.081227e-05
853 1.028047e-03 4.057291e-05
854 1.022259e-03 4.033496e-05
855 1.016505e-03 4.009840e-05
856 1.010785e-03 3.986323e-05
857 1.005099e-03 3.962944e-05
858 9.994469e-04 3.939702e-05
859 9.938283e-04 3.916597e-05
860 9.882429e-04 3.893626e-05
861 9.826907e-04 3.870791e-05
862 9.771715e-04 3.848089e-05
863 9.716849e-04 3.825521e-05
864 9.662310e-04 3.803085e-05
865 9.608094e-04 3.780781e-05
866 9.554199e-04 3.758607e-05
867 9.500625e-04 3.736563e-05
868 9.447369e-04 3.714649e-05
869 9.394428e-04 3.692863e-05
870 9.341803e-04 3.671205e-05
871 9.289489e-04 3.649674e-05
872 9.237487e-04 3.628270e-05
873 9.185793e-04 3.606990e-05
874 9.134407e-04 3.585836e-05
875 9.083326e-04 3.564806e-05
876 9.032548e-04 3.543899e-05
877 8.982073e-04 3.523114e-05
878 8.931897e-04 3.502452e-05
879 8.882020e-04 3.481911e-05
880 8.832439e-04 3.461490e-05
881 8.783153e-04 3.441189e-05
882 8.734161e-04 3.421007e-05
883 8.685460e-04 3.400943e-05
884 8.637049e-04 3.380997e-05
885 8.588925e-04 3.361168e-05
886 8.541089e-04 3.341456e-05
887 8.493537e-04 3.321858e-05
888 8.446268e-04 3.302376e-05
889 8.399281e-04 3.283008e-05
890 8.352573e-04 3.263754e-05
891 8.306144e-04 3.244613e-05
892 8.259991e-04 3.225584e-05
893 8.214114e-04 3.206666e-05
894 8.168510e-04 3.187860e-05
895 8.123178e-04 3.169163e-05
896 8.078116e-04 3.150577e-05
897 8.033323e-04 3.132099e-05
898 7.988796e-04 3.113730e-05
899 7.944536e-04 3.095469e-05
900 7.900540e-04 3.077314e-05
901 7.856806e-04 3.059266e-05
902 7.813333e-04 3.041324e-05
903 7.770120e-04 3.023487e-05
904 7.727165e-04 3.005755e-05
905 7.684467e-04 2.988127e-05
906 7.642023e-04 2.970602e-05
907 7.599833e-04 2.953180e-05
908 7.557896e-04 2.935860e-05
909 7.516209e-04 2.918642e-05
910 7.474771e-04 2.901524e-05
911 7.433581e-04 2.884507e-05
912 7.392637e-04 2.867590e-05
913 7.351938e-04 2.850772e-05
914 7.311483e-04 2.834053e-05
915 7.271270e-04 2.817432e-05
916 7.231297e-04 2.800908e-05
917 7.191564e-04 2.784481e-05
918 7.152069e-04 2.768151e-05
919 7.112811e-04 2.751916e-05
920 7.073787e-04 2.735777e-05
921 7.034998e-04 2.719732e-05
922 6.996441e-04 2.703781e-05
923 6.958115e-04 2.687924e-05
924 6.920019e-04 2.672159e-05
925 6.882152e-04 2.656488e-05
926 6.844511e-04 2.640908e-05
927 6.807097e-04 2.625419e-05
928 6.769907e-04 2.610022e-05
929 6.732941e-04 2.594714e-05
930 6.696196e-04 2.579497e-05
931 6.659673e-04 2.564369e-05
932 6.623368e-04 2.549329e-05
933 6.587282e-04 2.534378e-05
934 6.551413e-04 2.519514e-05
935 6.515760e-04 2.504737e-05
936 6.480321e-04 2.490048e-05
937 6.445095e-04 2.475444e-05
938 6.410082e-04 2.460926e-05
939 6.375279e-04 2.446493e-05
940 6.340685e-04 2.432145e-05
941 6.306300e-04 2.417881e-05
942 6.272122e-04 2.403700e-05
943 6.238151e-04 2.389603e-05
944 6.204384e-04 2.375588e-05
945 6.170820e-04 2.361656e-05
946 6.137459e-04 2.347805e-05
947 6.104299e-04 2.334036e-05
948 6.071340e-04 2.320347e-05
949 6.038579e-04 2.306738e-05
950 6.006016e-04 2.293210e-05
951 5.973650e-04 2.279761e-05
952 5.941480e-04 2.266390e-05
953 5.909504e-04 2.253098e-05
954 5.877721e-04 2.239884e-05
955 5.846131e-04 2.226748e-05
956 5.814732e-04 2.213688e-05
957 5.783522e-04 2.200705e-05
958 5.752502e-04 2.187798e-05
959 5.721670e-04 2.174967e-05
960 5.691024e-04 2.162212e-05
961 5.660564e-04 2.149531e-05
962 5.630289e-04 2.136924e-05
963 5.600197e-04 2.124391e-05
964 5.570288e-04 2.111932e-05
965 5.540561e-04 2.099546e-05
966 5.511013e-04 2.087232e-05
967 5.481646e-04 2.074991e-05
968 5.452457e-04 2.062822e-05
969 5.423445e-04 2.050724e-05
970 5.394609e-04 2.038696e-05
971 5.365949e-04 2.026740e-05
972 5.337463e-04 2.014853e-05
973 5.309151e-04 2.003037e-05
974 5.281011e-04 1.991289e-05
975 5.253042e-04 1.979611e-05
976 5.225244e-04 1.968001e-05
977 5.197615e-04 1.956459e-05
978 5.170155e-04 1.944984e-05
979 5.142862e-04 1.933577e-05
980 5.115736e-04 1.922237e-05
981 5.088775e-04 1.910964e-05
982 5.061979e-04 1.899756e-05
983 5.035347e-04 1.888614e-05
984 5.008878e-04 1.877538e-05
985 4.982570e-04 1.866526e-05
986 4.956424e-04 1.855580e-05
987 4.930437e-04 1.844697e-05
988 4.904610e-04 1.833878e-05
989 4.878940e-04 1.823123e-05
990 4.853428e-04 1.812430e-05
991 4.828073e-04 1.801801e-05
992 4.802873e-04 1.791234e-05
993 4.777827e-04 1.780728e-05
994 4.752936e-04 1.770285e-05
995 4.728197e-04 1.759902e-05
996 4.703610e-04 1.749581e-05
997 4.679175e-04 1.739320e-05
998 4.654889e-04 1.729119e-05
999 4.630753e-04 1.718978e-05
1000 4.606766e-04 1.708896e-05
1001 4.582926e-04 1.698874e-05
1002 4.559234e-04 1.688910e-05
1003 4.535687e-04 1.679005e-05
1004 4.512286e-04 1.669158e-05
1005 4.489029e-04 1.659369e-05
1006 4.465915e-04 1.649637e-05
1007 4.442945e-04 1.639962e-05
1008 4.420116e-04 1.630344e-05
1009 4.397429e-04 1.620782e-05
1010 4.374882e-04 1.611277e-05
1011 4.352474e-04 1.601827e-05
1012 4.330205e-04 1.592432e-05
1013 4.308074e-04 1.583093e-05
1014 4.286081e-04 1.573809e-05
1015 4.264223e-04 1.564578e-05
1016 4.242502e-04 1.555402e-05
1017 4.220915e-04 1.546280e-05
1018 4.199463e-04 1.537212e-05
1019 4.178143e-04 1.528196e-05
1020 4.156957e-04 1.519233e-05
1021 4.135902e-04 1.510323e-05
1022 4.114978e-04 1.501466e-05
1023 4.094185e-04 1.492660e-05
1024 4.073521e-04 1.483906e-05
1025 4.052986e-04 1.475203e-05
1026 4.032580e-04 1.466551e-05
1027 4.012300e-04 1.457950e-05
1028 3.992148e-04 1.449399e-05
1029 3.972121e-04 1.440899e-05
1030 3.952220e-04 1.432448e-05
1031 3.932443e-04 1.424047e-05
1032 3.912791e-04 1.415695e-05
1033 3.893261e-04 1.407393e-05
1034 3.873854e-04 1.399138e-05
1035 3.854568e-04 1.390933e-05
1036 3.835404e-04 1.382775e-05
1037 3.816360e-04 1.374665e-05
1038 3.797436e-04 1.366603e-05
1039 3.778630e-04 1.358588e-05
1040 3.759944e-04 1.350620e-05
1041 3.741375e-04 1.342699e-05
1042 3.722922e-04 1.334825e-05
1043 3.704587e-04 1.326996e-05
1044 3.686367e-04 1.319213e-05
1045 3.668262e-04 1.311476e-05
1046 3.650271e-04 1.303785e-05
1047 3.632395e-04 1.296138e-05
1048 3.614631e-04 1.288537e-05
1049 3.596980e-04 1.280980e-05
1050 3.579440e-04 1.273467e-05
1051 3.562012e-04 1.265998e-05
1052 3.544695e-04 1.258573e-05
1053 3.527487e-04 1.251192e-05
1054 3.510389e-04 1.243854e-05
1055 3.493400e-04 1.236559e-05
1056 3.476518e-04 1.229307e-05
1057 3.459745e-04 1.222097e-05
1058 3.443078e-04 1.214930e-05
1059 3.426517e-04 1.207805e-05
1060 3.410062e-04 1.200721e-05
1061 3.393712e-04 1.193679e-05
1062 3.377467e-04 1.186678e-05
1063 3.361325e-04 1.179719e-05
1064 3.345287e-04 1.172800e-05
1065 3.329352e-04 1.165921e-05
1066 3.313519e-04 1.159084e-05
1067 3.297787e-04 1.152286e-05
1068 3.282156e-04 1.145528e-05
1069 3.266626e-04 1.138809e-05
1070 3.251196e-04 1.132130e-05
1071 3.235865e-04 1.125491e-05
1072 3.220632e-04 1.118890e-05
1073 3.205498e-04 1.112328e-05
1074 3.190462e-04 1.105804e-05
1075 3.175522e-04 1.099319e-05
1076 3.160679e-04 1.092872e-05
1077 3.145933e-04 1.086462e-05
1078 3.131281e-04 1.080090e-05
1079 3.116725e-04 1.073756e-05
1080 3.102262e-04 1.067458e-05
1081 3.087894e-04 1.061198e-05
1082 3.073619e-04 1.054974e-05
1083 3.059437e-04 1.048787e-05
1084 3.045347e-04 1.042636e-05
1085 3.031349e-04 1.036521e-05
1086 3.017441e-04 1.030442e-05
1087 3.003625e-04 1.024399e-05
1088 2.989899e-04 1.018391e-05
1089 2.976262e-04 1.012418e-05
1090 2.962715e-04 1.006480e-05
1091 2.949256e-04 1.000577e-05
1092 2.935886e-04 9.947092e-06
1093 2.922603e-04 9.888754e-06
1094 2.909407e-04 9.830758e-06
1095 2.896298e-04 9.773103e-06
1096 2.883275e-04 9.715785e-06
1097 2.870338e-04 9.658804e-06
1098 2.857486e-04 9.602156e-06
1099 2.844718e-04 9.545841e-06
1100 2.832035e-04 9.489857e-06
1101 2.819436e-04 9.434200e-06
1102 2.806920e-04 9.378870e-06
1103 2.794486e-04 9.323865e-06
1104 2.782135e-04 9.269182e-06
1105 2.769866e-04 9.214820e-06
1106 2.757678e-04 9.160777e-06
1107 2.745572e-04 9.107050e-06
1108 2.733545e-04 9.053639e-06
1109 2.721599e-04 9.000541e-06
1110 2.709732e-04 8.947754e-06
1111 2.697945e-04 8.895277e-06
1112 2.686236e-04 8.843108e-06
1113 2.674605e-04 8.791245e-06
1114 2.663052e-04 8.739685e-06
1115 2.651576e-04 8.688429e-06
1116 2.640177e-04 8.637473e-06
1117 2.628855e-04 8.586815e-06
1118 2.617608e-04 8.536455e-06
1119 2.606437e-04 8.486390e-06
1120 2.595342e-04 8.436619e-06
1121 2.584320e-04 8.387140e-06
1122 2.573374e-04 8.337951e-06
1123 2.562501e-04 8.289050e-06
1124 2.551701e-04 8.240436e-06
1125 2.540974e-04 8.192107e-06
1126 2.530320e-04 8.144062e-06
1127 2.519739e-04 8.096298e-06
1128 2.509228e-04 8.048815e-06
1129 2.498790e-04 8.001610e-06
1130 2.488422e-04 7.954682e-06
1131 2.478124e-04 7.908029e-06
1132 2.467897e-04 7.861650e-06
1133 2.457740e-04 7.815543e-06
1134 2.447651e-04 7.769706e-06
1135 2.437632e-04 7.724138e-06
1136 2.427681e-04 7.678837e-06
1137 2.417798e-04 7.633802e-06
1138 2.407983e-04 7.589031e-06
1139 2.398235e-04 7.544523e-06
1140 2.388554e-04 7.500276e-06
1141 2.378940e-04 7.456288e-06
1142 2.369392e-04 7.412558e-06
1143 2.359909e-04 7.369084e-06
1144 2.350492e-04 7.325866e-06
1145 2.341140e-04 7.282901e-06
1146 2.331853e-04 7.240188e-06
1147 2.322629e-04 7.197726e-06
1148 2.313470e-04 7.155512e-06
1149 2.304374e-04 7.113546e-06
1150 2.295341e-04 7.071827e-06
1151 2.286371e-04 7.030352e-06
1152 2.277463e-04 6.989120e-06
1153 2.268618e-04 6.948130e-06
1154 2.259834e-04 6.907380e-06
1155 2.251111e-04 6.866870e-06
1156 2.242449e-04 6.826597e-06
1157 2.233848e-04 6.786560e-06
1158 2.225307e-04 6.746758e-06
1159 2.216826e-04 6.707189e-06
1160 2.208404e-04 6.667853e-06
1161 2.200041e-04 6.628747e-06
1162 2.191738e-04 6.589870e-06
1163 2.183492e-04 6.551222e-06
1164 2.175305e-04 6.512800e-06
1165 2.167176e-04 6.474604e-06
1166 2.159103e-04 6.436631e-06
1167 2.151088e-04 6.398882e-06
1168 2.143130e-04 6.361353e-06
1169 2.135228e-04 6.324045e-06
1170 2.127382e-04 6.286956e-06
1171 2.119592e-04 6.250084e-06
1172 2.111857e-04 6.213428e-06
1173 2.104178e-04 6.176987e-06
1174 2.096553e-04 6.140760e-06
1175 2.088982e-04 6.104746e-06
1176 2.081465e-04 6.068943e-06
1177 2.074003e-04 6.033349e-06
1178 2.066593e-04 5.997965e-06
1179 2.059237e-04 5.962788e-06
1180 2.051933e-04 5.927817e-06
1181 2.044682e-04 5.893051e-06
1182 2.037483e-04 5.858490e-06
1183 2.030336e-04 5.824131e-06
1184 2.023240e-04 5.789973e-06
1185 2.016195e-04 5.756016e-06
1186 2.009202e-04 5.722258e-06
1187 2.002259e-04 5.688698e-06
1188 1.995366e-04 5.655334e-06
1189 1.988523e-04 5.622167e-06
1190 1.981729e-04 5.589194e-06
1191 1.974985e-04 5.556414e-06
1192 1.968290e-04 5.523827e-06
1193 1.961644e-04 5.491430e-06
1194 1.955046e-04 5.459224e-06
1195 1.948496e-04 5.427207e-06
1196 1.941995e-04 5.395377e-06
1197 1.935540e-04 5.363734e-06
1198 1.929133e-04 5.332277e-06
1199 1.922773e-04 5.301004e-06
1200 1.916459e-04 5.269914e-06
1201 1.910192e-04 5.239007e-06
1202 1.903971e-04 5.208281e-06
1203 1.897795e-04 5.177736e-06
1204 1.891665e-04 5.147369e-06
1205 1.885580e-04 5.117181e-06
1206 1.879541e-04 5.087169e-06
1207 1.873545e-04 5.057334e-06
1208 1.867594e-04 5.027674e-06
1209 1.861688e-04 4.998187e-06
1210 1.855825e-04 4.968874e-06
1211 1.850005e-04 4.939732e-06
1212 1.844229e-04 4.910761e-06
1213 1.838495e-04 4.881961e-06
1214 1.832805e-04 4.853329e-06
1215 1.827157e-04 4.824865e-06
1216 1.821551e-04 4.796568e-06
1217 1.815986e-04 4.768437e-06
1218 1.810464e-04 4.740471e-06
1219 1.804982e-04 4.712669e-06
1220 1.799542e-04 4.685030e-06
1221 1.794143e-04 4.657553e-06
1222 1.788784e-04 4.630237e-06
1223 1.783465e-04 4.603081e-06
1224 1.778187e-04 4.576085e-06
1225 1.772948e-04 4.549247e-06
1226 1.767749e-04 4.522567e-06
1227 1.762588e-04 4.496043e-06
1228 1.757467e-04 4.469674e-06
1229 1.752385e-04 4.443460e-06
1230 1.747341e-04 4.417400e-06
1231 1.742335e-04 4.391493e-06
1232 1.737368e-04 4.365737e-06
1233 1.732438e-04 4.340133e-06
1234 1.727545e-04 4.314679e-06
1235 1.722690e-04 4.289374e-06
1236 1.717872e-04 4.264218e-06
1237 1.713090e-04 4.239209e-06
1238 1.708345e-04 4.214347e-06
1239 1.703636e-04 4.189630e-06
1240 1.698963e-04 4.165059e-06
1241 1.694326e-04 4.140631e-06
1242 1.689724e-04 4.116347e-06
1243 1.685158e-04 4.092206e-06
1244 1.680627e-04 4.068206e-06
1245 1.676130e-04 4.044346e-06
1246 1.671669e-04 4.020627e-06
1247 1.667241e-04 3.997047e-06
1248 1.662848e-04 3.973605e-06
1249 1.658488e-04 3.950300e-06
1250 1.654162e-04 3.927132e-06
1251 1.649870e-04 3.904100e-06
1252 1.645610e-04 3.881203e-06
1253 1.641384e-04 3.858441e-06
1254 1.637190e-04 3.835812e-06
1255 1.633029e-04 3.813315e-06
1256 1.628901e-04 3.790951e-06
1257 1.624804e-04 3.768718e-06
1258 1.620739e-04 3.746615e-06
1259 1.616706e-04 3.724641e-06
1260 1.612704e-04 3.702797e-06
1261 1.608733e-04 3.681081e-06
1262 1.604794e-04 3.659492e-06
1263 1.600885e-04 3.638030e-06
1264 1.597006e-04 3.616693e-06
1265 1.593158e-04 3.595482e-06
1266 1.589341e-04 3.574395e-06
1267 1.585553e-04 3.553432e-06
1268 1.581794e-04 3.532592e-06
1269 1.578065e-04 3.511873e-06
1270 1.574366e-04 3.491277e-06
1271 1.570695e-04 3.470801e-06
1272 1.567054e-04 3.450446e-06
1273 1.563441e-04 3.430209e-06
1274 1.559857e-04 3.410092e-06
1275 1.556300e-04 3.390092e-06
1276 1.552772e-04 3.370210e-06
1277 1.549272e-04 3.350444e-06
1278 1.545799e-04 3.330794e-06
1279 1.542354e-04 3.311260e-06
1280 1.538936e-04 3.291840e-06
1281 1.535545e-04 3.272534e-06
1282 1.532181e-04 3.253341e-06
1283 1.528844e-04 3.234261e-06
1284 1.525533e-04 3.215292e-06
1285 1.522249e-04 3.196435e-06
1286 1.518990e-04 3.177689e-06
1287 1.515758e-04 3.159052e-06
1288 1.512551e-04 3.140525e-06
1289 1.509370e-04 3.122106e-06
1290 1.506214e-04 3.103795e-06
1291 1.503083e-04 3.085592e-06
1292 1.499978e-04 3.067496e-06
1293 1.496897e-04 3.049505e-06
1294 1.493841e-04 3.031621e-06
1295 1.490809e-04 3.013841e-06
1296 1.487801e-04 2.996165e-06
1297 1.484818e-04 2.978593e-06
1298 1.481858e-04 2.961124e-06
1299 1.478922e-04 2.943758e-06
1300 1.476010e-04 2.926493e-06
1301 1.473121e-04 2.909330e-06
1302 1.470255e-04 2.892267e-06
1303 1.467412e-04 2.875304e-06
1304 1.464592e-04 2.858441e-06
1305 1.461795e-04 2.841677e-06
1306 1.459020e-04 2.825011e-06
1307 1.456268e-04 2.808443e-06
1308 1.453538e-04 2.791972e-06
1309 1.450830e-04 2.775597e-06
1310 1.448143e-04 2.759319e-06
1311 1.445479e-04 2.743136e-06
1312 1.442836e-04 2.727048e-06
1313 1.440214e-04 2.711054e-06
1314 1.437613e-04 2.695154e-06
1315 1.435033e-04 2.679348e-06
1316 1.432475e-04 2.663634e-06
1317 1.429937e-04 2.648012e-06
1318 1.427419e-04 2.632482e-06
1319 1.424922e-04 2.617043e-06
1320 1.422445e-04 2.601694e-06
1321 1.419989e-04 2.586436e-06
1322 1.417552e-04 2.571267e-06
1323 1.415135e-04 2.556187e-06
1324 1.412737e-04 2.541195e-06
1325 1.410359e-04 2.526291e-06
1326 1.408001e-04 2.511475e-06
1327 1.405661e-04 2.496746e-06
1328 1.403341e-04 2.482103e-06
1329 1.401039e-04 2.467546e-06
1330 1.398756e-04 2.453074e-06
1331 1.396492e-04 2.438687e-06
1332 1.394246e-04 2.424385e-06
1333 1.392019e-04 2.410166e-06
1334 1.389809e-04 2.396031e-06
1335 1.387618e-04 2.381979e-06
1336 1.385444e-04 2.368009e-06
1337 1.383289e-04 2.354121e-06
1338 1.381150e-04 2.340314e-06
1339 1.379030e-04 2.326589e-06
1340 1.376926e-04 2.312944e-06
1341 1.374840e-04 2.299379e-06
1342 1.372771e-04 2.285893e-06
1343 1.370719e-04 2.272487e-06
1344 1.368683e-04 2.259159e-06
1345 1.366664e-04 2.245909e-06
1346 1.364662e-04 2.232738e-06
1347 1.362676e-04 2.219643e-06
1348 1.360706e-04 2.206625e-06
1349 1.358752e-04 2.193684e-06
1350 1.356815e-04 2.180818e-06
1351 1.354893e-04 2.168028e-06
1352 1.352987e-04 2.155313e-06
1353 1.351096e-04 2.142672e-06
1354 1.349221e-04 2.130106e-06
1355 1.347362e-04 2.117613e-06
1356 1.345517e-04 2.105194e-06
1357 1.343688e-04 2.092847e-06
1358 1.341874e-04 2.080573e-06
1359 1.340075e-04 2.068371e-06
1360 1.338290e-04 2.056240e-06
1361 1.336520e-04 2.044181e-06
1362 1.334764e-04 2.032192e-06
1363 1.333023e-04 2.020273e-06
1364 1.331296e-04 2.008425e-06
1365 1.329584e-04 1.996646e-06
1366 1.327885e-04 1.984936e-06
1367 1.326201e-04 1.973294e-06
1368 1.324530e-04 1.961721e-06
1369 1.322873e-04 1.950216e-06
1370 1.321229e-04 1.938779e-06
1371 1.319599e-04 1.927408e-06
1372 1.317982e-04 1.916104e-06
1373 1.316379e-04 1.904866e-06
1374 1.314789e-04 1.893695e-06
1375 1.313212e-04 1.882589e-06
1376 1.311647e-04 1.871547e-06
1377 1.310096e-04 1.860571e-06
1378 1.308557e-04 1.849659e-06
1379 1.307031e-04 1.838811e-06
1380 1.305518e-04 1.828027e-06
1381 1.304017e-04 1.817306e-06
1382 1.302528e-04 1.806648e-06
1383 1.301051e-04 1.796052e-06
1384 1.299587e-04 1.785519e-06
1385 1.298135e-04 1.775047e-06
1386 1.296694e-04 1.764636e-06
1387 1.295266e-04 1.754287e-06
1388 1.293849e-04 1.743999e-06
1389 1.292443e-04 1.733770e-06
1390 1.291050e-04 1.723602e-06
1391 1.289667e-04 1.713493e-06
1392 1.288296e-04 1.703444e-06
1393 1.286936e-04 1.693454e-06
1394 1.285588e-04 1.683522e-06
1395 1.284250e-04 1.673648e-06
1396 1.282924e-04 1.663833e-06
1397 1.281608e-04 1.654074e-06
1398 1.280303e-04 1.644374e-06
1399 1.279009e-04 1.634730e-06
1400 1.277725e-04 1.625142e-06
1401 1.276452e-04 1.615611e-06
1402 1.275190e-04 1.606136e-06
1403 1.273937e-04 1.596716e-06
1404 1.272695e-04 1.587352e-06
1405 1.271463e-04 1.578042e-06
1406 1.270242e-04 1.568787e-06
1407 1.269030e-04 1.559586e-06
1408 1.267828e-04 1.550440e-06
1409 1.266636e-04 1.541347e-06
1410 1.265454e-04 1.532307e-06
1411 1.264281e-04 1.523320e-06
1412 1.263118e-04 1.514386e-06
1413 1.261964e-04 1.505505e-06
1414 1.260820e-04 1.496675e-06
1415 1.259686e-04 1.487897e-06
1416 1.258560e-04 1.479171e-06
1417 1.257444e-04 1.470496e-06
1418 1.256337e-04 1.461872e-06
1419 1.255239e-04 1.453298e-06
1420 1.254150e-04 1.444775e-06
1421 1.253069e-04 1.436301e-06
1422 1.251998e-04 1.427878e-06
1423 1.250935e-04 1.419504e-06
1424 1.249881e-04 1.411178e-06
1425 1.248836e-04 1.402902e-06
1426 1.247799e-04 1.394674e-06
1427 1.246770e-04 1.386495e-06
1428 1.245750e-04 1.378363e-06
1429 1.244738e-04 1.370279e-06
1430 1.243735e-04 1.362243e-06
1431 1.242739e-04 1.354254e-06
1432 1.241752e-04 1.346311e-06
1433 1.240773e-04 1.338415e-06
1434 1.239801e-04 1.330566e-06
1435 1.238838e-04 1.322762e-06
1436 1.237882e-04 1.315004e-06
1437 1.236934e-04 1.307292e-06
1438 1.235994e-04 1.299625e-06
1439 1.235062e-04 1.292003e-06
1440 1.234137e-04 1.284426e-06
1441 1.233219e-04 1.276893e-06
1442 1.232309e-04 1.269404e-06
1443 1.231406e-04 1.261959e-06
1444 1.230511e-04 1.254558e-06
1445 1.229623e-04 1.247200e-06
1446 1.228742e-04 1.239885e-06
1447 1.227868e-04 1.232614e-06
1448 1.227001e-04 1.225385e-06
1449 1.226142e-04 1.218198e-06
1450 1.225289e-04 1.211054e-06
1451 1.224443e-04 1.203951e-06
1452 1.223604e-04 1.196890e-06
1453 1.222771e-04 1.189870e-06
1454 1.221946e-04 1.182892e-06
1455 1.221127e-04 1.175955e-06
1456 1.220314e-04 1.169058e-06
1457 1.219509e-04 1.162201e-06
1458 1.218709e-04 1.155385e-06
1459 1.217916e-04 1.148609e-06
1460 1.217130e-04 1.141873e-06
1461 1.216350e-04 1.135176e-06
1462 1.215576e-04 1.128518e-06
1463 1.214808e-04 1.121900e-06
1464 1.214046e-04 1.115320e-06
1465 1.213291e-04 1.108779e-06
1466 1.212541e-04 1.102276e-06
1467 1.211798e-04 1.095811e-06
1468 1.211061e-04 1.089385e-06
1469 1.210329e-04 1.082996e-06
1470 1.209603e-04 1.076644e-06
1471 1.208883e-04 1.070330e-06
1472 1.208169e-04 1.064052e-06
1473 1.207461e-04 1.057812e-06
1474 1.206758e-04 1.051608e-06
1475 1.206061e-04 1.045440e-06
1476 1.205369e-04 1.039309e-06
1477 1.204683e-04 1.033214e-06
1478 1.204003e-04 1.027154e-06
1479 1.203327e-04 1.021130e-06
1480 1.202658e-04 1.015141e-06
1481 1.201993e-04 1.009188e-06
1482 1.201334e-04 1.003269e-06
1483 1.200680e-04 9.973850e-07
1484 1.200031e-04 9.915355e-07
1485 1.199387e-04 9.857203e-07
1486 1.198749e-04 9.799392e-07
1487 1.198115e-04 9.741921e-07
1488 1.197487e-04 9.684786e-07
1489 1.196863e-04 9.627986e-07
1490 1.196245e-04 9.571520e-07
1491 1.195631e-04 9.515384e-07
1492 1.195022e-04 9.459578e-07
1493 1.194418e-04 9.404100e-07
1494 1.193819e-04 9.348946e-07
1495 1.193225e-04 9.294116e-07
1496 1.192635e-04 9.239608e-07
1497 1.192050e-04 9.185419e-07
1498 1.191469e-04 9.131548e-07
1499 1.190893e-04 9.077993e-07
1500 1.190322e-04 9.024752e-07
1501 1.189755e-04 8.971824e-07
1502 1.189192e-04 8.919205e-07
1503 1.188634e-04 8.866896e-07
1504 1.188080e-04 8.814893e-07
1505 1.187531e-04 8.763195e-07
1506 1.186986e-04 8.711801e-07
1507 1.186445e-04 8.660707e-07
1508 1.185908e-04 8.609914e-07
1509 1.185376e-04 8.559418e-07
1510 1.184848e-04 8.509219e-07
1511 1.184324e-04 8.459314e-07
1512 1.183804e-04 8.409701e-07
1513 1.183288e-04 8.360380e-07
1514 1.182776e-04 8.311347e-07
1515 1.182268e-04 8.262603e-07
1516 1.181764e-04 8.214144e-07
1517 1.181264e-04 8.165970e-07
1518 1.180768e-04 8.118078e-07
1519 1.180276e-04 8.070466e-07
1520 1.179787e-04 8.023135e-07
1521 1.179302e-04 7.976080e-07
1522 1.178821e-04 7.929302e-07
1523 1.178344e-04 7.882798e-07
1524 1.177871e-04 7.836567e-07
1525 1.177401e-04 7.790606e-07
1526 1.176935e-04 7.744916e-07
1527 1.176472e-04 7.699493e-07
1528 1.176013e-04 7.654337e-07
1529 1.175557e-04 7.609446e-07
1530 1.175105e-04 7.564818e-07
1531 1.174657e-04 7.520451e-07
1532 1.174212e-04 7.476345e-07
1533 1.173770e-04 7.432498e-07
1534 1.173332e-04 7.388907e-07
1535 1.172897e-04 7.345573e-07
1536 1.172466e-04 7.302492e-07
1537 1.172038e-04 7.259664e-07
1538 1.171613e-04 7.217088e-07
1539 1.171191e-04 7.174761e-07
1540 1.170773e-04 7.132682e-07
1541 1.170357e-04 7.090850e-07
1542 1.169945e-04 7.049263e-07
1543 1.169536e-04 7.007921e-07
1544 1.169131e-04 6.966820e-07
1545 1.168728e-04 6.925961e-07
1546 1.168328e-04 6.885342e-07
1547 1.167932e-04 6.844960e-07
1548 1.167538e-04 6.804816e-07
1549 1.167148e-04 6.764907e-07
1550 1.166760e-04 6.725232e-07
1551 1.166375e-04 6.685789e-07
1552 1.165994e-04 6.646578e-07
1553 1.165615e-04 6.607597e-07
1554 1.165239e-04 6.568845e-07
1555 1.164866e-04 6.530320e-07
1556 1.164496e-04 6.492020e-07
1557 1.164128e-04 6.453946e-07
1558 1.163763e-04 6.416095e-07
1559 1.163402e-04 6.378465e-07
1560 1.163042e-04 6.341057e-07
1561 1.162686e-04 6.303867e-07
1562 1.162332e-04 6.266896e-07
1563 1.161981e-04 6.230142e-07
1564 1.161632e-04 6.193603e-07
1565 1.161287e-04 6.157279e-07
1566 1.160943e-04 6.121168e-07
1567 1.160603e-04 6.085268e-07
1568 1.160265e-04 6.049579e-07
1569 1.159929e-04 6.014099e-07
1570 1.159596e-04 5.978828e-07
1571 1.159265e-04 5.943763e-07
1572 1.158937e-04 5.908904e-07
1573 1.158611e-04 5.874249e-07
1574 1.158288e-04 5.839797e-07
1575 1.157967e-04 5.805548e-07
1576 1.157649e-04 5.771500e-07
1577 1.157333e-04 5.737651e-07
1578 1.157019e-04 5.704000e-07
1579 1.156708e-04 5.670547e-07
1580 1.156399e-04 5.637291e-07
1581 1.156092e-04 5.604229e-07
1582 1.155788e-04 5.571361e-07
1583 1.155486e-04 5.538686e-07
1584 1.155186e-04 5.506202e-07
1585 1.154888e-04 5.473910e-07
1586 1.154592e-04 5.441806e-07
1587 1.154299e-04 5.409891e-07
1588 1.154008e-04 5.378163e-07
1589 1.153719e-04 5.346621e-07
1590 1.153432e-04 5.315264e-07
1591 1.153147e-04 5.284091e-07
1592 1.152865e-04 5.253100e-07
1593 1.152584e-04 5.222292e-07
1594 1.152305e-04 5.191664e-07
1595 1.152029e-04 5.161216e-07
1596 1.151755e-04 5.130946e-07
1597 1.151482e-04 5.100854e-07
1598 1.151212e-04 5.070938e-07
1599 1.150943e-04 5.041198e-07
1600 1.150677e-04 5.011632e-07
1601 1.150412e-04 4.982240e-07
1602 1.150150e-04 4.953020e-07
1603 1.149889e-04 4.923971e-07
1604 1.149630e-04 4.895093e-07
1605 1.149374e-04 4.866384e-07
1606 1.149119e-04 4.837844e-07
1607 1.148865e-04 4.809471e-07
1608 1.148614e-04 4.781264e-07
1609 1.148365e-04 4.753223e-07
1610 1.148117e-04 4.725346e-07
1611 1.147871e-04 4.697632e-07
1612 1.147627e-04 4.670082e-07
1613 1.147385e-04 4.642692e-07
1614 1.147144e-04 4.615464e-07
1615 1.146906e-04 4.588395e-07
1616 1.146669e-04 4.561485e-07
1617 1.146433e-04 4.534732e-07
1618 1.146200e-04 4.508137e-07
1619 1.145968e-04 4.481698e-07
1620 1.145738e-04 4.455413e-07
1621 1.145509e-04 4.429283e-07
1622 1.145282e-04 4.403306e-07
1623 1.145057e-04 4.377481e-07
1624 1.144833e-04 4.351808e-07
1625 1.144611e-04 4.326286e-07
1626 1.144390e-04 4.300913e-07
1627 1.144172e-04 4.275688e-07
1628 1.143954e-04 4.250612e-07
1629 1.143738e-04 4.225683e-07
1630 1.143524e-04 4.200900e-07
1631 1.143312e-04 4.176263e-07
1632 1.143100e-04 4.151770e-07
1633 1.142891e-04 4.127420e-07
1634 1.142683e-04 4.103214e-07
1635 1.142476e-04 4.079149e-07
1636 1.142271e-04 4.055225e-07
1637 1.142067e-04 4.031442e-07
1638 1.141865e-04 4.007799e-07
1639 1.141664e-04 3.984294e-07
1640 1.141465e-04 3.960926e-07
1641 1.141267e-04 3.937696e-07
1642 1.141070e-04 3.914602e-07
1643 1.140875e-04 3.891644e-07
1644 1.140681e-04 3.868820e-07
1645 1.140489e-04 3.846130e-07
1646 1.140298e-04 3.823573e-07
1647 1.140108e-04 3.801149e-07
1648 1.139920e-04 3.778855e-07
1649 1.139733e-04 3.756693e-07
1650 1.139547e-04 3.734661e-07
1651 1.139362e-04 3.712758e-07
1652 1.139179e-04 3.690983e-07
1653 1.138998e-04 3.669336e-07
1654 1.138817e-04 3.647816e-07
1655 1.138638e-04 3.626422e-07
1656 1.138460e-04 3.605154e-07
1657 1.138283e-04 3.584010e-07
1658 1.138108e-04 3.562991e-07
1659 1.137933e-04 3.542094e-07
1660 1.137760e-04 3.521320e-07
1661 1.137589e-04 3.500668e-07
1662 1.137418e-04 3.480138e-07
1663 1.137248e-04 3.459727e-07
1664 1.137080e-04 3.439437e-07
1665 1.136913e-04 3.419265e-07
1666 1.136747e-04 3.399211e-07
1667 1.136583e-04 3.379276e-07
1668 1.136419e-04 3.359457e-07
1669 1.136257e-04 3.339754e-07
1670 1.136095e-04 3.320167e-07
1671 1.135935e-04 3.300695e-07
1672 1.135776e-04 3.281337e-07
1673 1.135618e-04 3.262092e-07
1674 1.135461e-04 3.242961e-07
1675 1.135305e-04 3.223941e-07
1676 1.135151e-04 3.205033e-07
1677 1.134997e-04 3.186237e-07
1678 1.134845e-04 3.167550e-07
1679 1.134693e-04 3.148973e-07
1680 1.134543e-04 3.130504e-07
1681 1.134393e-04 3.112145e-07
1682 1.134245e-04 3.093892e-07
1683 1.134097e-04 3.075747e-07
1684 1.133951e-04 3.057709e-07
1685 1.133806e-04 3.039776e-07
1686 1.133662e-04 3.021948e-07
1687 1.133518e-04 3.004225e-07
1688 1.133376e-04 2.986605e-07
1689 1.133234e-04 2.969089e-07
1690 1.133094e-04 2.951676e-07
1691 1.132955e-04 2.934365e-07
1692 1.132816e-04 2.917156e-07
1693 1.132679e-04 2.900047e-07
1694 1.132542e-04 2.883039e-07
1695 1.132406e-04 2.866130e-07
1696 1.132272e-04 2.849321e-07
1697 1.132138e-04 2.832610e-07
1698 1.132005e-04 2.815997e-07
1699 1.131873e-04 2.799482e-07
1700 1.131742e-04 2.783063e-07
1701 1.131612e-04 2.766741e-07
1702 1.131483e-04 2.750515e-07
1703 1.131354e-04 2.734384e-07
1704 1.131227e-04 2.718347e-07
1705 1.131100e-04 2.702404e-07
1706 1.130974e-04 2.686555e-07
1707 1.130849e-04 2.670799e-07
1708 1.130725e-04 2.655135e-07
1709 1.130602e-04 2.639563e-07
1710 1.130480e-04 2.624083e-07
1711 1.130358e-04 2.608693e-07
1712 1.130237e-04 2.593393e-07
1713 1.130117e-04 2.578183e-07
1714 1.129998e-04 2.563063e-07
1715 1.129880e-04 2.548031e-07
1716 1.129762e-04 2.533087e-07
1717 1.129646e-04 2.518231e-07
1718 1.129530e-04 2.503462e-07
1719 1.129415e-04 2.488780e-07
1720 1.129300e-04 2.474183e-07
1721 1.129187e-04 2.459673e-07
1722 1.129074e-04 2.445247e-07
1723 1.128962e-04 2.430906e-07
1724 1.128850e-04 2.416649e-07
1725 1.128740e-04 2.402476e-07
1726 1.128630e-04 2.388386e-07
1727 1.128521e-04 2.374379e-07
1728 1.128413e-04 2.360453e-07
1729 1.128305e-04 2.346610e-07
1730 1.128198e-04 2.332847e-07
1731 1.128092e-04 2.319165e-07
1732 1.127986e-04 2.305564e-07
1733 1.127882e-04 2.292042e-07
1734 1.127778e-04 2.278600e-07
1735 1.127674e-04 2.265236e-07
1736 1.127572e-04 2.251951e-07
1737 1.127470e-04 2.238744e-07
1738 1.127368e-04 2.225614e-07
1739 1.127268e-04 2.212561e-07
1740 1.127168e-04 2.199585e-07
1741 1.127068e-04 2.186684e-07
1742 1.126970e-04 2.173860e-07
1743 1.126872e-04 2.161111e-07
1744 1.126774e-04 2.148436e-07
1745 1.126678e-04 2.135836e-07
1746 1.126582e-04 2.123310e-07
1747 1.126486e-04 2.110857e-07
1748 1.126391e-04 2.098477e-07
1749 1.126297e-04 2.086170e-07
1750 1.126204e-04 2.073935e-07
1751 1.126111e-04 2.061771e-07
1752 1.126019e-04 2.049679e-07
1753 1.125927e-04 2.037658e-07
1754 1.125836e-04 2.025708e-07
1755 1.125745e-04 2.013827e-07
1756 1.125655e-04 2.002017e-07
1757 1.125566e-04 1.990275e-07
1758 1.125477e-04 1.978603e-07
1759 1.125389e-04 1.966998e-07
1760 1.125302e-04 1.955462e-07
1761 1.125215e-04 1.943994e-07
1762 1.125129e-04 1.932593e-07
1763 1.125043e-04 1.921258e-07
1764 1.124957e-04 1.909991e-07
1765 1.124873e-04 1.898789e-07
1766 1.124789e-04 1.887653e-07
1767 1.124705e-04 1.876582e-07
1768 1.124622e-04 1.865576e-07
1769 1.124540e-04 1.854635e-07
1770 1.124458e-04 1.843758e-07
1771 1.124376e-04 1.832944e-07
1772 1.124295e-04 1.822194e-07
1773 1.124215e-04 1.811508e-07
1774 1.124135e-04 1.800883e-07
1775 1.124056e-04 1.790322e-07
1776 1.123977e-04 1.779822e-07
1777 1.123899e-04 1.769383e-07
1778 1.123821e-04 1.759006e-07
1779 1.123744e-04 1.748690e-07
1780 1.123667e-04 1.738434e-07
1781 1.123591e-04 1.728239e-07
1782 1.123515e-04 1.718103e-07
1783 1.123440e-04 1.708026e-07
1784 1.123365e-04 1.698009e-07
1785 1.123291e-04 1.688050e-07
1786 1.123217e-04 1.678150e-07
1787 1.123144e-04 1.668308e-07
1788 1.123071e-04 1.658524e-07
1789 1.122999e-04 1.648797e-07
1790 1.122927e-04 1.639127e-07
1791 1.122855e-04 1.629514e-07
1792 1.122784e-04 1.619957e-07
1793 1.122714e-04 1.610456e-07
1794 1.122644e-04 1.601011e-07
1795 1.122574e-04 1.591622e-07
1796 1.122505e-04 1.582287e-07
1797 1.122436e-04 1.573007e-07
1798 1.122368e-04 1.563782e-07
1799 1.122300e-04 1.554610e-07
1800 1.122233e-04 1.545493e-07
1801 1.122166e-04 1.536429e-07
1802 1.122100e-04 1.527418e-07
1803 1.122034e-04 1.518460e-07
1804 1.121968e-04 1.509554e-07
1805 1.121903e-04 1.500701e-07
1806 1.121838e-04 1.491900e-07
1807 1.121774e-04 1.483150e-07
1808 1.121710e-04 1.474452e-07
1809 1.121646e-04 1.465804e-07
1810 1.121583e-04 1.457208e-07
1811 1.121520e-04 1.448661e-07
1812 1.121458e-04 1.440165e-07
1813 1.121396e-04 1.431719e-07
1814 1.121334e-04 1.423322e-07
1815 1.121273e-04 1.414974e-07
1816 1.121212e-04 1.406676e-07
1817 1.121152e-04 1.398426e-07
1818 1.121092e-04 1.390224e-07
1819 1.121032e-04 1.382071e-07
1820 1.120973e-04 1.373965e-07
1821 1.120914e-04 1.365907e-07
1822 1.120856e-04 1.357897e-07
1823 1.120798e-04 1.349933e-07
1824 1.120740e-04 1.342016e-07
1825 1.120683e-04 1.334145e-07
1826 1.120626e-04 1.326320e-07
1827 1.120569e-04 1.318542e-07
1828 1.120513e-04 1.310809e-07
1829 1.120457e-04 1.303121e-07
1830 1.120402e-04 1.295478e-07
1831 1.120346e-04 1.287881e-07
1832 1.120292e-04 1.280327e-07
1833 1.120237e-04 1.272819e-07
1834 1.120183e-04 1.265354e-07
1835 1.120129e-04 1.257933e-07
1836 1.120076e-04 1.250555e-07
1837 1.120023e-04 1.243221e-07
1838 1.119970e-04 1.235930e-07
1839 1.119917e-04 1.228681e-07
1840 1.119865e-04 1.221475e-07
1841 1.119813e-04 1.214311e-07
1842 1.119762e-04 1.207190e-07
1843 1.119711e-04 1.200110e-07
1844 1.119660e-04 1.193071e-07
1845 1.119610e-04 1.186074e-07
1846 1.119559e-04 1.179118e-07
1847 1.119510e-04 1.172203e-07
1848 1.119460e-04 1.165328e-07
1849 1.119411e-04 1.158493e-07
1850 1.119362e-04 1.151699e-07
1851 1.119313e-04 1.144944e-07
1852 1.119265e-04 1.138230e-07
1853 1.119217e-04 1.131554e-07
1854 1.119169e-04 1.124918e-07
1855 1.119122e-04 1.118320e-07
1856 1.119075e-04 1.111761e-07
1857 1.119028e-04 1.105241e-07
1858 1.118982e-04 1.098759e-07
1859 1.118936e-04 1.092315e-07
1860 1.118890e-04 1.085909e-07
1861 1.118844e-04 1.079540e-07
1862 1.118799e-04 1.073209e-07
1863 1.118754e-04 1.066915e-07
1864 1.118709e-04 1.060657e-07
1865 1.118665e-04 1.054437e-07
1866 1.118620e-04 1.048253e-07
1867 1.118576e-04 1.042105e-07
1868 1.118533e-04 1.035993e-07
1869 1.118489e-04 1.029917e-07
1870 1.118446e-04 1.023877e-07
1871 1.118404e-04 1.017872e-07
1872 1.118361e-04 1.011902e-07
1873 1.118319e-04 1.005968e-07
1874 1.118277e-04 1.000068e-07
1875 1.118235e-04 9.942027e-08
1876 1.118193e-04 9.883719e-08
1877 1.118152e-04 9.825753e-08
1878 1.118111e-04 9.768126e-08
1879 1.118070e-04 9.710838e-08
1880 1.118030e-04 9.653886e-08
1881 1.117990e-04 9.597267e-08
1882 1.117950e-04 9.540981e-08
1883 1.117910e-04 9.485025e-08
1884 1.117871e-04 9.429397e-08
1885 1.117831e-04 9.374095e-08
1886 1.117792e-04 9.319117e-08
1887 1.117754e-04 9.264462e-08
1888 1.117715e-04 9.210128e-08
1889 1.117677e-04 9.156112e-08
1890 1.117639e-04 9.102413e-08
1891 1.117601e-04 9.049029e-08
1892 1.117564e-04 8.995958e-08
1893 1.117526e-04 8.943198e-08
1894 1.117489e-04 8.890748e-08
1895 1.117452e-04 8.838605e-08
1896 1.117416e-04 8.786768e-08
1897 1.117379e-04 8.735235e-08
1898 1.117343e-04 8.684005e-08
1899 1.117307e-04 8.633075e-08
1900 1.117272e-04 8.582443e-08
1901 1.117236e-04 8.532108e-08
1902 1.117201e-04 8.482069e-08
1903 1.117166e-04 8.432323e-08
1904 1.117131e-04 8.382869e-08
1905 1.117096e-04 8.333705e-08
1906 1.117062e-04 8.284829e-08
1907 1.117028e-04 8.236240e-08
1908 1.116994e-04 8.187936e-08
1909 1.116960e-04 8.139915e-08
1910 1.116927e-04 8.092176e-08
1911 1.116893e-04 8.044717e-08
1912 1.116860e-04 7.997536e-08
1913 1.116827e-04 7.950632e-08
1914 1.116794e-04 7.904003e-08
1915 1.116762e-04 7.857647e-08
1916 1.116730e-04 7.811563e-08
1917 1.116697e-04 7.765750e-08
1918 1.116666e-04 7.720205e-08
1919 1.116634e-04 7.674927e-08
1920 1.116602e-04 7.629915e-08
1921 1.116571e-04 7.585167e-08
1922 1.116540e-04 7.540681e-08
1923 1.116509e-04 7.496457e-08
1924 1.116478e-04 7.452491e-08
1925 1.116448e-04 7.408784e-08
1926 1.116417e-04 7.365332e-08
1927 1.116387e-04 7.322136e-08
1928 1.116357e-04 7.279193e-08
1929 1.116327e-04 7.236502e-08
1930 1.116297e-04 7.194061e-08
1931 1.116268e-04 7.151869e-08
1932 1.116239e-04 7.109924e-08
1933 1.116210e-04 7.068226e-08
1934 1.116181e-04 7.026772e-08
1935 1.116152e-04 6.985561e-08
1936 1.116123e-04 6.944592e-08
1937 1.116095e-04 6.903863e-08
1938 1.116067e-04 6.863373e-08
1939 1.116039e-04 6.823121e-08
1940 1.116011e-04 6.783104e-08
1941 1.115983e-04 6.743323e-08
1942 1.115956e-04 6.703774e-08
1943 1.115928e-04 6.664458e-08
1944 1.115901e-04 6.625372e-08
1945 1.115874e-04 6.586515e-08
1946 1.115847e-04 6.547886e-08
1947 1.115821e-04 6.509484e-08
1948 1.115794e-04 6.471307e-08
1949 1.115768e-04 6.433354e-08
1950 1.115741e-04 6.395623e-08
1951 1.115715e-04 6.358114e-08
1952 1.115690e-04 6.320825e-08
1953 1.115664e-04 6.283754e-08
1954 1.115638e-04 6.246901e-08
1955 1.115613e-04 6.210264e-08
1956 1.115588e-04 6.173842e-08
1957 1.115563e-04 6.137634e-08
1958 1.115538e-04 6.101637e-08
1959 1.115513e-04 6.065852e-08
1960 1.115488e-04 6.030277e-08
1961 1.115464e-04 5.994911e-08
1962 1.115439e-04 5.959752e-08
1963 1.115415e-04 5.924799e-08
1964 1.115391e-04 5.890051e-08
1965 1.115367e-04 5.855507e-08
1966 1.115343e-04 5.821165e-08
1967 1.115320e-04 5.787025e-08
1968 1.115296e-04 5.753085e-08
1969 1.115273e-04 5.719344e-08
1970 1.115250e-04 5.685801e-08
1971 1.115227e-04 5.652455e-08
1972 1.115204e-04 5.619304e-08
1973 1.115181e-04 5.586348e-08
1974 1.115159e-04 5.553585e-08
1975 1.115136e-04 5.521014e-08
1976 1.115114e-04 5.488634e-08
1977 1.115092e-04 5.456444e-08
1978 1.115069e-04 5.424443e-08
1979 1.115048e-04 5.392630e-08
1980 1.115026e-04 5.361003e-08
1981 1.115004e-04 5.329562e-08
1982 1.114983e-04 5.298305e-08
1983 1.114961e-04 5.267231e-08
1984 1.114940e-04 5.236340e-08
1985 1.114919e-04 5.205629e-08
1986 1.114898e-04 5.175099e-08
1987 1.114877e-04 5.144748e-08
1988 1.114856e-04 5.114575e-08
1989 1.114835e-04 5.084579e-08
1990 1.114815e-04 5.054759e-08
1991 1.114794e-04 5.025114e-08
1992 1.114774e-04 4.995642e-08
1993 1.114754e-04 4.966344e-08
1994 1.114734e-04 4.937217e-08
1995 1.114714e-04 4.908261e-08
1996 1.114694e-04 4.879475e-08
1997 1.114675e-04 4.850858e-08
1998 1.114655e-04 4.822408e-08
1999 1.114636e-04 4.794126e-08
2000 1.114616e-04 4.766009e-08
2001 1.114597e-04 4.738057e-08
2002 1.114578e-04 4.710269e-08
2003 1.114559e-04 4.682644e-08
2004 1.114540e-04 4.655181e-08
2005 1.114522e-04 4.627879e-08
2006 1.114503e-04 4.600738e-08
2007 1.114485e-04 4.573755e-08
2008 1.114466e-04 4.546931e-08
2009 1.114448e-04 4.520264e-08
2010 1.114430e-04 4.493753e-08
2011 1.114412e-04 4.467398e-08
2012 1.114394e-04 4.441198e-08
2013 1.114376e-04 4.415151e-08
2014 1.114358e-04 4.389257e-08
2015 1.114341e-04 4.363515e-08
2016 1.114323e-04 4.337923e-08
2017 1.114306e-04 4.312482e-08
2018 1.114288e-04 4.287190e-08
2019 1.114271e-04 4.262046e-08
2020 1.114254e-04 4.237050e-08
2021 1.114237e-04 4.212201e-08
2022 1.114220e-04 4.187497e-08
2023 1.114203e-04 4.162938e-08
2024 1.114187e-04 4.138523e-08
2025 1.114170e-04 4.114251e-08
2026 1.114154e-04 4.090122e-08
2027 1.114137e-04 4.066134e-08
2028 1.114121e-04 4.042287e-08
2029 1.114105e-04 4.018580e-08
2030 1.114089e-04 3.995011e-08
2031 1.114073e-04 3.971581e-08
2032 1.114057e-04 3.948289e-08
2033 1.114041e-04 3.925133e-08
2034 1.114025e-04 3.902112e-08
2035 1.114010e-04 3.879227e-08
2036 1.113994e-04 3.856476e-08
2037 1.113979e-04 3.833859e-08
2038 1.113964e-04 3.811374e-08
2039 1.113948e-04 3.789021e-08
2040 1.113933e-04 3.766799e-08
2041 1.113918e-04 3.744707e-08
2042 1.113903e-04 3.722745e-08
2043 1.113888e-04 3.700912e-08
2044 1.113874e-04 3.679206e-08
2045 1.113859e-04 3.657629e-08
2046 1.113844e-04 3.636177e-08
2047 1.113830e-04 3.614852e-08
2048 1.113815e-04 3.593651e-08
2049 1.113801e-04 3.572575e-08
2050 1.113787e-04 3.551622e-08
2051 1.113773e-04 3.530793e-08
2052 1.113758e-04 3.510085e-08
2053 1.113744e-04 3.489499e-08
2054 1.113731e-04 3.469034e-08
2055 1.113717e-04 3.448689e-08
2056 1.113703e-04 3.428463e-08
2057 1.113689e-04 3.408355e-08
2058 1.113676e-04 3.388366e-08
2059 1.113662e-04 3.368494e-08
2060 1.113649e-04 3.348738e-08
2061 1.113635e-04 3.329098e-08
2062 1.113622e-04 3.309574e-08
2063 1.113609e-04 3.290164e-08
2064 1.113596e-04 3.270867e-08
2065 1.113583e-04 3.251684e-08
2066 1.113570e-04 3.232614e-08
2067 1.113557e-04 3.213655e-08
2068 1.113544e-04 3.194808e-08
2069 1.113532e-04 3.176071e-08
2070 1.113519e-04 3.157443e-08
2071 1.113506e-04 3.138926e-08
2072 1.113494e-04 3.120516e-08
2073 1.113481e-04 3.102215e-08
2074 1.113469e-04 3.084021e-08
2075 1.113457e-04 3.065934e-08
2076 1.113445e-04 3.047953e-08
2077 1.113433e-04 3.030077e-08
2078 1.113421e-04 3.012306e-08
2079 1.113409e-04 2.994639e-08
2080 1.113397e-04 2.977076e-08
2081 1.113385e-04 2.959616e-08
2082 1.113373e-04 2.942259e-08
2083 1.113361e-04 2.925003e-08
2084 1.113350e-04 2.907848e-08
2085 1.113338e-04 2.890794e-08
2086 1.113327e-04 2.873840e-08
2087 1.113315e-04 2.856986e-08
2088 1.113304e-04 2.840230e-08
2089 1.113293e-04 2.823572e-08
2090 1.113282e-04 2.807013e-08
2091 1.113270e-04 2.790550e-08
2092 1.113259e-04 2.774184e-08
2093 1.113248e-04 2.757914e-08
2094 1.113237e-04 2.741739e-08
2095 1.113226e-04 2.725659e-08
2096 1.113216e-04 2.709674e-08
2097 1.113205e-04 2.693782e-08
2098 1.113194e-04 2.677983e-08
2099 1.113184e-04 2.662277e-08
2100 1.113173e-04 2.646664e-08
2101 1.113163e-04 2.631141e-08
2102 1.113152e-04 2.615710e-08
2103 1.113142e-04 2.600370e-08
2104 1.113131e-04 2.585119e-08
2105 1.113121e-04 2.569958e-08
2106 1.113111e-04 2.554885e-08
2107 1.113101e-04 2.539901e-08
2108 1.113091e-04 2.525005e-08
2109 1.113081e-04 2.510196e-08
2110 1.113071e-04 2.495475e-08
2111 1.113061e-04 2.480839e-08
2112 1.113051e-04 2.466289e-08
2113 1.113041e-04 2.451825e-08
2114 1.113032e-04 2.437445e-08
2115 1.113022e-04 2.423150e-08
2116 1.113013e-04 2.408939e-08
2117 1.113003e-04 2.394811e-08
2118 1.112994e-04 2.380766e-08
2119 1.112984e-04 2.366803e-08
2120 1.112975e-04 2.352922e-08
2121 1.112965e-04 2.339123e-08
2122 1.112956e-04 2.325404e-08
2123 1.112947e-04 2.311766e-08
2124 1.112938e-04 2.298208e-08
2125 1.112929e-04 2.284729e-08
2126 1.112920e-04 2.271330e-08
2127 1.112911e-04 2.258009e-08
2128 1.112902e-04 2.244766e-08
2129 1.112893e-04 2.231601e-08
2130 1.112884e-04 2.218513e-08
2131 1.112875e-04 2.205502e-08
2132 1.112867e-04 2.192567e-08
2133 1.112858e-04 2.179708e-08
2134 1.112849e-04 2.166924e-08
2135 1.112841e-04 2.154215e-08
2136 1.112832e-04 2.141581e-08
2137 1.112824e-04 2.129021e-08
2138 1.112816e-04 2.116535e-08
2139 1.112807e-04 2.104122e-08
2140 1.112799e-04 2.091781e-08
2141 1.112791e-04 2.079514e-08
2142 1.112782e-04 2.067318e-08
2143 1.112774e-04 2.055193e-08
2144 1.112766e-04 2.043140e-08
2145 1.112758e-04 2.031157e-08
2146 1.112750e-04 2.019245e-08
2147 1.112742e-04 2.007402e-08
2148 1.112734e-04 1.995629e-08
2149 1.112726e-04 1.983925e-08
2150 1.112718e-04 1.972290e-08
2151 1.112711e-04 1.960723e-08
2152 1.112703e-04 1.949223e-08
2153 1.112695e-04 1.937791e-08
2154 1.112688e-04 1.926427e-08
2155 1.112680e-04 1.915128e-08
2156 1.112672e-04 1.903897e-08
2157 1.112665e-04 1.892730e-08
2158 1.112658e-04 1.881630e-08
2159 1.112650e-04 1.870595e-08
2160 1.112643e-04 1.859624e-08
2161 1.112635e-04 1.848717e-08
2162 1.112628e-04 1.837875e-08
2163 1.112621e-04 1.827096e-08
2164 1.112614e-04 1.816381e-08
2165 1.112607e-04 1.805728e-08
2166 1.112599e-04 1.795138e-08
2167 1.112592e-04 1.784609e-08
2168 1.112585e-04 1.774143e-08
2169 1.112578e-04 1.763738e-08
2170 1.112571e-04 1.753394e-08
2171 1.112564e-04 1.743111e-08
2172 1.112558e-04 1.732887e-08
2173 1.112551e-04 1.722724e-08
2174 1.112544e-04 1.712621e-08
2175 1.112537e-04 1.702577e-08
2176 1.112531e-04 1.692591e-08
2177 1.112524e-04 1.682665e-08
2178 1.112517e-04 1.672796e-08
2179 1.112511e-04 1.662985e-08
2180 1.112504e-04 1.653232e-08
2181 1.112498e-04 1.643536e-08
2182 1.112491e-04 1.633897e-08
2183 1.112485e-04 1.624315e-08
2184 1.112478e-04 1.614788e-08
2185 1.112472e-04 1.605318e-08
2186 1.112466e-04 1.595903e-08
2187 1.112459e-04 1.586543e-08
2188 1.112453e-04 1.577239e-08
2189 1.112447e-04 1.567988e-08
2190 1.112441e-04 1.558792e-08
2191 1.112435e-04 1.549650e-08
2192 1.112429e-04 1.540562e-08
2193 1.112423e-04 1.531527e-08
2194 1.112417e-04 1.522545e-08
2195 1.112411e-04 1.513615e-08
2196 1.112405e-04 1.504738e-08
2197 1.112399e-04 1.495913e-08
2198 1.112393e-04 1.487140e-08
2199 1.112387e-04 1.478418e-08
2200 1.112381e-04 1.469747e-08
2201 1.112375e-04 1.461127e-08
2202 1.112370e-04 1.452558e-08
2203 1.112364e-04 1.444039e-08
2204 1.112358e-04 1.435570e-08
2205 1.112353e-04 1.427151e-08
2206 1.112347e-04 1.418781e-08
2207 1.112341e-04 1.410460e-08
2208 1.112336e-04 1.402188e-08
2209 1.112330e-04 1.393964e-08
2210 1.112325e-04 1.385789e-08
2211 1.112319e-04 1.377661e-08
2212 1.112314e-04 1.369582e-08
2213 1.112309e-04 1.361549e-08
2214 1.112303e-04 1.353564e-08
2215 1.112298e-04 1.345626e-08
2216 1.112293e-04 1.337734e-08
2217 1.112287e-04 1.329888e-08
2218 1.112282e-04 1.322089e-08
2219 1.112277e-04 1.314335e-08
2220 1.112272e-04 1.306626e-08
2221 1.112267e-04 1.298963e-08
2222 1.112262e-04 1.291345e-08
2223 1.112257e-04 1.283772e-08
2224 1.112252e-04 1.276242e-08
2225 1.112247e-04 1.268758e-08
2226 1.112242e-04 1.261316e-08
2227 1.112237e-04 1.253919e-08
2228 1.112232e-04 1.246565e-08
2229 1.112227e-04 1.239254e-08
2230 1.112222e-04 1.231986e-08
2231 1.112217e-04 1.224761e-08
2232 1.112212e-04 1.217578e-08
2233 1.112208e-04 1.210437e-08
2234 1.112203e-04 1.203338e-08
2235 1.112198e-04 1.196281e-08
2236 1.112193e-04 1.189265e-08
2237 1.112189e-04 1.182290e-08
2238 1.112184e-04 1.175356e-08
2239 1.112180e-04 1.168463e-08
2240 1.112175e-04 1.161610e-08
2241 1.112170e-04 1.154797e-08
2242 1.112166e-04 1.148024e-08
2243 1.112161e-04 1.141291e-08
2244 1.112157e-04 1.134598e-08
2245 1.112152e-04 1.127944e-08
2246 1.112148e-04 1.121328e-08
2247 1.112144e-04 1.114752e-08
2248 1.112139e-04 1.108214e-08
2249 1.112135e-04 1.101715e-08
2250 1.112131e-04 1.095253e-08
2251 1.112126e-04 1.088830e-08
2252 1.112122e-04 1.082444e-08
2253 1.112118e-04 1.076096e-08
2254 1.112114e-04 1.069785e-08
2255 1.112109e-04 1.063511e-08
2256 1.112105e-04 1.057273e-08
2257 1.112101e-04 1.051073e-08
2258 1.112097e-04 1.044908e-08
2259 1.112093e-04 1.038780e-08
2260 1.112089e-04 1.032688e-08
2261 1.112085e-04 1.026631e-08
2262 1.112081e-04 1.020610e-08
2263 1.112077e-04 1.014624e-08
2264 1.112073e-04 1.008674e-08
2265 1.112069e-04 1.002758e-08
2266 1.112065e-04 9.968771e-09
