err_l2 = 6.132006324705141e-5
steps = 8895
runtime_s = 44.561256885528564
err_max = 0.00014025052236171787
history_file = "history_nx64_ny64_nz64_M4_steps8895.txt"
res_l2 = 9.991323e-9
exact_plot = "exact_nx64_ny64_nz64.png"
error_plot = "error_nx64_ny64_nz64_M4_steps8895.png"
