err_l2 = 6.131992903306707e-5
steps = 4858
runtime_s = 16.750486135482788
err_max = 0.000140250177048995
history_file = "history_nx64_ny64_nz64_M2_steps4858.txt"
res_l2 = 9.994853e-9
exact_plot = "exact_nx64_ny64_nz64.png"
error_plot = "error_nx64_ny64_nz64_M2_steps4858.png"
