err_l2 = 0.00011114018297989278
steps = 53
runtime_s = 0.06315302848815918
err_max = 0.000570433254168834
history_file = "history_cg_nx64_ny64_nz64_steps53.txt"
exact_plot = "exact_nx64_ny64_nz64.png"
error_plot = "error_nx64_ny64_nz64_M10_steps53.png"
res_l2 = 4.926358e-09
