err_l2 = 0.000441761340247225
steps = 1524
runtime_s = 0.26026105880737305
err_max = 0.002152533483802954
history_file = "history_sor_nx32_ny32_nz32_steps1524.txt"
exact_plot = "exact_nx32_ny32_nz32.png"
error_plot = "error_nx32_ny32_nz32_M10_steps1524.png"
res_l2 = 9.986153e-09
