err_l2 = 2.807955868657226e-05
steps = 20000
runtime_s = 160.64920496940613
err_max = 0.00014664843043143971
history_file = "history_sor_nx128_ny128_nz128_steps20000.txt"
exact_plot = "exact_nx128_ny128_nz128.png"
error_plot = "error_nx128_ny128_nz128_M10_steps20000.png"
res_l2 = 1.794673e-08
