err_l2 = 6.131979330430178e-5
steps = 5938
runtime_s = 14.296167850494385
err_max = 0.00014024983286270443
history_file = "history_nx64_ny64_nz64_M2_steps5938.txt"
res_l2 = 9.998417e-9
exact_plot = "exact_nx64_ny64_nz64.png"
error_plot = "error_nx64_ny64_nz64_M2_steps5938.png"
