err_l2 = 0.0017228564725107756
steps = 136
runtime_s = 0.007912874221801758
err_max = 0.007576463250056342
history_file = "history_ssor_nx16_ny16_nz16_steps136.txt"
exact_plot = "exact_nx16_ny16_nz16.png"
error_plot = "error_nx16_ny16_nz16_M10_steps136.png"
res_l2 = 9.271194e-09
