# step err_l2 res_l2
0 2.462974e-01 1.000000e+00
1 2.255700e-01 4.306153e-01
2 2.183998e-01 1.446932e-01
3 2.127742e-01 1.074813e-01
4 2.081053e-01 8.411069e-02
5 2.040321e-01 7.020123e-02
6 2.003880e-01 6.057227e-02
7 1.970710e-01 5.349707e-02
8 1.940143e-01 4.804851e-02
9 1.911711e-01 4.370744e-02
10 1.885072e-01 4.015660e-02
11 1.859966e-01 3.719108e-02
12 1.836192e-01 3.467211e-02
13 1.813588e-01 3.250225e-02
14 1.792021e-01 3.061090e-02
15 1.771384e-01 2.894561e-02
16 1.751586e-01 2.746654e-02
17 1.732550e-01 2.614285e-02
18 1.714209e-01 2.495026e-02
19 1.696507e-01 2.386941e-02
20 1.679394e-01 2.288462e-02
21 1.662826e-01 2.198308e-02
22 1.646765e-01 2.115421e-02
23 1.631176e-01 2.038917e-02
24 1.616029e-01 1.968054e-02
25 1.601296e-01 1.902201e-02
26 1.586954e-01 1.840822e-02
27 1.572978e-01 1.783455e-02
28 1.559349e-01 1.729702e-02
29 1.546048e-01 1.679215e-02
30 1.533059e-01 1.631691e-02
31 1.520365e-01 1.586866e-02
32 1.507952e-01 1.544505e-02
33 1.495807e-01 1.504400e-02
34 1.483917e-01 1.466369e-02
35 1.472271e-01 1.430246e-02
36 1.460859e-01 1.395885e-02
37 1.449671e-01 1.363153e-02
38 1.438696e-01 1.331933e-02
39 1.427928e-01 1.302117e-02
40 1.417357e-01 1.273607e-02
41 1.406976e-01 1.246317e-02
42 1.396779e-01 1.220165e-02
43 1.386757e-01 1.195078e-02
44 1.376905e-01 1.170991e-02
45 1.367217e-01 1.147841e-02
46 1.357688e-01 1.125572e-02
47 1.348311e-01 1.104132e-02
48 1.339082e-01 1.083475e-02
49 1.329996e-01 1.063556e-02
50 1.321048e-01 1.044334e-02
51 1.312235e-01 1.025772e-02
52 1.303551e-01 1.007835e-02
53 1.294994e-01 9.904906e-03
54 1.286558e-01 9.737087e-03
55 1.278242e-01 9.574612e-03
56 1.270040e-01 9.417219e-03
57 1.261951e-01 9.264666e-03
58 1.253970e-01 9.116722e-03
59 1.246096e-01 8.973176e-03
60 1.238324e-01 8.833826e-03
61 1.230652e-01 8.698485e-03
62 1.223078e-01 8.566978e-03
63 1.215599e-01 8.439138e-03
64 1.208213e-01 8.314810e-03
65 1.200917e-01 8.193847e-03
66 1.193709e-01 8.076112e-03
67 1.186586e-01 7.961473e-03
68 1.179547e-01 7.849808e-03
69 1.172590e-01 7.741001e-03
70 1.165713e-01 7.634942e-03
71 1.158913e-01 7.531526e-03
72 1.152190e-01 7.430656e-03
73 1.145541e-01 7.332237e-03
74 1.138964e-01 7.236182e-03
75 1.132459e-01 7.142406e-03
76 1.126023e-01 7.050829e-03
77 1.119654e-01 6.961376e-03
78 1.113352e-01 6.873974e-03
79 1.107115e-01 6.788554e-03
80 1.100942e-01 6.705052e-03
81 1.094831e-01 6.623404e-03
82 1.088781e-01 6.543551e-03
83 1.082790e-01 6.465436e-03
84 1.076858e-01 6.389005e-03
85 1.070983e-01 6.314205e-03
86 1.065164e-01 6.240988e-03
87 1.059401e-01 6.169306e-03
88 1.053691e-01 6.099112e-03
89 1.048034e-01 6.030365e-03
90 1.042429e-01 5.963021e-03
91 1.036875e-01 5.897040e-03
92 1.031370e-01 5.832385e-03
93 1.025915e-01 5.769018e-03
94 1.020507e-01 5.706903e-03
95 1.015147e-01 5.646006e-03
96 1.009833e-01 5.586295e-03
97 1.004565e-01 5.527737e-03
98 9.993410e-02 5.470303e-03
99 9.941610e-02 5.413962e-03
100 9.890241e-02 5.358686e-03
101 9.839295e-02 5.304448e-03
102 9.788765e-02 5.251221e-03
103 9.738644e-02 5.198980e-03
104 9.688925e-02 5.147700e-03
105 9.639601e-02 5.097358e-03
106 9.590665e-02 5.047929e-03
107 9.542112e-02 4.999392e-03
108 9.493934e-02 4.951725e-03
109 9.446127e-02 4.904906e-03
110 9.398683e-02 4.858917e-03
111 9.351597e-02 4.813736e-03
112 9.304863e-02 4.769345e-03
113 9.258476e-02 4.725725e-03
114 9.212431e-02 4.682858e-03
115 9.166722e-02 4.640727e-03
116 9.121345e-02 4.599314e-03
117 9.076293e-02 4.558603e-03
118 9.031563e-02 4.518578e-03
119 8.987149e-02 4.479223e-03
120 8.943048e-02 4.440524e-03
121 8.899253e-02 4.402464e-03
122 8.855762e-02 4.365030e-03
123 8.812569e-02 4.328209e-03
124 8.769671e-02 4.291985e-03
125 8.727063e-02 4.256346e-03
126 8.684742e-02 4.221278e-03
127 8.642703e-02 4.186770e-03
128 8.600942e-02 4.152809e-03
129 8.559457e-02 4.119383e-03
130 8.518242e-02 4.086479e-03
131 8.477295e-02 4.054088e-03
132 8.436613e-02 4.022197e-03
133 8.396191e-02 3.990795e-03
134 8.356026e-02 3.959872e-03
135 8.316116e-02 3.929418e-03
136 8.276456e-02 3.899423e-03
137 8.237044e-02 3.869876e-03
138 8.197877e-02 3.840769e-03
139 8.158952e-02 3.812090e-03
140 8.120265e-02 3.783833e-03
141 8.081815e-02 3.755986e-03
142 8.043597e-02 3.728543e-03
143 8.005610e-02 3.701493e-03
144 7.967851e-02 3.674829e-03
145 7.930317e-02 3.648543e-03
146 7.893006e-02 3.622627e-03
147 7.855915e-02 3.597072e-03
148 7.819041e-02 3.571871e-03
149 7.782383e-02 3.547017e-03
150 7.745937e-02 3.522502e-03
151 7.709702e-02 3.498320e-03
152 7.673676e-02 3.474463e-03
153 7.637855e-02 3.450925e-03
154 7.602239e-02 3.427699e-03
155 7.566824e-02 3.404778e-03
156 7.531609e-02 3.382156e-03
157 7.496591e-02 3.359827e-03
158 7.461770e-02 3.337785e-03
159 7.427142e-02 3.316024e-03
160 7.392706e-02 3.294539e-03
161 7.358459e-02 3.273323e-03
162 7.324401e-02 3.252371e-03
163 7.290529e-02 3.231677e-03
164 7.256842e-02 3.211237e-03
165 7.223337e-02 3.191045e-03
166 7.190014e-02 3.171097e-03
167 7.156869e-02 3.151386e-03
168 7.123903e-02 3.131910e-03
169 7.091112e-02 3.112662e-03
170 7.058496e-02 3.093638e-03
171 7.026053e-02 3.074834e-03
172 6.993782e-02 3.056245e-03
173 6.961680e-02 3.037867e-03
174 6.929747e-02 3.019696e-03
175 6.897981e-02 3.001728e-03
176 6.866380e-02 2.983959e-03
177 6.834944e-02 2.966384e-03
178 6.803670e-02 2.949001e-03
179 6.772558e-02 2.931805e-03
180 6.741606e-02 2.914793e-03
181 6.710812e-02 2.897961e-03
182 6.680177e-02 2.881305e-03
183 6.649697e-02 2.864823e-03
184 6.619373e-02 2.848511e-03
185 6.589202e-02 2.832366e-03
186 6.559184e-02 2.816384e-03
187 6.529318e-02 2.800562e-03
188 6.499602e-02 2.784899e-03
189 6.470035e-02 2.769389e-03
190 6.440616e-02 2.754032e-03
191 6.411343e-02 2.738823e-03
192 6.382217e-02 2.723760e-03
193 6.353235e-02 2.708840e-03
194 6.324397e-02 2.694062e-03
195 6.295702e-02 2.679421e-03
196 6.267149e-02 2.664917e-03
197 6.238735e-02 2.650545e-03
198 6.210462e-02 2.636305e-03
199 6.182327e-02 2.622193e-03
200 6.154330e-02 2.608207e-03
201 6.126470e-02 2.594345e-03
202 6.098745e-02 2.580605e-03
203 6.071155e-02 2.566985e-03
204 6.043700e-02 2.553483e-03
205 6.016377e-02 2.540096e-03
206 5.989186e-02 2.526823e-03
207 5.962127e-02 2.513662e-03
208 5.935198e-02 2.500610e-03
209 5.908398e-02 2.487667e-03
210 5.881728e-02 2.474829e-03
211 5.855185e-02 2.462096e-03
212 5.828769e-02 2.449466e-03
213 5.802480e-02 2.436937e-03
214 5.776316e-02 2.424508e-03
215 5.750277e-02 2.412176e-03
216 5.724361e-02 2.399940e-03
217 5.698569e-02 2.387799e-03
218 5.672899e-02 2.375752e-03
219 5.647351e-02 2.363796e-03
220 5.621924e-02 2.351930e-03
221 5.596617e-02 2.340154e-03
222 5.571429e-02 2.328465e-03
223 5.546360e-02 2.316862e-03
224 5.521409e-02 2.305344e-03
225 5.496575e-02 2.293910e-03
226 5.471858e-02 2.282558e-03
227 5.447257e-02 2.271288e-03
228 5.422771e-02 2.260098e-03
229 5.398399e-02 2.248986e-03
230 5.374142e-02 2.237952e-03
231 5.349998e-02 2.226995e-03
232 5.325966e-02 2.216114e-03
233 5.302047e-02 2.205307e-03
234 5.278238e-02 2.194573e-03
235 5.254541e-02 2.183912e-03
236 5.230954e-02 2.173322e-03
237 5.207476e-02 2.162803e-03
238 5.184107e-02 2.152354e-03
239 5.160846e-02 2.141973e-03
240 5.137693e-02 2.131660e-03
241 5.114647e-02 2.121413e-03
242 5.091707e-02 2.111233e-03
243 5.068874e-02 2.101118e-03
244 5.046146e-02 2.091067e-03
245 5.023522e-02 2.081080e-03
246 5.001003e-02 2.071155e-03
247 4.978588e-02 2.061292e-03
248 4.956275e-02 2.051491e-03
249 4.934065e-02 2.041750e-03
250 4.911958e-02 2.032068e-03
251 4.889951e-02 2.022446e-03
252 4.868046e-02 2.012882e-03
253 4.846241e-02 2.003375e-03
254 4.824536e-02 1.993926e-03
255 4.802930e-02 1.984533e-03
256 4.781423e-02 1.975195e-03
257 4.760015e-02 1.965913e-03
258 4.738704e-02 1.956685e-03
259 4.717491e-02 1.947511e-03
260 4.696374e-02 1.938390e-03
261 4.675354e-02 1.929321e-03
262 4.654430e-02 1.920305e-03
263 4.633601e-02 1.911341e-03
264 4.612867e-02 1.902427e-03
265 4.592227e-02 1.893564e-03
266 4.571681e-02 1.884751e-03
267 4.551229e-02 1.875987e-03
268 4.530870e-02 1.867273e-03
269 4.510603e-02 1.858607e-03
270 4.490429e-02 1.849988e-03
271 4.470345e-02 1.841418e-03
272 4.450354e-02 1.832894e-03
273 4.430452e-02 1.824417e-03
274 4.410641e-02 1.815986e-03
275 4.390920e-02 1.807601e-03
276 4.371288e-02 1.799261e-03
277 4.351746e-02 1.790966e-03
278 4.332291e-02 1.782716e-03
279 4.312925e-02 1.774509e-03
280 4.293646e-02 1.766346e-03
281 4.274455e-02 1.758227e-03
282 4.255350e-02 1.750150e-03
283 4.236332e-02 1.742116e-03
284 4.217399e-02 1.734124e-03
285 4.198553e-02 1.726174e-03
286 4.179791e-02 1.718265e-03
287 4.161114e-02 1.710398e-03
288 4.142521e-02 1.702571e-03
289 4.124012e-02 1.694784e-03
290 4.105587e-02 1.687038e-03
291 4.087244e-02 1.679331e-03
292 4.068985e-02 1.671664e-03
293 4.050808e-02 1.664035e-03
294 4.032712e-02 1.656446e-03
295 4.014698e-02 1.648895e-03
296 3.996766e-02 1.641382e-03
297 3.978914e-02 1.633907e-03
298 3.961142e-02 1.626470e-03
299 3.943450e-02 1.619070e-03
300 3.925838e-02 1.611707e-03
301 3.908306e-02 1.604381e-03
302 3.890852e-02 1.597091e-03
303 3.873476e-02 1.589838e-03
304 3.856179e-02 1.582620e-03
305 3.838960e-02 1.575439e-03
306 3.821817e-02 1.568292e-03
307 3.804752e-02 1.561181e-03
308 3.787764e-02 1.554105e-03
309 3.770852e-02 1.547063e-03
310 3.754016e-02 1.540056e-03
311 3.737255e-02 1.533083e-03
312 3.720570e-02 1.526144e-03
313 3.703959e-02 1.519239e-03
314 3.687423e-02 1.512367e-03
315 3.670962e-02 1.505529e-03
316 3.654574e-02 1.498724e-03
317 3.638260e-02 1.491951e-03
318 3.622019e-02 1.485211e-03
319 3.605850e-02 1.478504e-03
320 3.589755e-02 1.471829e-03
321 3.573731e-02 1.465185e-03
322 3.557779e-02 1.458574e-03
323 3.541899e-02 1.451994e-03
324 3.526090e-02 1.445446e-03
325 3.510352e-02 1.438928e-03
326 3.494684e-02 1.432442e-03
327 3.479087e-02 1.425987e-03
328 3.463559e-02 1.419562e-03
329 3.448101e-02 1.413167e-03
330 3.432712e-02 1.406803e-03
331 3.417392e-02 1.400469e-03
332 3.402141e-02 1.394165e-03
333 3.386958e-02 1.387891e-03
334 3.371843e-02 1.381646e-03
335 3.356796e-02 1.375430e-03
336 3.341816e-02 1.369244e-03
337 3.326903e-02 1.363086e-03
338 3.312056e-02 1.356957e-03
339 3.297277e-02 1.350858e-03
340 3.282563e-02 1.344786e-03
341 3.267915e-02 1.338743e-03
342 3.253333e-02 1.332728e-03
343 3.238816e-02 1.326741e-03
344 3.224364e-02 1.320782e-03
345 3.209977e-02 1.314851e-03
346 3.195654e-02 1.308947e-03
347 3.181395e-02 1.303071e-03
348 3.167199e-02 1.297222e-03
349 3.153068e-02 1.291400e-03
350 3.138999e-02 1.285605e-03
351 3.124993e-02 1.279836e-03
352 3.111050e-02 1.274095e-03
353 3.097170e-02 1.268379e-03
354 3.083351e-02 1.262691e-03
355 3.069594e-02 1.257028e-03
356 3.055899e-02 1.251392e-03
357 3.042265e-02 1.245781e-03
358 3.028692e-02 1.240196e-03
359 3.015179e-02 1.234637e-03
360 3.001727e-02 1.229104e-03
361 2.988335e-02 1.223596e-03
362 2.975003e-02 1.218113e-03
363 2.961730e-02 1.212655e-03
364 2.948517e-02 1.207222e-03
365 2.935363e-02 1.201814e-03
366 2.922267e-02 1.196431e-03
367 2.909230e-02 1.191072e-03
368 2.896252e-02 1.185738e-03
369 2.883331e-02 1.180429e-03
370 2.870468e-02 1.175143e-03
371 2.857662e-02 1.169882e-03
372 2.844914e-02 1.164644e-03
373 2.832222e-02 1.159431e-03
374 2.819588e-02 1.154241e-03
375 2.807009e-02 1.149075e-03
376 2.794487e-02 1.143932e-03
377 2.782021e-02 1.138813e-03
378 2.769611e-02 1.133717e-03
379 2.757256e-02 1.128644e-03
380 2.744956e-02 1.123594e-03
381 2.732711e-02 1.118567e-03
382 2.720520e-02 1.113563e-03
383 2.708385e-02 1.108582e-03
384 2.696303e-02 1.103623e-03
385 2.684275e-02 1.098687e-03
386 2.672301e-02 1.093773e-03
387 2.660381e-02 1.088881e-03
388 2.648513e-02 1.084011e-03
389 2.636699e-02 1.079164e-03
390 2.624937e-02 1.074338e-03
391 2.613228e-02 1.069534e-03
392 2.601572e-02 1.064752e-03
393 2.589967e-02 1.059992e-03
394 2.578414e-02 1.055253e-03
395 2.566913e-02 1.050535e-03
396 2.555463e-02 1.045839e-03
397 2.544064e-02 1.041164e-03
398 2.532716e-02 1.036510e-03
399 2.521418e-02 1.031877e-03
400 2.510171e-02 1.027265e-03
401 2.498975e-02 1.022673e-03
402 2.487828e-02 1.018103e-03
403 2.476731e-02 1.013553e-03
404 2.465683e-02 1.009023e-03
405 2.454685e-02 1.004514e-03
406 2.443736e-02 1.000025e-03
407 2.432836e-02 9.955567e-04
408 2.421985e-02 9.911082e-04
409 2.411182e-02 9.866797e-04
410 2.400427e-02 9.822711e-04
411 2.389720e-02 9.778824e-04
412 2.379061e-02 9.735134e-04
413 2.368449e-02 9.691640e-04
414 2.357885e-02 9.648342e-04
415 2.347368e-02 9.605238e-04
416 2.336898e-02 9.562328e-04
417 2.326475e-02 9.519611e-04
418 2.316098e-02 9.477086e-04
419 2.305768e-02 9.434751e-04
420 2.295483e-02 9.392607e-04
421 2.285245e-02 9.350652e-04
422 2.275052e-02 9.308885e-04
423 2.264905e-02 9.267306e-04
424 2.254803e-02 9.225913e-04
425 2.244746e-02 9.184706e-04
426 2.234734e-02 9.143683e-04
427 2.224766e-02 9.102845e-04
428 2.214844e-02 9.062190e-04
429 2.204965e-02 9.021717e-04
430 2.195131e-02 8.981425e-04
431 2.185340e-02 8.941314e-04
432 2.175593e-02 8.901383e-04
433 2.165890e-02 8.861631e-04
434 2.156230e-02 8.822057e-04
435 2.146613e-02 8.782660e-04
436 2.137039e-02 8.743440e-04
437 2.127507e-02 8.704395e-04
438 2.118018e-02 8.665525e-04
439 2.108572e-02 8.626830e-04
440 2.099168e-02 8.588307e-04
441 2.089805e-02 8.549957e-04
442 2.080485e-02 8.511779e-04
443 2.071206e-02 8.473771e-04
444 2.061968e-02 8.435934e-04
445 2.052772e-02 8.398266e-04
446 2.043617e-02 8.360766e-04
447 2.034502e-02 8.323435e-04
448 2.025429e-02 8.286270e-04
449 2.016395e-02 8.249272e-04
450 2.007402e-02 8.212439e-04
451 1.998450e-02 8.175771e-04
452 1.989537e-02 8.139267e-04
453 1.980664e-02 8.102926e-04
454 1.971830e-02 8.066747e-04
455 1.963036e-02 8.030731e-04
456 1.954281e-02 7.994875e-04
457 1.945566e-02 7.959180e-04
458 1.936889e-02 7.923644e-04
459 1.928251e-02 7.888267e-04
460 1.919651e-02 7.853049e-04
461 1.911090e-02 7.817987e-04
462 1.902567e-02 7.783083e-04
463 1.894082e-02 7.748334e-04
464 1.885635e-02 7.713741e-04
465 1.877226e-02 7.679302e-04
466 1.868854e-02 7.645017e-04
467 1.860519e-02 7.610886e-04
468 1.852222e-02 7.576907e-04
469 1.843962e-02 7.543079e-04
470 1.835738e-02 7.509403e-04
471 1.827552e-02 7.475877e-04
472 1.819401e-02 7.442501e-04
473 1.811288e-02 7.409275e-04
474 1.803210e-02 7.376196e-04
475 1.795169e-02 7.343265e-04
476 1.787163e-02 7.310482e-04
477 1.779193e-02 7.277844e-04
478 1.771259e-02 7.245353e-04
479 1.763360e-02 7.213006e-04
480 1.755496e-02 7.180804e-04
481 1.747668e-02 7.148746e-04
482 1.739874e-02 7.116831e-04
483 1.732115e-02 7.085059e-04
484 1.724391e-02 7.053428e-04
485 1.716701e-02 7.021939e-04
486 1.709046e-02 6.990590e-04
487 1.701425e-02 6.959381e-04
488 1.693837e-02 6.928311e-04
489 1.686284e-02 6.897380e-04
490 1.678764e-02 6.866588e-04
491 1.671278e-02 6.835932e-04
492 1.663826e-02 6.805414e-04
493 1.656406e-02 6.775031e-04
494 1.649020e-02 6.744785e-04
495 1.641667e-02 6.714673e-04
496 1.634346e-02 6.684696e-04
497 1.627058e-02 6.654852e-04
498 1.619803e-02 6.625142e-04
499 1.612580e-02 6.595564e-04
500 1.605389e-02 6.566119e-04
501 1.598231e-02 6.536804e-04
502 1.591104e-02 6.507621e-04
503 1.584009e-02 6.478568e-04
504 1.576946e-02 6.449644e-04
505 1.569914e-02 6.420850e-04
506 1.562914e-02 6.392184e-04
507 1.555945e-02 6.363646e-04
508 1.549007e-02 6.335235e-04
509 1.542100e-02 6.306951e-04
510 1.535224e-02 6.278793e-04
511 1.528379e-02 6.250761e-04
512 1.521564e-02 6.222854e-04
513 1.514780e-02 6.195071e-04
514 1.508026e-02 6.167413e-04
515 1.501302e-02 6.139878e-04
516 1.494608e-02 6.112465e-04
517 1.487944e-02 6.085175e-04
518 1.481309e-02 6.058007e-04
519 1.474705e-02 6.030960e-04
520 1.468129e-02 6.004034e-04
521 1.461583e-02 5.977228e-04
522 1.455067e-02 5.950541e-04
523 1.448579e-02 5.923973e-04
524 1.442121e-02 5.897524e-04
525 1.435691e-02 5.871193e-04
526 1.429290e-02 5.844980e-04
527 1.422917e-02 5.818883e-04
528 1.416573e-02 5.792903e-04
529 1.410257e-02 5.767039e-04
530 1.403970e-02 5.741290e-04
531 1.397710e-02 5.715656e-04
532 1.391479e-02 5.690136e-04
533 1.385275e-02 5.664730e-04
534 1.379099e-02 5.639438e-04
535 1.372951e-02 5.614258e-04
536 1.366830e-02 5.589190e-04
537 1.360736e-02 5.564235e-04
538 1.354670e-02 5.539391e-04
539 1.348630e-02 5.514657e-04
540 1.342618e-02 5.490034e-04
541 1.336632e-02 5.465521e-04
542 1.330674e-02 5.441117e-04
543 1.324741e-02 5.416822e-04
544 1.318836e-02 5.392636e-04
545 1.312956e-02 5.368557e-04
546 1.307103e-02 5.344585e-04
547 1.301276e-02 5.320721e-04
548 1.295475e-02 5.296963e-04
549 1.289700e-02 5.273311e-04
550 1.283951e-02 5.249765e-04
551 1.278227e-02 5.226323e-04
552 1.272529e-02 5.202986e-04
553 1.266856e-02 5.179754e-04
554 1.261209e-02 5.156625e-04
555 1.255587e-02 5.133599e-04
556 1.249990e-02 5.110675e-04
557 1.244418e-02 5.087854e-04
558 1.238871e-02 5.065135e-04
559 1.233349e-02 5.042517e-04
560 1.227851e-02 5.020000e-04
561 1.222378e-02 4.997584e-04
562 1.216929e-02 4.975267e-04
563 1.211505e-02 4.953050e-04
564 1.206105e-02 4.930933e-04
565 1.200729e-02 4.908913e-04
566 1.195377e-02 4.886992e-04
567 1.190049e-02 4.865169e-04
568 1.184744e-02 4.843443e-04
569 1.179464e-02 4.821814e-04
570 1.174207e-02 4.800282e-04
571 1.168973e-02 4.778846e-04
572 1.163763e-02 4.757505e-04
573 1.158576e-02 4.736259e-04
574 1.153412e-02 4.715109e-04
575 1.148271e-02 4.694052e-04
576 1.143154e-02 4.673090e-04
577 1.138059e-02 4.652221e-04
578 1.132986e-02 4.631445e-04
579 1.127937e-02 4.610761e-04
580 1.122910e-02 4.590170e-04
581 1.117905e-02 4.569671e-04
582 1.112923e-02 4.549264e-04
583 1.107963e-02 4.528947e-04
584 1.103026e-02 4.508721e-04
585 1.098110e-02 4.488585e-04
586 1.093216e-02 4.468539e-04
587 1.088344e-02 4.448583e-04
588 1.083494e-02 4.428715e-04
589 1.078666e-02 4.408936e-04
590 1.073859e-02 4.389246e-04
591 1.069073e-02 4.369643e-04
592 1.064309e-02 4.350128e-04
593 1.059566e-02 4.330699e-04
594 1.054845e-02 4.311358e-04
595 1.050144e-02 4.292103e-04
596 1.045465e-02 4.272933e-04
597 1.040806e-02 4.253849e-04
598 1.036168e-02 4.234850e-04
599 1.031551e-02 4.215936e-04
600 1.026955e-02 4.197107e-04
601 1.022379e-02 4.178361e-04
602 1.017823e-02 4.159699e-04
603 1.013288e-02 4.141121e-04
604 1.008773e-02 4.122625e-04
605 1.004278e-02 4.104211e-04
606 9.998036e-03 4.085880e-04
607 9.953489e-03 4.067631e-04
608 9.909142e-03 4.049463e-04
609 9.864992e-03 4.031376e-04
610 9.821039e-03 4.013370e-04
611 9.777283e-03 3.995444e-04
612 9.733722e-03 3.977598e-04
613 9.690356e-03 3.959832e-04
614 9.647183e-03 3.942145e-04
615 9.604203e-03 3.924536e-04
616 9.561416e-03 3.907007e-04
617 9.518819e-03 3.889556e-04
618 9.476413e-03 3.872182e-04
619 9.434196e-03 3.854886e-04
620 9.392167e-03 3.837667e-04
621 9.350327e-03 3.820525e-04
622 9.308673e-03 3.803460e-04
623 9.267205e-03 3.786471e-04
624 9.225923e-03 3.769557e-04
625 9.184825e-03 3.752719e-04
626 9.143911e-03 3.735956e-04
627 9.103179e-03 3.719268e-04
628 9.062630e-03 3.702654e-04
629 9.022261e-03 3.686115e-04
630 8.982073e-03 3.669649e-04
631 8.942064e-03 3.653257e-04
632 8.902234e-03 3.636938e-04
633 8.862582e-03 3.620691e-04
634 8.823108e-03 3.604517e-04
635 8.783809e-03 3.588416e-04
636 8.744686e-03 3.572386e-04
637 8.705738e-03 3.556428e-04
638 8.666964e-03 3.540541e-04
639 8.628363e-03 3.524724e-04
640 8.589935e-03 3.508979e-04
641 8.551678e-03 3.493304e-04
642 8.513592e-03 3.477698e-04
643 8.475677e-03 3.462162e-04
644 8.437930e-03 3.446696e-04
645 8.400353e-03 3.431299e-04
646 8.362943e-03 3.415970e-04
647 8.325700e-03 3.400710e-04
648 8.288624e-03 3.385517e-04
649 8.251714e-03 3.370393e-04
650 8.214968e-03 3.355336e-04
651 8.178386e-03 3.340346e-04
652 8.141968e-03 3.325424e-04
653 8.105713e-03 3.310567e-04
654 8.069620e-03 3.295778e-04
655 8.033688e-03 3.281054e-04
656 7.997916e-03 3.266395e-04
657 7.962305e-03 3.251803e-04
658 7.926852e-03 3.237275e-04
659 7.891558e-03 3.222812e-04
660 7.856422e-03 3.208414e-04
661 7.821442e-03 3.194080e-04
662 7.786619e-03 3.179810e-04
663 7.751951e-03 3.165604e-04
664 7.717439e-03 3.151461e-04
665 7.683080e-03 3.137381e-04
666 7.648876e-03 3.123364e-04
667 7.614823e-03 3.109409e-04
668 7.580924e-03 3.095517e-04
669 7.547175e-03 3.081687e-04
670 7.513578e-03 3.067919e-04
671 7.480130e-03 3.054212e-04
672 7.446832e-03 3.040566e-04
673 7.413683e-03 3.026981e-04
674 7.380682e-03 3.013457e-04
675 7.347828e-03 2.999993e-04
676 7.315121e-03 2.986589e-04
677 7.282561e-03 2.973245e-04
678 7.250146e-03 2.959961e-04
679 7.217875e-03 2.946736e-04
680 7.185749e-03 2.933570e-04
681 7.153767e-03 2.920462e-04
682 7.121927e-03 2.907413e-04
683 7.090230e-03 2.894423e-04
684 7.058674e-03 2.881490e-04
685 7.027260e-03 2.868615e-04
686 6.995985e-03 2.855798e-04
687 6.964851e-03 2.843038e-04
688 6.933856e-03 2.830335e-04
689 6.902999e-03 2.817688e-04
690 6.872280e-03 2.805098e-04
691 6.841698e-03 2.792564e-04
692 6.811253e-03 2.780086e-04
693 6.780945e-03 2.767664e-04
694 6.750771e-03 2.755297e-04
695 6.720733e-03 2.742986e-04
696 6.690828e-03 2.730729e-04
697 6.661058e-03 2.718527e-04
698 6.631420e-03 2.706380e-04
699 6.601915e-03 2.694287e-04
700 6.572542e-03 2.682248e-04
701 6.543300e-03 2.670262e-04
702 6.514188e-03 2.658330e-04
703 6.485207e-03 2.646452e-04
704 6.456356e-03 2.634626e-04
705 6.427633e-03 2.622853e-04
706 6.399039e-03 2.611133e-04
707 6.370572e-03 2.599465e-04
708 6.342233e-03 2.587849e-04
709 6.314020e-03 2.576285e-04
710 6.285934e-03 2.564773e-04
711 6.257973e-03 2.553312e-04
712 6.230137e-03 2.541902e-04
713 6.202425e-03 2.530543e-04
714 6.174838e-03 2.519235e-04
715 6.147373e-03 2.507977e-04
716 6.120032e-03 2.496770e-04
717 6.092812e-03 2.485612e-04
718 6.065715e-03 2.474505e-04
719 6.038738e-03 2.463447e-04
720 6.011882e-03 2.452438e-04
721 5.985146e-03 2.441479e-04
722 5.958530e-03 2.430568e-04
723 5.932032e-03 2.419706e-04
724 5.905653e-03 2.408893e-04
725 5.879392e-03 2.398128e-04
726 5.853248e-03 2.387411e-04
727 5.827222e-03 2.376742e-04
728 5.801311e-03 2.366120e-04
729 5.775517e-03 2.355546e-04
730 5.749837e-03 2.345019e-04
731 5.724273e-03 2.334540e-04
732 5.698822e-03 2.324107e-04
733 5.673486e-03 2.313720e-04
734 5.648263e-03 2.303380e-04
735 5.623152e-03 2.293086e-04
736 5.598154e-03 2.282838e-04
737 5.573268e-03 2.272636e-04
738 5.548492e-03 2.262479e-04
739 5.523828e-03 2.252368e-04
740 5.499274e-03 2.242302e-04
741 5.474829e-03 2.232281e-04
742 5.450494e-03 2.222304e-04
743 5.426268e-03 2.212372e-04
744 5.402150e-03 2.202485e-04
745 5.378140e-03 2.192641e-04
746 5.354237e-03 2.182842e-04
747 5.330441e-03 2.173086e-04
748 5.306752e-03 2.163374e-04
749 5.283168e-03 2.153706e-04
750 5.259690e-03 2.144080e-04
751 5.236317e-03 2.134497e-04
752 5.213048e-03 2.124958e-04
753 5.189883e-03 2.115460e-04
754 5.166822e-03 2.106006e-04
755 5.143864e-03 2.096593e-04
756 5.121009e-03 2.087223e-04
757 5.098256e-03 2.077894e-04
758 5.075604e-03 2.068607e-04
759 5.053054e-03 2.059361e-04
760 5.030605e-03 2.050157e-04
761 5.008256e-03 2.040994e-04
762 4.986007e-03 2.031872e-04
763 4.963857e-03 2.022790e-04
764 4.941807e-03 2.013749e-04
765 4.919855e-03 2.004749e-04
766 4.898001e-03 1.995789e-04
767 4.876245e-03 1.986868e-04
768 4.854587e-03 1.977988e-04
769 4.833025e-03 1.969147e-04
770 4.811559e-03 1.960346e-04
771 4.790190e-03 1.951584e-04
772 4.768916e-03 1.942861e-04
773 4.747737e-03 1.934177e-04
774 4.726653e-03 1.925532e-04
775 4.705663e-03 1.916925e-04
776 4.684767e-03 1.908357e-04
777 4.663965e-03 1.899827e-04
778 4.643256e-03 1.891335e-04
779 4.622639e-03 1.882882e-04
780 4.602114e-03 1.874466e-04
781 4.581681e-03 1.866087e-04
782 4.561340e-03 1.857746e-04
783 4.541089e-03 1.849442e-04
784 4.520930e-03 1.841176e-04
785 4.500860e-03 1.832946e-04
786 4.480880e-03 1.824753e-04
787 4.460989e-03 1.816596e-04
788 4.441187e-03 1.808476e-04
789 4.421474e-03 1.800393e-04
790 4.401849e-03 1.792345e-04
791 4.382312e-03 1.784333e-04
792 4.362862e-03 1.776358e-04
793 4.343500e-03 1.768417e-04
794 4.324223e-03 1.760513e-04
795 4.305033e-03 1.752643e-04
796 4.285929e-03 1.744809e-04
797 4.266911e-03 1.737009e-04
798 4.247977e-03 1.729245e-04
799 4.229128e-03 1.721515e-04
800 4.210363e-03 1.713820e-04
801 4.191683e-03 1.706159e-04
802 4.173086e-03 1.698532e-04
803 4.154572e-03 1.690940e-04
804 4.136140e-03 1.683381e-04
805 4.117792e-03 1.675856e-04
806 4.099525e-03 1.668365e-04
807 4.081340e-03 1.660907e-04
808 4.063236e-03 1.653482e-04
809 4.045214e-03 1.646091e-04
810 4.027272e-03 1.638733e-04
811 4.009410e-03 1.631407e-04
812 3.991628e-03 1.624114e-04
813 3.973926e-03 1.616854e-04
814 3.956303e-03 1.609627e-04
815 3.938759e-03 1.602431e-04
816 3.921293e-03 1.595268e-04
817 3.903905e-03 1.588136e-04
818 3.886595e-03 1.581037e-04
819 3.869363e-03 1.573969e-04
820 3.852208e-03 1.566933e-04
821 3.835129e-03 1.559928e-04
822 3.818127e-03 1.552955e-04
823 3.801201e-03 1.546013e-04
824 3.784350e-03 1.539101e-04
825 3.767575e-03 1.532221e-04
826 3.750875e-03 1.525371e-04
827 3.734250e-03 1.518552e-04
828 3.717699e-03 1.511764e-04
829 3.701223e-03 1.505006e-04
830 3.684819e-03 1.498278e-04
831 3.668490e-03 1.491580e-04
832 3.652233e-03 1.484911e-04
833 3.636049e-03 1.478273e-04
834 3.619938e-03 1.471665e-04
835 3.603898e-03 1.465085e-04
836 3.587931e-03 1.458536e-04
837 3.572035e-03 1.452015e-04
838 3.556210e-03 1.445524e-04
839 3.540455e-03 1.439062e-04
840 3.524772e-03 1.432628e-04
841 3.509158e-03 1.426224e-04
842 3.493614e-03 1.419847e-04
843 3.478140e-03 1.413500e-04
844 3.462735e-03 1.407181e-04
845 3.447399e-03 1.400890e-04
846 3.432132e-03 1.394627e-04
847 3.416933e-03 1.388392e-04
848 3.401802e-03 1.382185e-04
849 3.386738e-03 1.376006e-04
850 3.371743e-03 1.369854e-04
851 3.356814e-03 1.363730e-04
852 3.341952e-03 1.357633e-04
853 3.327156e-03 1.351563e-04
854 3.312427e-03 1.345521e-04
855 3.297764e-03 1.339505e-04
856 3.283166e-03 1.333517e-04
857 3.268634e-03 1.327555e-04
858 3.254166e-03 1.321620e-04
859 3.239764e-03 1.315711e-04
860 3.225426e-03 1.309829e-04
861 3.211152e-03 1.303973e-04
862 3.196942e-03 1.298143e-04
863 3.182795e-03 1.292339e-04
864 3.168712e-03 1.286561e-04
865 3.154692e-03 1.280809e-04
866 3.140734e-03 1.275083e-04
867 3.126840e-03 1.269382e-04
868 3.113007e-03 1.263707e-04
869 3.099236e-03 1.258057e-04
870 3.085527e-03 1.252432e-04
871 3.071879e-03 1.246833e-04
872 3.058292e-03 1.241258e-04
873 3.044767e-03 1.235708e-04
874 3.031301e-03 1.230184e-04
875 3.017896e-03 1.224684e-04
876 3.004551e-03 1.219208e-04
877 2.991266e-03 1.213757e-04
878 2.978040e-03 1.208330e-04
879 2.964873e-03 1.202928e-04
880 2.951766e-03 1.197549e-04
881 2.938717e-03 1.192195e-04
882 2.925726e-03 1.186865e-04
883 2.912794e-03 1.181558e-04
884 2.899919e-03 1.176275e-04
885 2.887102e-03 1.171016e-04
886 2.874343e-03 1.165781e-04
887 2.861640e-03 1.160568e-04
888 2.848995e-03 1.155379e-04
889 2.836406e-03 1.150213e-04
890 2.823874e-03 1.145071e-04
891 2.811397e-03 1.139951e-04
892 2.798977e-03 1.134854e-04
893 2.786612e-03 1.129780e-04
894 2.774302e-03 1.124728e-04
895 2.762048e-03 1.119700e-04
896 2.749848e-03 1.114693e-04
897 2.737703e-03 1.109709e-04
898 2.725613e-03 1.104748e-04
899 2.713576e-03 1.099808e-04
900 2.701594e-03 1.094890e-04
901 2.689665e-03 1.089995e-04
902 2.677789e-03 1.085121e-04
903 2.665967e-03 1.080269e-04
904 2.654198e-03 1.075439e-04
905 2.642481e-03 1.070631e-04
906 2.630817e-03 1.065844e-04
907 2.619205e-03 1.061078e-04
908 2.607645e-03 1.056334e-04
909 2.596137e-03 1.051610e-04
910 2.584681e-03 1.046908e-04
911 2.573275e-03 1.042227e-04
912 2.561921e-03 1.037567e-04
913 2.550618e-03 1.032928e-04
914 2.539365e-03 1.028309e-04
915 2.528163e-03 1.023711e-04
916 2.517011e-03 1.019134e-04
917 2.505909e-03 1.014577e-04
918 2.494856e-03 1.010040e-04
919 2.483853e-03 1.005524e-04
920 2.472900e-03 1.001028e-04
921 2.461995e-03 9.965520e-05
922 2.451139e-03 9.920960e-05
923 2.440332e-03 9.876599e-05
924 2.429574e-03 9.832436e-05
925 2.418863e-03 9.788471e-05
926 2.408201e-03 9.744702e-05
927 2.397586e-03 9.701129e-05
928 2.387019e-03 9.657751e-05
929 2.376499e-03 9.614567e-05
930 2.366026e-03 9.571575e-05
931 2.355601e-03 9.528776e-05
932 2.345221e-03 9.486168e-05
933 2.334889e-03 9.443750e-05
934 2.324603e-03 9.401522e-05
935 2.314363e-03 9.359483e-05
936 2.304168e-03 9.317632e-05
937 2.294020e-03 9.275968e-05
938 2.283917e-03 9.234490e-05
939 2.273859e-03 9.193197e-05
940 2.263846e-03 9.152089e-05
941 2.253878e-03 9.111165e-05
942 2.243955e-03 9.070423e-05
943 2.234076e-03 9.029864e-05
944 2.224242e-03 8.989486e-05
945 2.214451e-03 8.949289e-05
946 2.204705e-03 8.909271e-05
947 2.195002e-03 8.869432e-05
948 2.185343e-03 8.829771e-05
949 2.175727e-03 8.790287e-05
950 2.166154e-03 8.750980e-05
951 2.156624e-03 8.711849e-05
952 2.147136e-03 8.672892e-05
953 2.137691e-03 8.634110e-05
954 2.128289e-03 8.595501e-05
955 2.118929e-03 8.557065e-05
956 2.109610e-03 8.518800e-05
957 2.100334e-03 8.480706e-05
958 2.091099e-03 8.442783e-05
959 2.081905e-03 8.405029e-05
960 2.072753e-03 8.367444e-05
961 2.063641e-03 8.330027e-05
962 2.054571e-03 8.292778e-05
963 2.045541e-03 8.255694e-05
964 2.036552e-03 8.218777e-05
965 2.027603e-03 8.182024e-05
966 2.018694e-03 8.145436e-05
967 2.009825e-03 8.109012e-05
968 2.000996e-03 8.072750e-05
969 1.992206e-03 8.036650e-05
970 1.983456e-03 8.000712e-05
971 1.974745e-03 7.964934e-05
972 1.966073e-03 7.929317e-05
973 1.957440e-03 7.893858e-05
974 1.948846e-03 7.858558e-05
975 1.940290e-03 7.823416e-05
976 1.931773e-03 7.788431e-05
977 1.923294e-03 7.753602e-05
978 1.914853e-03 7.718929e-05
979 1.906450e-03 7.684411e-05
980 1.898084e-03 7.650047e-05
981 1.889756e-03 7.615837e-05
982 1.881465e-03 7.581780e-05
983 1.873212e-03 7.547875e-05
984 1.864996e-03 7.514122e-05
985 1.856816e-03 7.480519e-05
986 1.848673e-03 7.447067e-05
987 1.840567e-03 7.413764e-05
988 1.832497e-03 7.380611e-05
989 1.824463e-03 7.347605e-05
990 1.816465e-03 7.314747e-05
991 1.808504e-03 7.282036e-05
992 1.800577e-03 7.249471e-05
993 1.792687e-03 7.217052e-05
994 1.784832e-03 7.184777e-05
995 1.777012e-03 7.152647e-05
996 1.769227e-03 7.120661e-05
997 1.761477e-03 7.088817e-05
998 1.753762e-03 7.057116e-05
999 1.746082e-03 7.025557e-05
1000 1.738436e-03 6.994138e-05
1001 1.730824e-03 6.962860e-05
1002 1.723247e-03 6.931722e-05
1003 1.715703e-03 6.900723e-05
1004 1.708194e-03 6.869863e-05
1005 1.700718e-03 6.839141e-05
1006 1.693276e-03 6.808556e-05
1007 1.685867e-03 6.778108e-05
1008 1.678491e-03 6.747796e-05
1009 1.671149e-03 6.717619e-05
1010 1.663839e-03 6.687578e-05
1011 1.656562e-03 6.657670e-05
1012 1.649318e-03 6.627897e-05
1013 1.642107e-03 6.598256e-05
1014 1.634928e-03 6.568748e-05
1015 1.627781e-03 6.539372e-05
1016 1.620666e-03 6.510127e-05
1017 1.613583e-03 6.481013e-05
1018 1.606532e-03 6.452029e-05
1019 1.599513e-03 6.423175e-05
1020 1.592525e-03 6.394450e-05
1021 1.585568e-03 6.365853e-05
1022 1.578643e-03 6.337384e-05
1023 1.571749e-03 6.309042e-05
1024 1.564886e-03 6.280827e-05
1025 1.558054e-03 6.252739e-05
1026 1.551252e-03 6.224775e-05
1027 1.544481e-03 6.196937e-05
1028 1.537740e-03 6.169223e-05
1029 1.531030e-03 6.141633e-05
1030 1.524350e-03 6.114167e-05
1031 1.517700e-03 6.086823e-05
1032 1.511080e-03 6.059602e-05
1033 1.504489e-03 6.032502e-05
1034 1.497928e-03 6.005523e-05
1035 1.491397e-03 5.978665e-05
1036 1.484895e-03 5.951928e-05
1037 1.478422e-03 5.925309e-05
1038 1.471978e-03 5.898810e-05
1039 1.465563e-03 5.872429e-05
1040 1.459178e-03 5.846166e-05
1041 1.452820e-03 5.820021e-05
1042 1.446492e-03 5.793992e-05
1043 1.440192e-03 5.768080e-05
1044 1.433920e-03 5.742283e-05
1045 1.427676e-03 5.716602e-05
1046 1.421460e-03 5.691036e-05
1047 1.415273e-03 5.665584e-05
1048 1.409113e-03 5.640246e-05
1049 1.402981e-03 5.615022e-05
1050 1.396876e-03 5.589909e-05
1051 1.390799e-03 5.564910e-05
1052 1.384750e-03 5.540022e-05
1053 1.378727e-03 5.515245e-05
1054 1.372732e-03 5.490579e-05
1055 1.366763e-03 5.466024e-05
1056 1.360822e-03 5.441578e-05
1057 1.354907e-03 5.417241e-05
1058 1.349019e-03 5.393014e-05
1059 1.343157e-03 5.368894e-05
1060 1.337322e-03 5.344883e-05
1061 1.331512e-03 5.320979e-05
1062 1.325730e-03 5.297181e-05
1063 1.319973e-03 5.273490e-05
1064 1.314242e-03 5.249905e-05
1065 1.308536e-03 5.226426e-05
1066 1.302857e-03 5.203051e-05
1067 1.297203e-03 5.179781e-05
1068 1.291574e-03 5.156615e-05
1069 1.285971e-03 5.133553e-05
1070 1.280393e-03 5.110594e-05
1071 1.274840e-03 5.087737e-05
1072 1.269313e-03 5.064983e-05
1073 1.263810e-03 5.042330e-05
1074 1.258331e-03 5.019779e-05
1075 1.252878e-03 4.997328e-05
1076 1.247449e-03 4.974978e-05
1077 1.242045e-03 4.952728e-05
1078 1.236665e-03 4.930577e-05
1079 1.231309e-03 4.908526e-05
1080 1.225977e-03 4.886572e-05
1081 1.220669e-03 4.864718e-05
1082 1.215385e-03 4.842960e-05
1083 1.210125e-03 4.821300e-05
1084 1.204889e-03 4.799737e-05
1085 1.199676e-03 4.778271e-05
1086 1.194487e-03 4.756900e-05
1087 1.189321e-03 4.735625e-05
1088 1.184179e-03 4.714445e-05
1089 1.179060e-03 4.693360e-05
1090 1.173963e-03 4.672369e-05
1091 1.168890e-03 4.651472e-05
1092 1.163840e-03 4.630668e-05
1093 1.158812e-03 4.609957e-05
1094 1.153807e-03 4.589339e-05
1095 1.148825e-03 4.568814e-05
1096 1.143865e-03 4.548380e-05
1097 1.138927e-03 4.528037e-05
1098 1.134012e-03 4.507785e-05
1099 1.129119e-03 4.487624e-05
1100 1.124248e-03 4.467553e-05
1101 1.119399e-03 4.447572e-05
1102 1.114571e-03 4.427680e-05
1103 1.109766e-03 4.407877e-05
1104 1.104982e-03 4.388162e-05
1105 1.100220e-03 4.368536e-05
1106 1.095480e-03 4.348998e-05
1107 1.090760e-03 4.329547e-05
1108 1.086063e-03 4.310182e-05
1109 1.081386e-03 4.290905e-05
1110 1.076730e-03 4.271714e-05
1111 1.072096e-03 4.252608e-05
1112 1.067482e-03 4.233588e-05
1113 1.062889e-03 4.214653e-05
1114 1.058317e-03 4.195803e-05
1115 1.053766e-03 4.177036e-05
1116 1.049235e-03 4.158354e-05
1117 1.044724e-03 4.139756e-05
1118 1.040234e-03 4.121240e-05
1119 1.035765e-03 4.102808e-05
1120 1.031315e-03 4.084457e-05
1121 1.026886e-03 4.066189e-05
1122 1.022476e-03 4.048003e-05
1123 1.018087e-03 4.029898e-05
1124 1.013717e-03 4.011873e-05
1125 1.009368e-03 3.993930e-05
1126 1.005037e-03 3.976066e-05
1127 1.000727e-03 3.958283e-05
1128 9.964356e-04 3.940579e-05
1129 9.921639e-04 3.922954e-05
1130 9.879115e-04 3.905408e-05
1131 9.836783e-04 3.887941e-05
1132 9.794643e-04 3.870551e-05
1133 9.752694e-04 3.853240e-05
1134 9.710934e-04 3.836005e-05
1135 9.669363e-04 3.818848e-05
1136 9.627981e-04 3.801768e-05
1137 9.586786e-04 3.784764e-05
1138 9.545777e-04 3.767836e-05
1139 9.504954e-04 3.750984e-05
1140 9.464315e-04 3.734207e-05
1141 9.423861e-04 3.717505e-05
1142 9.383590e-04 3.700878e-05
1143 9.343501e-04 3.684325e-05
1144 9.303594e-04 3.667846e-05
1145 9.263868e-04 3.651441e-05
1146 9.224321e-04 3.635109e-05
1147 9.184954e-04 3.618850e-05
1148 9.145765e-04 3.602664e-05
1149 9.106754e-04 3.586550e-05
1150 9.067919e-04 3.570509e-05
1151 9.029261e-04 3.554539e-05
1152 8.990778e-04 3.538640e-05
1153 8.952469e-04 3.522813e-05
1154 8.914334e-04 3.507057e-05
1155 8.876372e-04 3.491370e-05
1156 8.838582e-04 3.475754e-05
1157 8.800964e-04 3.460208e-05
1158 8.763516e-04 3.444732e-05
1159 8.726238e-04 3.429324e-05
1160 8.689129e-04 3.413986e-05
1161 8.652189e-04 3.398716e-05
1162 8.615416e-04 3.383514e-05
1163 8.578810e-04 3.368381e-05
1164 8.542371e-04 3.353315e-05
1165 8.506096e-04 3.338316e-05
1166 8.469987e-04 3.323385e-05
1167 8.434041e-04 3.308520e-05
1168 8.398259e-04 3.293722e-05
1169 8.362639e-04 3.278990e-05
1170 8.327182e-04 3.264324e-05
1171 8.291885e-04 3.249723e-05
1172 8.256749e-04 3.235188e-05
1173 8.221772e-04 3.220717e-05
1174 8.186954e-04 3.206312e-05
1175 8.152295e-04 3.191971e-05
1176 8.117793e-04 3.177694e-05
1177 8.083448e-04 3.163480e-05
1178 8.049260e-04 3.149331e-05
1179 8.015226e-04 3.135244e-05
1180 7.981348e-04 3.121221e-05
1181 7.947624e-04 3.107260e-05
1182 7.914053e-04 3.093362e-05
1183 7.880635e-04 3.079526e-05
1184 7.847369e-04 3.065752e-05
1185 7.814255e-04 3.052040e-05
1186 7.781291e-04 3.038388e-05
1187 7.748478e-04 3.024798e-05
1188 7.715814e-04 3.011269e-05
1189 7.683299e-04 2.997800e-05
1190 7.650931e-04 2.984391e-05
1191 7.618712e-04 2.971042e-05
1192 7.586639e-04 2.957753e-05
1193 7.554712e-04 2.944524e-05
1194 7.522931e-04 2.931354e-05
1195 7.491295e-04 2.918242e-05
1196 7.459803e-04 2.905189e-05
1197 7.428455e-04 2.892195e-05
1198 7.397250e-04 2.879258e-05
1199 7.366187e-04 2.866380e-05
1200 7.335266e-04 2.853559e-05
1201 7.304486e-04 2.840795e-05
1202 7.273846e-04 2.828089e-05
1203 7.243347e-04 2.815439e-05
1204 7.212986e-04 2.802846e-05
1205 7.182764e-04 2.790309e-05
1206 7.152681e-04 2.777829e-05
1207 7.122735e-04 2.765404e-05
1208 7.092925e-04 2.753034e-05
1209 7.063252e-04 2.740720e-05
1210 7.033714e-04 2.728461e-05
1211 7.004312e-04 2.716257e-05
1212 6.975044e-04 2.704108e-05
1213 6.945910e-04 2.692013e-05
1214 6.916909e-04 2.679971e-05
1215 6.888040e-04 2.667984e-05
1216 6.859304e-04 2.656051e-05
1217 6.830699e-04 2.644170e-05
1218 6.802226e-04 2.632343e-05
1219 6.773882e-04 2.620569e-05
1220 6.745669e-04 2.608847e-05
1221 6.717584e-04 2.597178e-05
1222 6.689629e-04 2.585561e-05
1223 6.661801e-04 2.573996e-05
1224 6.634101e-04 2.562483e-05
1225 6.606528e-04 2.551021e-05
1226 6.579081e-04 2.539611e-05
1227 6.551760e-04 2.528251e-05
1228 6.524565e-04 2.516942e-05
1229 6.497494e-04 2.505684e-05
1230 6.470547e-04 2.494476e-05
1231 6.443724e-04 2.483319e-05
1232 6.417025e-04 2.472211e-05
1233 6.390447e-04 2.461153e-05
1234 6.363992e-04 2.450144e-05
1235 6.337659e-04 2.439185e-05
1236 6.311446e-04 2.428275e-05
1237 6.285354e-04 2.417413e-05
1238 6.259381e-04 2.406600e-05
1239 6.233528e-04 2.395836e-05
1240 6.207794e-04 2.385119e-05
1241 6.182179e-04 2.374451e-05
1242 6.156681e-04 2.363830e-05
1243 6.131300e-04 2.353256e-05
1244 6.106036e-04 2.342730e-05
1245 6.080889e-04 2.332251e-05
1246 6.055857e-04 2.321819e-05
1247 6.030941e-04 2.311434e-05
1248 6.006139e-04 2.301095e-05
1249 5.981452e-04 2.290802e-05
1250 5.956878e-04 2.280555e-05
1251 5.932418e-04 2.270354e-05
1252 5.908070e-04 2.260199e-05
1253 5.883835e-04 2.250089e-05
1254 5.859712e-04 2.240025e-05
1255 5.835699e-04 2.230005e-05
1256 5.811798e-04 2.220030e-05
1257 5.788007e-04 2.210100e-05
1258 5.764326e-04 2.200214e-05
1259 5.740754e-04 2.190373e-05
1260 5.717291e-04 2.180575e-05
1261 5.693937e-04 2.170821e-05
1262 5.670690e-04 2.161111e-05
1263 5.647551e-04 2.151445e-05
1264 5.624519e-04 2.141821e-05
1265 5.601594e-04 2.132241e-05
1266 5.578774e-04 2.122703e-05
1267 5.556060e-04 2.113208e-05
1268 5.533452e-04 2.103756e-05
1269 5.510948e-04 2.094346e-05
1270 5.488548e-04 2.084978e-05
1271 5.466252e-04 2.075652e-05
1272 5.444059e-04 2.066367e-05
1273 5.421970e-04 2.057124e-05
1274 5.399982e-04 2.047923e-05
1275 5.378097e-04 2.038762e-05
1276 5.356313e-04 2.029643e-05
1277 5.334631e-04 2.020564e-05
1278 5.313048e-04 2.011526e-05
1279 5.291567e-04 2.002528e-05
1280 5.270185e-04 1.993571e-05
1281 5.248902e-04 1.984654e-05
1282 5.227718e-04 1.975776e-05
1283 5.206633e-04 1.966938e-05
1284 5.185645e-04 1.958140e-05
1285 5.164756e-04 1.949381e-05
1286 5.143963e-04 1.940662e-05
1287 5.123268e-04 1.931981e-05
1288 5.102668e-04 1.923339e-05
1289 5.082165e-04 1.914736e-05
1290 5.061757e-04 1.906171e-05
1291 5.041445e-04 1.897645e-05
1292 5.021227e-04 1.889157e-05
1293 5.001103e-04 1.880706e-05
1294 4.981073e-04 1.872294e-05
1295 4.961136e-04 1.863919e-05
1296 4.941293e-04 1.855581e-05
1297 4.921542e-04 1.847281e-05
1298 4.901884e-04 1.839018e-05
1299 4.882317e-04 1.830792e-05
1300 4.862842e-04 1.822603e-05
1301 4.843458e-04 1.814450e-05
1302 4.824165e-04 1.806334e-05
1303 4.804961e-04 1.798254e-05
1304 4.785848e-04 1.790210e-05
1305 4.766824e-04 1.782203e-05
1306 4.747890e-04 1.774231e-05
1307 4.729044e-04 1.766294e-05
1308 4.710286e-04 1.758393e-05
1309 4.691616e-04 1.750528e-05
1310 4.673034e-04 1.742698e-05
1311 4.654539e-04 1.734902e-05
1312 4.636131e-04 1.727142e-05
1313 4.617809e-04 1.719416e-05
1314 4.599573e-04 1.711725e-05
1315 4.581423e-04 1.704069e-05
1316 4.563358e-04 1.696446e-05
1317 4.545378e-04 1.688858e-05
1318 4.527483e-04 1.681303e-05
1319 4.509672e-04 1.673783e-05
1320 4.491945e-04 1.666296e-05
1321 4.474301e-04 1.658842e-05
1322 4.456740e-04 1.651422e-05
1323 4.439263e-04 1.644035e-05
1324 4.421867e-04 1.636681e-05
1325 4.404554e-04 1.629360e-05
1326 4.387322e-04 1.622071e-05
1327 4.370171e-04 1.614816e-05
1328 4.353102e-04 1.607592e-05
1329 4.336113e-04 1.600401e-05
1330 4.319205e-04 1.593243e-05
1331 4.302376e-04 1.586116e-05
1332 4.285627e-04 1.579021e-05
1333 4.268957e-04 1.571958e-05
1334 4.252366e-04 1.564926e-05
1335 4.235854e-04 1.557926e-05
1336 4.219420e-04 1.550957e-05
1337 4.203063e-04 1.544020e-05
1338 4.186785e-04 1.537113e-05
1339 4.170583e-04 1.530237e-05
1340 4.154459e-04 1.523392e-05
1341 4.138411e-04 1.516578e-05
1342 4.122439e-04 1.509794e-05
1343 4.106543e-04 1.503041e-05
1344 4.090722e-04 1.496317e-05
1345 4.074977e-04 1.489624e-05
1346 4.059307e-04 1.482961e-05
1347 4.043711e-04 1.476327e-05
1348 4.028190e-04 1.469723e-05
1349 4.012742e-04 1.463149e-05
1350 3.997368e-04 1.456604e-05
1351 3.982067e-04 1.450089e-05
1352 3.966840e-04 1.443602e-05
1353 3.951685e-04 1.437145e-05
1354 3.936602e-04 1.430716e-05
1355 3.921592e-04 1.424316e-05
1356 3.906653e-04 1.417945e-05
1357 3.891785e-04 1.411602e-05
1358 3.876989e-04 1.405288e-05
1359 3.862264e-04 1.399002e-05
1360 3.847609e-04 1.392744e-05
1361 3.833024e-04 1.386514e-05
1362 3.818509e-04 1.380312e-05
1363 3.804064e-04 1.374137e-05
1364 3.789688e-04 1.367991e-05
1365 3.775381e-04 1.361871e-05
1366 3.761142e-04 1.355779e-05
1367 3.746972e-04 1.349715e-05
1368 3.732871e-04 1.343677e-05
1369 3.718837e-04 1.337667e-05
1370 3.704870e-04 1.331683e-05
1371 3.690971e-04 1.325726e-05
1372 3.677139e-04 1.319796e-05
1373 3.663373e-04 1.313892e-05
1374 3.649674e-04 1.308015e-05
1375 3.636041e-04 1.302164e-05
1376 3.622473e-04 1.296339e-05
1377 3.608971e-04 1.290540e-05
1378 3.595535e-04 1.284768e-05
1379 3.582163e-04 1.279021e-05
1380 3.568856e-04 1.273299e-05
1381 3.555613e-04 1.267604e-05
1382 3.542435e-04 1.261933e-05
1383 3.529320e-04 1.256288e-05
1384 3.516269e-04 1.250669e-05
1385 3.503281e-04 1.245074e-05
1386 3.490356e-04 1.239505e-05
1387 3.477494e-04 1.233960e-05
1388 3.464694e-04 1.228441e-05
1389 3.451957e-04 1.222945e-05
1390 3.439281e-04 1.217475e-05
1391 3.426668e-04 1.212029e-05
1392 3.414115e-04 1.206607e-05
1393 3.401624e-04 1.201210e-05
1394 3.389194e-04 1.195837e-05
1395 3.376824e-04 1.190487e-05
1396 3.364514e-04 1.185162e-05
1397 3.352265e-04 1.179861e-05
1398 3.340075e-04 1.174583e-05
1399 3.327946e-04 1.169329e-05
1400 3.315875e-04 1.164098e-05
1401 3.303863e-04 1.158891e-05
1402 3.291911e-04 1.153707e-05
1403 3.280016e-04 1.148546e-05
1404 3.268181e-04 1.143408e-05
1405 3.256403e-04 1.138294e-05
1406 3.244683e-04 1.133202e-05
1407 3.233020e-04 1.128133e-05
1408 3.221415e-04 1.123086e-05
1409 3.209867e-04 1.118062e-05
1410 3.198376e-04 1.113061e-05
1411 3.186941e-04 1.108082e-05
1412 3.175563e-04 1.103125e-05
1413 3.164240e-04 1.098191e-05
1414 3.152974e-04 1.093278e-05
1415 3.141763e-04 1.088388e-05
1416 3.130607e-04 1.083519e-05
1417 3.119507e-04 1.078672e-05
1418 3.108461e-04 1.073847e-05
1419 3.097470e-04 1.069044e-05
1420 3.086534e-04 1.064262e-05
1421 3.075652e-04 1.059501e-05
1422 3.064823e-04 1.054761e-05
1423 3.054049e-04 1.050043e-05
1424 3.043327e-04 1.045346e-05
1425 3.032660e-04 1.040670e-05
1426 3.022045e-04 1.036015e-05
1427 3.011483e-04 1.031381e-05
1428 3.000973e-04 1.026767e-05
1429 2.990516e-04 1.022174e-05
1430 2.980111e-04 1.017601e-05
1431 2.969757e-04 1.013049e-05
1432 2.959456e-04 1.008518e-05
1433 2.949206e-04 1.004006e-05
1434 2.939007e-04 9.995153e-06
1435 2.928859e-04 9.950442e-06
1436 2.918762e-04 9.905931e-06
1437 2.908715e-04 9.861620e-06
1438 2.898719e-04 9.817506e-06
1439 2.888772e-04 9.773590e-06
1440 2.878876e-04 9.729870e-06
1441 2.869029e-04 9.686346e-06
1442 2.859232e-04 9.643016e-06
1443 2.849484e-04 9.599880e-06
1444 2.839786e-04 9.556937e-06
1445 2.830135e-04 9.514187e-06
1446 2.820534e-04 9.471627e-06
1447 2.810981e-04 9.429258e-06
1448 2.801476e-04 9.387079e-06
1449 2.792019e-04 9.345088e-06
1450 2.782610e-04 9.303284e-06
1451 2.773249e-04 9.261668e-06
1452 2.763935e-04 9.220238e-06
1453 2.754668e-04 9.178994e-06
1454 2.745448e-04 9.137934e-06
1455 2.736274e-04 9.097057e-06
1456 2.727148e-04 9.056363e-06
1457 2.718067e-04 9.015852e-06
1458 2.709033e-04 8.975521e-06
1459 2.700045e-04 8.935371e-06
1460 2.691102e-04 8.895401e-06
1461 2.682205e-04 8.855609e-06
1462 2.673353e-04 8.815996e-06
1463 2.664547e-04 8.776559e-06
1464 2.655785e-04 8.737299e-06
1465 2.647068e-04 8.698215e-06
1466 2.638396e-04 8.659305e-06
1467 2.629768e-04 8.620570e-06
1468 2.621184e-04 8.582007e-06
1469 2.612644e-04 8.543618e-06
1470 2.604148e-04 8.505400e-06
1471 2.595696e-04 8.467353e-06
1472 2.587287e-04 8.429476e-06
1473 2.578921e-04 8.391768e-06
1474 2.570598e-04 8.354229e-06
1475 2.562318e-04 8.316858e-06
1476 2.554081e-04 8.279655e-06
1477 2.545886e-04 8.242617e-06
1478 2.537733e-04 8.205746e-06
1479 2.529623e-04 8.169039e-06
1480 2.521554e-04 8.132496e-06
1481 2.513527e-04 8.096117e-06
1482 2.505542e-04 8.059901e-06
1483 2.497598e-04 8.023847e-06
1484 2.489695e-04 7.987954e-06
1485 2.481834e-04 7.952221e-06
1486 2.474012e-04 7.916648e-06
1487 2.466232e-04 7.881235e-06
1488 2.458492e-04 7.845980e-06
1489 2.450793e-04 7.810882e-06
1490 2.443133e-04 7.775942e-06
1491 2.435513e-04 7.741158e-06
1492 2.427933e-04 7.706529e-06
1493 2.420393e-04 7.672056e-06
1494 2.412892e-04 7.637736e-06
1495 2.405430e-04 7.603570e-06
1496 2.398008e-04 7.569557e-06
1497 2.390624e-04 7.535696e-06
1498 2.383279e-04 7.501987e-06
1499 2.375972e-04 7.468428e-06
1500 2.368704e-04 7.435019e-06
1501 2.361474e-04 7.401760e-06
1502 2.354282e-04 7.368650e-06
1503 2.347128e-04 7.335687e-06
1504 2.340011e-04 7.302873e-06
1505 2.332932e-04 7.270205e-06
1506 2.325891e-04 7.237683e-06
1507 2.318886e-04 7.205306e-06
1508 2.311919e-04 7.173075e-06
1509 2.304988e-04 7.140987e-06
1510 2.298094e-04 7.109043e-06
1511 2.291237e-04 7.077242e-06
1512 2.284416e-04 7.045584e-06
1513 2.277631e-04 7.014066e-06
1514 2.270882e-04 6.982690e-06
1515 2.264169e-04 6.951454e-06
1516 2.257492e-04 6.920358e-06
1517 2.250850e-04 6.889401e-06
1518 2.244244e-04 6.858583e-06
1519 2.237673e-04 6.827902e-06
1520 2.231136e-04 6.797359e-06
1521 2.224635e-04 6.766952e-06
1522 2.218169e-04 6.736681e-06
1523 2.211737e-04 6.706546e-06
1524 2.205340e-04 6.676545e-06
1525 2.198977e-04 6.646679e-06
1526 2.192648e-04 6.616946e-06
1527 2.186353e-04 6.587346e-06
1528 2.180092e-04 6.557879e-06
1529 2.173864e-04 6.528543e-06
1530 2.167670e-04 6.499339e-06
1531 2.161510e-04 6.470265e-06
1532 2.155383e-04 6.441322e-06
1533 2.149288e-04 6.412507e-06
1534 2.143227e-04 6.383822e-06
1535 2.137198e-04 6.355265e-06
1536 2.131202e-04 6.326836e-06
1537 2.125239e-04 6.298534e-06
1538 2.119307e-04 6.270359e-06
1539 2.113408e-04 6.242309e-06
1540 2.107541e-04 6.214385e-06
1541 2.101706e-04 6.186586e-06
1542 2.095903e-04 6.158911e-06
1543 2.090131e-04 6.131361e-06
1544 2.084390e-04 6.103933e-06
1545 2.078681e-04 6.076628e-06
1546 2.073003e-04 6.049445e-06
1547 2.067356e-04 6.022384e-06
1548 2.061740e-04 5.995444e-06
1549 2.056155e-04 5.968624e-06
1550 2.050600e-04 5.941924e-06
1551 2.045075e-04 5.915344e-06
1552 2.039581e-04 5.888883e-06
1553 2.034117e-04 5.862540e-06
1554 2.028683e-04 5.836314e-06
1555 2.023279e-04 5.810207e-06
1556 2.017905e-04 5.784216e-06
1557 2.012560e-04 5.758341e-06
1558 2.007245e-04 5.732582e-06
1559 2.001959e-04 5.706938e-06
1560 1.996702e-04 5.681409e-06
1561 1.991474e-04 5.655994e-06
1562 1.986275e-04 5.630693e-06
1563 1.981105e-04 5.605505e-06
1564 1.975964e-04 5.580429e-06
1565 1.970851e-04 5.555466e-06
1566 1.965766e-04 5.530614e-06
1567 1.960710e-04 5.505874e-06
1568 1.955682e-04 5.481244e-06
1569 1.950681e-04 5.456725e-06
1570 1.945709e-04 5.432315e-06
1571 1.940764e-04 5.408014e-06
1572 1.935847e-04 5.383822e-06
1573 1.930957e-04 5.359739e-06
1574 1.926095e-04 5.335763e-06
1575 1.921260e-04 5.311894e-06
1576 1.916452e-04 5.288132e-06
1577 1.911671e-04 5.264476e-06
1578 1.906916e-04 5.240926e-06
1579 1.902188e-04 5.217482e-06
1580 1.897487e-04 5.194142e-06
1581 1.892812e-04 5.170907e-06
1582 1.888164e-04 5.147775e-06
1583 1.883542e-04 5.124748e-06
1584 1.878945e-04 5.101823e-06
1585 1.874375e-04 5.079000e-06
1586 1.869830e-04 5.056280e-06
1587 1.865311e-04 5.033662e-06
1588 1.860818e-04 5.011144e-06
1589 1.856350e-04 4.988728e-06
1590 1.851907e-04 4.966411e-06
1591 1.847490e-04 4.944195e-06
1592 1.843097e-04 4.922077e-06
1593 1.838730e-04 4.900059e-06
1594 1.834387e-04 4.878139e-06
1595 1.830069e-04 4.856318e-06
1596 1.825776e-04 4.834594e-06
1597 1.821506e-04 4.812967e-06
1598 1.817262e-04 4.791437e-06
1599 1.813041e-04 4.770003e-06
1600 1.808845e-04 4.748665e-06
1601 1.804672e-04 4.727422e-06
1602 1.800524e-04 4.706275e-06
1603 1.796399e-04 4.685222e-06
1604 1.792298e-04 4.664263e-06
1605 1.788220e-04 4.643398e-06
1606 1.784166e-04 4.622626e-06
1607 1.780134e-04 4.601948e-06
1608 1.776126e-04 4.581361e-06
1609 1.772142e-04 4.560867e-06
1610 1.768180e-04 4.540465e-06
1611 1.764240e-04 4.520154e-06
1612 1.760324e-04 4.499933e-06
1613 1.756430e-04 4.479803e-06
1614 1.752559e-04 4.459764e-06
1615 1.748709e-04 4.439813e-06
1616 1.744883e-04 4.419952e-06
1617 1.741078e-04 4.400180e-06
1618 1.737295e-04 4.380497e-06
1619 1.733535e-04 4.360901e-06
1620 1.729796e-04 4.341393e-06
1621 1.726078e-04 4.321972e-06
1622 1.722383e-04 4.302639e-06
1623 1.718708e-04 4.283391e-06
1624 1.715056e-04 4.264230e-06
1625 1.711424e-04 4.245155e-06
1626 1.707814e-04 4.226164e-06
1627 1.704224e-04 4.207259e-06
1628 1.700656e-04 4.188438e-06
1629 1.697108e-04 4.169702e-06
1630 1.693581e-04 4.151049e-06
1631 1.690075e-04 4.132480e-06
1632 1.686589e-04 4.113994e-06
1633 1.683124e-04 4.095590e-06
1634 1.679679e-04 4.077269e-06
1635 1.676254e-04 4.059030e-06
1636 1.672849e-04 4.040873e-06
1637 1.669464e-04 4.022796e-06
1638 1.666099e-04 4.004801e-06
1639 1.662754e-04 3.986886e-06
1640 1.659428e-04 3.969051e-06
1641 1.656123e-04 3.951296e-06
1642 1.652836e-04 3.933620e-06
1643 1.649569e-04 3.916023e-06
1644 1.646321e-04 3.898506e-06
1645 1.643093e-04 3.881066e-06
1646 1.639883e-04 3.863704e-06
1647 1.636693e-04 3.846421e-06
1648 1.633521e-04 3.829214e-06
1649 1.630368e-04 3.812085e-06
1650 1.627234e-04 3.795032e-06
1651 1.624118e-04 3.778055e-06
1652 1.621021e-04 3.761154e-06
1653 1.617942e-04 3.744329e-06
1654 1.614882e-04 3.727579e-06
1655 1.611840e-04 3.710904e-06
1656 1.608815e-04 3.694304e-06
1657 1.605809e-04 3.677778e-06
1658 1.602821e-04 3.661326e-06
1659 1.599850e-04 3.644947e-06
1660 1.596898e-04 3.628642e-06
1661 1.593962e-04 3.612410e-06
1662 1.591045e-04 3.596250e-06
1663 1.588145e-04 3.580163e-06
1664 1.585262e-04 3.564147e-06
1665 1.582396e-04 3.548203e-06
1666 1.579548e-04 3.532331e-06
1667 1.576716e-04 3.516529e-06
1668 1.573902e-04 3.500798e-06
1669 1.571104e-04 3.485138e-06
1670 1.568323e-04 3.469548e-06
1671 1.565559e-04 3.454027e-06
1672 1.562812e-04 3.438576e-06
1673 1.560081e-04 3.423193e-06
1674 1.557366e-04 3.407880e-06
1675 1.554668e-04 3.392635e-06
1676 1.551986e-04 3.377459e-06
1677 1.549320e-04 3.362350e-06
1678 1.546671e-04 3.347309e-06
1679 1.544037e-04 3.332335e-06
1680 1.541419e-04 3.317428e-06
1681 1.538817e-04 3.302588e-06
1682 1.536231e-04 3.287814e-06
1683 1.533660e-04 3.273107e-06
1684 1.531105e-04 3.258465e-06
1685 1.528565e-04 3.243888e-06
1686 1.526041e-04 3.229377e-06
1687 1.523532e-04 3.214931e-06
1688 1.521038e-04 3.200549e-06
1689 1.518560e-04 3.186232e-06
1690 1.516096e-04 3.171978e-06
1691 1.513647e-04 3.157789e-06
1692 1.511214e-04 3.143663e-06
1693 1.508795e-04 3.129600e-06
1694 1.506390e-04 3.115600e-06
1695 1.504001e-04 3.101663e-06
1696 1.501626e-04 3.087788e-06
1697 1.499265e-04 3.073975e-06
1698 1.496919e-04 3.060224e-06
1699 1.494587e-04 3.046534e-06
1700 1.492269e-04 3.032906e-06
1701 1.489965e-04 3.019338e-06
1702 1.487676e-04 3.005831e-06
1703 1.485400e-04 2.992385e-06
1704 1.483139e-04 2.978999e-06
1705 1.480891e-04 2.965673e-06
1706 1.478657e-04 2.952406e-06
1707 1.476437e-04 2.939199e-06
1708 1.474230e-04 2.926051e-06
1709 1.472037e-04 2.912961e-06
1710 1.469857e-04 2.899930e-06
1711 1.467690e-04 2.886958e-06
1712 1.465537e-04 2.874043e-06
1713 1.463397e-04 2.861186e-06
1714 1.461270e-04 2.848387e-06
1715 1.459156e-04 2.835645e-06
1716 1.457056e-04 2.822960e-06
1717 1.454968e-04 2.810332e-06
1718 1.452893e-04 2.797760e-06
1719 1.450830e-04 2.785245e-06
1720 1.448781e-04 2.772785e-06
1721 1.446744e-04 2.760381e-06
1722 1.444719e-04 2.748033e-06
1723 1.442707e-04 2.735740e-06
1724 1.440708e-04 2.723502e-06
1725 1.438721e-04 2.711318e-06
1726 1.436746e-04 2.699190e-06
1727 1.434783e-04 2.687115e-06
1728 1.432832e-04 2.675094e-06
1729 1.430894e-04 2.663128e-06
1730 1.428967e-04 2.651214e-06
1731 1.427052e-04 2.639354e-06
1732 1.425149e-04 2.627547e-06
1733 1.423258e-04 2.615793e-06
1734 1.421379e-04 2.604092e-06
1735 1.419511e-04 2.592443e-06
1736 1.417655e-04 2.580845e-06
1737 1.415810e-04 2.569300e-06
1738 1.413976e-04 2.557807e-06
1739 1.412154e-04 2.546365e-06
1740 1.410344e-04 2.534974e-06
1741 1.408544e-04 2.523634e-06
1742 1.406756e-04 2.512344e-06
1743 1.404979e-04 2.501106e-06
1744 1.403213e-04 2.489917e-06
1745 1.401457e-04 2.478779e-06
1746 1.399713e-04 2.467690e-06
1747 1.397979e-04 2.456651e-06
1748 1.396257e-04 2.445661e-06
1749 1.394545e-04 2.434721e-06
1750 1.392843e-04 2.423829e-06
1751 1.391152e-04 2.412987e-06
1752 1.389472e-04 2.402192e-06
1753 1.387802e-04 2.391446e-06
1754 1.386143e-04 2.380748e-06
1755 1.384494e-04 2.370098e-06
1756 1.382855e-04 2.359496e-06
1757 1.381226e-04 2.348941e-06
1758 1.379608e-04 2.338433e-06
1759 1.377999e-04 2.327972e-06
1760 1.376401e-04 2.317558e-06
1761 1.374812e-04 2.307191e-06
1762 1.373234e-04 2.296870e-06
1763 1.371665e-04 2.286595e-06
1764 1.370106e-04 2.276366e-06
1765 1.368557e-04 2.266183e-06
1766 1.367017e-04 2.256045e-06
1767 1.365487e-04 2.245953e-06
1768 1.363967e-04 2.235906e-06
1769 1.362456e-04 2.225904e-06
1770 1.360954e-04 2.215946e-06
1771 1.359462e-04 2.206034e-06
1772 1.357979e-04 2.196165e-06
1773 1.356506e-04 2.186341e-06
1774 1.355041e-04 2.176560e-06
1775 1.353586e-04 2.166824e-06
1776 1.352140e-04 2.157130e-06
1777 1.350703e-04 2.147481e-06
1778 1.349275e-04 2.137874e-06
1779 1.347856e-04 2.128310e-06
1780 1.346445e-04 2.118790e-06
1781 1.345044e-04 2.109311e-06
1782 1.343651e-04 2.099876e-06
1783 1.342267e-04 2.090482e-06
1784 1.340892e-04 2.081130e-06
1785 1.339525e-04 2.071821e-06
1786 1.338167e-04 2.062552e-06
1787 1.336817e-04 2.053326e-06
1788 1.335476e-04 2.044140e-06
1789 1.334143e-04 2.034996e-06
1790 1.332819e-04 2.025893e-06
1791 1.331502e-04 2.016830e-06
1792 1.330194e-04 2.007808e-06
1793 1.328894e-04 1.998826e-06
1794 1.327603e-04 1.989884e-06
1795 1.326319e-04 1.980983e-06
1796 1.325044e-04 1.972121e-06
1797 1.323776e-04 1.963299e-06
1798 1.322516e-04 1.954516e-06
1799 1.321265e-04 1.945773e-06
1800 1.320021e-04 1.937069e-06
1801 1.318785e-04 1.928403e-06
1802 1.317556e-04 1.919777e-06
1803 1.316336e-04 1.911189e-06
1804 1.315123e-04 1.902639e-06
1805 1.313917e-04 1.894128e-06
1806 1.312719e-04 1.885654e-06
1807 1.311529e-04 1.877219e-06
1808 1.310346e-04 1.868822e-06
1809 1.309170e-04 1.860462e-06
1810 1.308002e-04 1.852139e-06
1811 1.306841e-04 1.843853e-06
1812 1.305688e-04 1.835605e-06
1813 1.304541e-04 1.827394e-06
1814 1.303402e-04 1.819219e-06
1815 1.302270e-04 1.811081e-06
1816 1.301145e-04 1.802979e-06
1817 1.300027e-04 1.794914e-06
1818 1.298916e-04 1.786884e-06
1819 1.297813e-04 1.778891e-06
1820 1.296716e-04 1.770933e-06
1821 1.295625e-04 1.763011e-06
1822 1.294542e-04 1.755124e-06
1823 1.293465e-04 1.747273e-06
1824 1.292396e-04 1.739456e-06
1825 1.291333e-04 1.731675e-06
1826 1.290276e-04 1.723928e-06
1827 1.289226e-04 1.716217e-06
1828 1.288183e-04 1.708539e-06
1829 1.287146e-04 1.700896e-06
1830 1.286116e-04 1.693287e-06
1831 1.285092e-04 1.685712e-06
1832 1.284075e-04 1.678172e-06
1833 1.283064e-04 1.670664e-06
1834 1.282059e-04 1.663191e-06
1835 1.281061e-04 1.655751e-06
1836 1.280068e-04 1.648344e-06
1837 1.279082e-04 1.640970e-06
1838 1.278103e-04 1.633629e-06
1839 1.277129e-04 1.626321e-06
1840 1.276161e-04 1.619046e-06
1841 1.275200e-04 1.611803e-06
1842 1.274244e-04 1.604593e-06
1843 1.273295e-04 1.597415e-06
1844 1.272351e-04 1.590269e-06
1845 1.271413e-04 1.583155e-06
1846 1.270481e-04 1.576073e-06
1847 1.269555e-04 1.569022e-06
1848 1.268635e-04 1.562003e-06
1849 1.267720e-04 1.555016e-06
1850 1.266812e-04 1.548060e-06
1851 1.265908e-04 1.541135e-06
1852 1.265011e-04 1.534240e-06
1853 1.264119e-04 1.527377e-06
1854 1.263233e-04 1.520544e-06
1855 1.262352e-04 1.513742e-06
1856 1.261476e-04 1.506971e-06
1857 1.260607e-04 1.500229e-06
1858 1.259742e-04 1.493518e-06
1859 1.258883e-04 1.486837e-06
1860 1.258029e-04 1.480186e-06
1861 1.257181e-04 1.473564e-06
1862 1.256338e-04 1.466972e-06
1863 1.255500e-04 1.460410e-06
1864 1.254667e-04 1.453877e-06
1865 1.253840e-04 1.447373e-06
1866 1.253018e-04 1.440898e-06
1867 1.252201e-04 1.434453e-06
1868 1.251388e-04 1.428036e-06
1869 1.250581e-04 1.421647e-06
1870 1.249779e-04 1.415288e-06
1871 1.248982e-04 1.408957e-06
1872 1.248190e-04 1.402654e-06
1873 1.247403e-04 1.396379e-06
1874 1.246621e-04 1.390132e-06
1875 1.245843e-04 1.383914e-06
1876 1.245071e-04 1.377723e-06
1877 1.244303e-04 1.371560e-06
1878 1.243540e-04 1.365424e-06
1879 1.242782e-04 1.359316e-06
1880 1.242028e-04 1.353235e-06
1881 1.241279e-04 1.347181e-06
1882 1.240535e-04 1.341155e-06
1883 1.239796e-04 1.335155e-06
1884 1.239060e-04 1.329183e-06
1885 1.238330e-04 1.323237e-06
1886 1.237604e-04 1.317317e-06
1887 1.236883e-04 1.311424e-06
1888 1.236166e-04 1.305558e-06
1889 1.235453e-04 1.299717e-06
1890 1.234745e-04 1.293903e-06
1891 1.234041e-04 1.288115e-06
1892 1.233342e-04 1.282353e-06
1893 1.232646e-04 1.276616e-06
1894 1.231956e-04 1.270905e-06
1895 1.231269e-04 1.265220e-06
1896 1.230587e-04 1.259560e-06
1897 1.229909e-04 1.253925e-06
1898 1.229235e-04 1.248316e-06
1899 1.228565e-04 1.242732e-06
1900 1.227899e-04 1.237172e-06
1901 1.227238e-04 1.231638e-06
1902 1.226581e-04 1.226128e-06
1903 1.225927e-04 1.220643e-06
1904 1.225278e-04 1.215183e-06
1905 1.224632e-04 1.209747e-06
1906 1.223991e-04 1.204335e-06
1907 1.223354e-04 1.198948e-06
1908 1.222720e-04 1.193584e-06
1909 1.222091e-04 1.188245e-06
1910 1.221465e-04 1.182929e-06
1911 1.220843e-04 1.177637e-06
1912 1.220225e-04 1.172369e-06
1913 1.219611e-04 1.167125e-06
1914 1.219000e-04 1.161904e-06
1915 1.218393e-04 1.156706e-06
1916 1.217790e-04 1.151532e-06
1917 1.217191e-04 1.146380e-06
1918 1.216595e-04 1.141252e-06
1919 1.216003e-04 1.136147e-06
1920 1.215415e-04 1.131064e-06
1921 1.214830e-04 1.126004e-06
1922 1.214249e-04 1.120967e-06
1923 1.213671e-04 1.115953e-06
1924 1.213097e-04 1.110961e-06
1925 1.212527e-04 1.105991e-06
1926 1.211960e-04 1.101043e-06
1927 1.211396e-04 1.096118e-06
1928 1.210836e-04 1.091214e-06
1929 1.210279e-04 1.086333e-06
1930 1.209726e-04 1.081473e-06
1931 1.209176e-04 1.076635e-06
1932 1.208629e-04 1.071819e-06
1933 1.208086e-04 1.067024e-06
1934 1.207546e-04 1.062251e-06
1935 1.207009e-04 1.057499e-06
1936 1.206476e-04 1.052768e-06
1937 1.205945e-04 1.048059e-06
1938 1.205418e-04 1.043370e-06
1939 1.204895e-04 1.038703e-06
1940 1.204374e-04 1.034056e-06
1941 1.203857e-04 1.029431e-06
1942 1.203342e-04 1.024825e-06
1943 1.202831e-04 1.020241e-06
1944 1.202323e-04 1.015677e-06
1945 1.201818e-04 1.011133e-06
1946 1.201316e-04 1.006610e-06
1947 1.200817e-04 1.002107e-06
1948 1.200322e-04 9.976242e-07
1949 1.199829e-04 9.931614e-07
1950 1.199339e-04 9.887185e-07
1951 1.198852e-04 9.842956e-07
1952 1.198368e-04 9.798924e-07
1953 1.197887e-04 9.755089e-07
1954 1.197409e-04 9.711450e-07
1955 1.196934e-04 9.668006e-07
1956 1.196461e-04 9.624757e-07
1957 1.195992e-04 9.581701e-07
1958 1.195525e-04 9.538838e-07
1959 1.195061e-04 9.496166e-07
1960 1.194600e-04 9.453686e-07
1961 1.194142e-04 9.411395e-07
1962 1.193686e-04 9.369294e-07
1963 1.193234e-04 9.327380e-07
1964 1.192784e-04 9.285655e-07
1965 1.192336e-04 9.244116e-07
1966 1.191892e-04 9.202763e-07
1967 1.191450e-04 9.161595e-07
1968 1.191010e-04 9.120611e-07
1969 1.190574e-04 9.079810e-07
1970 1.190140e-04 9.039192e-07
1971 1.189708e-04 8.998756e-07
1972 1.189279e-04 8.958500e-07
1973 1.188853e-04 8.918425e-07
1974 1.188429e-04 8.878529e-07
1975 1.188008e-04 8.838811e-07
1976 1.187589e-04 8.799271e-07
1977 1.187173e-04 8.759908e-07
1978 1.186759e-04 8.720721e-07
1979 1.186348e-04 8.681709e-07
1980 1.185939e-04 8.642872e-07
1981 1.185533e-04 8.604209e-07
1982 1.185129e-04 8.565718e-07
1983 1.184727e-04 8.527400e-07
1984 1.184328e-04 8.489253e-07
1985 1.183931e-04 8.451277e-07
1986 1.183537e-04 8.413470e-07
1987 1.183145e-04 8.375833e-07
1988 1.182755e-04 8.338364e-07
1989 1.182368e-04 8.301063e-07
1990 1.181983e-04 8.263928e-07
1991 1.181600e-04 8.226960e-07
1992 1.181219e-04 8.190157e-07
1993 1.180841e-04 8.153519e-07
1994 1.180465e-04 8.117045e-07
1995 1.180091e-04 8.080733e-07
1996 1.179720e-04 8.044585e-07
1997 1.179350e-04 8.008597e-07
1998 1.178983e-04 7.972771e-07
1999 1.178618e-04 7.937106e-07
2000 1.178255e-04 7.901599e-07
2001 1.177894e-04 7.866252e-07
2002 1.177536e-04 7.831063e-07
2003 1.177179e-04 7.796031e-07
2004 1.176825e-04 7.761155e-07
2005 1.176473e-04 7.726436e-07
2006 1.176122e-04 7.691872e-07
2007 1.175774e-04 7.657463e-07
2008 1.175428e-04 7.623208e-07
2009 1.175084e-04 7.589106e-07
2010 1.174742e-04 7.555156e-07
2011 1.174402e-04 7.521359e-07
2012 1.174064e-04 7.487712e-07
2013 1.173728e-04 7.454216e-07
2014 1.173394e-04 7.420870e-07
2015 1.173062e-04 7.387673e-07
2016 1.172732e-04 7.354625e-07
2017 1.172403e-04 7.321724e-07
2018 1.172077e-04 7.288971e-07
2019 1.171753e-04 7.256364e-07
2020 1.171430e-04 7.223903e-07
2021 1.171109e-04 7.191587e-07
2022 1.170791e-04 7.159416e-07
2023 1.170474e-04 7.127389e-07
2024 1.170159e-04 7.095505e-07
2025 1.169846e-04 7.063763e-07
2026 1.169534e-04 7.032164e-07
2027 1.169225e-04 7.000706e-07
2028 1.168917e-04 6.969388e-07
2029 1.168611e-04 6.938211e-07
2030 1.168307e-04 6.907173e-07
2031 1.168004e-04 6.876274e-07
2032 1.167704e-04 6.845514e-07
2033 1.167405e-04 6.814891e-07
2034 1.167107e-04 6.784404e-07
2035 1.166812e-04 6.754055e-07
2036 1.166518e-04 6.723841e-07
2037 1.166226e-04 6.693762e-07
2038 1.165936e-04 6.663818e-07
2039 1.165647e-04 6.634007e-07
2040 1.165360e-04 6.604330e-07
2041 1.165075e-04 6.574786e-07
2042 1.164791e-04 6.545374e-07
2043 1.164509e-04 6.516094e-07
2044 1.164229e-04 6.486944e-07
2045 1.163950e-04 6.457925e-07
2046 1.163673e-04 6.429036e-07
2047 1.163397e-04 6.400276e-07
2048 1.163123e-04 6.371645e-07
2049 1.162851e-04 6.343141e-07
2050 1.162580e-04 6.314766e-07
2051 1.162310e-04 6.286517e-07
2052 1.162043e-04 6.258394e-07
2053 1.161776e-04 6.230398e-07
2054 1.161512e-04 6.202526e-07
2055 1.161249e-04 6.174780e-07
2056 1.160987e-04 6.147157e-07
2057 1.160727e-04 6.119658e-07
2058 1.160468e-04 6.092282e-07
2059 1.160211e-04 6.065028e-07
2060 1.159955e-04 6.037897e-07
2061 1.159701e-04 6.010886e-07
2062 1.159448e-04 5.983997e-07
2063 1.159197e-04 5.957228e-07
2064 1.158947e-04 5.930578e-07
2065 1.158698e-04 5.904048e-07
2066 1.158451e-04 5.877637e-07
2067 1.158206e-04 5.851343e-07
2068 1.157961e-04 5.825168e-07
2069 1.157718e-04 5.799109e-07
2070 1.157477e-04 5.773167e-07
2071 1.157237e-04 5.747341e-07
2072 1.156998e-04 5.721630e-07
2073 1.156761e-04 5.696035e-07
2074 1.156525e-04 5.670554e-07
2075 1.156290e-04 5.645187e-07
2076 1.156056e-04 5.619933e-07
2077 1.155824e-04 5.594793e-07
2078 1.155594e-04 5.569765e-07
2079 1.155364e-04 5.544849e-07
2080 1.155136e-04 5.520044e-07
2081 1.154909e-04 5.495350e-07
2082 1.154684e-04 5.470767e-07
2083 1.154459e-04 5.446294e-07
2084 1.154236e-04 5.421930e-07
2085 1.154014e-04 5.397675e-07
2086 1.153794e-04 5.373529e-07
2087 1.153575e-04 5.349491e-07
2088 1.153357e-04 5.325560e-07
2089 1.153140e-04 5.301736e-07
2090 1.152924e-04 5.278019e-07
2091 1.152710e-04 5.254408e-07
2092 1.152497e-04 5.230903e-07
2093 1.152285e-04 5.207503e-07
2094 1.152074e-04 5.184207e-07
2095 1.151864e-04 5.161016e-07
2096 1.151656e-04 5.137928e-07
2097 1.151449e-04 5.114944e-07
2098 1.151242e-04 5.092062e-07
2099 1.151037e-04 5.069283e-07
2100 1.150834e-04 5.046606e-07
2101 1.150631e-04 5.024030e-07
2102 1.150429e-04 5.001556e-07
2103 1.150229e-04 4.979181e-07
2104 1.150030e-04 4.956907e-07
2105 1.149832e-04 4.934733e-07
2106 1.149634e-04 4.912657e-07
2107 1.149439e-04 4.890681e-07
2108 1.149244e-04 4.868802e-07
2109 1.149050e-04 4.847022e-07
2110 1.148857e-04 4.825339e-07
2111 1.148665e-04 4.803753e-07
2112 1.148475e-04 4.782264e-07
2113 1.148285e-04 4.760870e-07
2114 1.148097e-04 4.739573e-07
2115 1.147909e-04 4.718371e-07
2116 1.147723e-04 4.697263e-07
2117 1.147538e-04 4.676250e-07
2118 1.147353e-04 4.655331e-07
2119 1.147170e-04 4.634506e-07
2120 1.146988e-04 4.613773e-07
2121 1.146806e-04 4.593134e-07
2122 1.146626e-04 4.572587e-07
2123 1.146447e-04 4.552131e-07
2124 1.146269e-04 4.531768e-07
2125 1.146091e-04 4.511495e-07
2126 1.145915e-04 4.491313e-07
2127 1.145740e-04 4.471221e-07
2128 1.145565e-04 4.451219e-07
2129 1.145392e-04 4.431307e-07
2130 1.145219e-04 4.411484e-07
2131 1.145048e-04 4.391749e-07
2132 1.144877e-04 4.372103e-07
2133 1.144707e-04 4.352544e-07
2134 1.144539e-04 4.333074e-07
2135 1.144371e-04 4.313690e-07
2136 1.144204e-04 4.294393e-07
2137 1.144038e-04 4.275182e-07
2138 1.143873e-04 4.256057e-07
2139 1.143709e-04 4.237018e-07
2140 1.143546e-04 4.218063e-07
2141 1.143383e-04 4.199194e-07
2142 1.143222e-04 4.180409e-07
2143 1.143061e-04 4.161708e-07
2144 1.142901e-04 4.143091e-07
2145 1.142743e-04 4.124557e-07
2146 1.142585e-04 4.106106e-07
2147 1.142427e-04 4.087738e-07
2148 1.142271e-04 4.069451e-07
2149 1.142116e-04 4.051247e-07
2150 1.141961e-04 4.033124e-07
2151 1.141807e-04 4.015082e-07
2152 1.141655e-04 3.997120e-07
2153 1.141503e-04 3.979239e-07
2154 1.141351e-04 3.961438e-07
2155 1.141201e-04 3.943717e-07
2156 1.141051e-04 3.926075e-07
2157 1.140902e-04 3.908512e-07
2158 1.140754e-04 3.891027e-07
2159 1.140607e-04 3.873621e-07
2160 1.140461e-04 3.856292e-07
2161 1.140315e-04 3.839041e-07
2162 1.140170e-04 3.821868e-07
2163 1.140026e-04 3.804771e-07
2164 1.139883e-04 3.787750e-07
2165 1.139741e-04 3.770806e-07
2166 1.139599e-04 3.753937e-07
2167 1.139458e-04 3.737144e-07
2168 1.139318e-04 3.720426e-07
2169 1.139178e-04 3.703783e-07
2170 1.139040e-04 3.687214e-07
2171 1.138902e-04 3.670720e-07
2172 1.138765e-04 3.654299e-07
2173 1.138628e-04 3.637951e-07
2174 1.138492e-04 3.621677e-07
2175 1.138357e-04 3.605476e-07
2176 1.138223e-04 3.589347e-07
2177 1.138090e-04 3.573290e-07
2178 1.137957e-04 3.557305e-07
2179 1.137825e-04 3.541391e-07
2180 1.137693e-04 3.525549e-07
2181 1.137563e-04 3.509778e-07
2182 1.137433e-04 3.494077e-07
2183 1.137303e-04 3.478446e-07
2184 1.137175e-04 3.462886e-07
2185 1.137047e-04 3.447395e-07
2186 1.136919e-04 3.431973e-07
2187 1.136793e-04 3.416620e-07
2188 1.136667e-04 3.401336e-07
2189 1.136542e-04 3.386120e-07
2190 1.136417e-04 3.370972e-07
2191 1.136293e-04 3.355892e-07
2192 1.136170e-04 3.340880e-07
2193 1.136047e-04 3.325935e-07
2194 1.135925e-04 3.311056e-07
2195 1.135804e-04 3.296244e-07
2196 1.135683e-04 3.281499e-07
2197 1.135563e-04 3.266819e-07
2198 1.135444e-04 3.252205e-07
2199 1.135325e-04 3.237656e-07
2200 1.135207e-04 3.223173e-07
2201 1.135090e-04 3.208754e-07
2202 1.134973e-04 3.194400e-07
2203 1.134857e-04 3.180110e-07
2204 1.134741e-04 3.165884e-07
2205 1.134626e-04 3.151721e-07
2206 1.134512e-04 3.137622e-07
2207 1.134398e-04 3.123586e-07
2208 1.134284e-04 3.109613e-07
2209 1.134172e-04 3.095702e-07
2210 1.134060e-04 3.081854e-07
2211 1.133948e-04 3.068067e-07
2212 1.133838e-04 3.054342e-07
2213 1.133727e-04 3.040679e-07
2214 1.133618e-04 3.027076e-07
2215 1.133509e-04 3.013535e-07
2216 1.133400e-04 3.000054e-07
2217 1.133292e-04 2.986633e-07
2218 1.133185e-04 2.973273e-07
2219 1.133078e-04 2.959972e-07
2220 1.132972e-04 2.946731e-07
2221 1.132866e-04 2.933548e-07
2222 1.132761e-04 2.920425e-07
2223 1.132656e-04 2.907361e-07
2224 1.132552e-04 2.894355e-07
2225 1.132448e-04 2.881407e-07
2226 1.132345e-04 2.868517e-07
2227 1.132243e-04 2.855685e-07
2228 1.132141e-04 2.842910e-07
2229 1.132040e-04 2.830193e-07
2230 1.131939e-04 2.817532e-07
2231 1.131839e-04 2.804928e-07
2232 1.131739e-04 2.792380e-07
2233 1.131639e-04 2.779888e-07
2234 1.131541e-04 2.767453e-07
2235 1.131442e-04 2.755073e-07
2236 1.131345e-04 2.742748e-07
2237 1.131248e-04 2.730478e-07
2238 1.131151e-04 2.718264e-07
2239 1.131055e-04 2.706103e-07
2240 1.130959e-04 2.693998e-07
2241 1.130864e-04 2.681946e-07
2242 1.130769e-04 2.669949e-07
2243 1.130675e-04 2.658005e-07
2244 1.130581e-04 2.646114e-07
2245 1.130488e-04 2.634277e-07
2246 1.130395e-04 2.622493e-07
2247 1.130303e-04 2.610761e-07
2248 1.130211e-04 2.599082e-07
2249 1.130119e-04 2.587455e-07
2250 1.130029e-04 2.575880e-07
2251 1.129938e-04 2.564357e-07
2252 1.129848e-04 2.552885e-07
2253 1.129759e-04 2.541465e-07
2254 1.129670e-04 2.530096e-07
2255 1.129581e-04 2.518778e-07
2256 1.129493e-04 2.507510e-07
2257 1.129405e-04 2.496293e-07
2258 1.129318e-04 2.485126e-07
2259 1.129231e-04 2.474009e-07
2260 1.129145e-04 2.462941e-07
2261 1.129059e-04 2.451923e-07
2262 1.128974e-04 2.440955e-07
2263 1.128889e-04 2.430035e-07
2264 1.128804e-04 2.419165e-07
2265 1.128720e-04 2.408343e-07
2266 1.128636e-04 2.397569e-07
2267 1.128553e-04 2.386843e-07
2268 1.128470e-04 2.376166e-07
2269 1.128388e-04 2.365536e-07
2270 1.128306e-04 2.354954e-07
2271 1.128224e-04 2.344419e-07
2272 1.128143e-04 2.333932e-07
2273 1.128063e-04 2.323491e-07
2274 1.127982e-04 2.313097e-07
2275 1.127902e-04 2.302749e-07
2276 1.127823e-04 2.292448e-07
2277 1.127744e-04 2.282193e-07
2278 1.127665e-04 2.271984e-07
2279 1.127587e-04 2.261820e-07
2280 1.127509e-04 2.251702e-07
2281 1.127431e-04 2.241629e-07
2282 1.127354e-04 2.231601e-07
2283 1.127278e-04 2.221618e-07
2284 1.127201e-04 2.211680e-07
2285 1.127125e-04 2.201786e-07
2286 1.127050e-04 2.191936e-07
2287 1.126975e-04 2.182131e-07
2288 1.126900e-04 2.172369e-07
2289 1.126826e-04 2.162651e-07
2290 1.126752e-04 2.152976e-07
2291 1.126678e-04 2.143345e-07
2292 1.126605e-04 2.133757e-07
2293 1.126532e-04 2.124212e-07
2294 1.126459e-04 2.114709e-07
2295 1.126387e-04 2.105249e-07
2296 1.126315e-04 2.095831e-07
2297 1.126244e-04 2.086456e-07
2298 1.126173e-04 2.077122e-07
2299 1.126102e-04 2.067830e-07
2300 1.126032e-04 2.058580e-07
2301 1.125962e-04 2.049371e-07
2302 1.125892e-04 2.040203e-07
2303 1.125823e-04 2.031076e-07
2304 1.125754e-04 2.021990e-07
2305 1.125685e-04 2.012945e-07
2306 1.125617e-04 2.003940e-07
2307 1.125549e-04 1.994975e-07
2308 1.125481e-04 1.986051e-07
2309 1.125414e-04 1.977166e-07
2310 1.125347e-04 1.968322e-07
2311 1.125281e-04 1.959516e-07
2312 1.125215e-04 1.950751e-07
2313 1.125149e-04 1.942024e-07
2314 1.125083e-04 1.933336e-07
2315 1.125018e-04 1.924688e-07
2316 1.124953e-04 1.916078e-07
2317 1.124888e-04 1.907506e-07
2318 1.124824e-04 1.898973e-07
2319 1.124760e-04 1.890478e-07
2320 1.124697e-04 1.882021e-07
2321 1.124633e-04 1.873602e-07
2322 1.124570e-04 1.865220e-07
2323 1.124508e-04 1.856876e-07
2324 1.124445e-04 1.848570e-07
2325 1.124383e-04 1.840300e-07
2326 1.124322e-04 1.832068e-07
2327 1.124260e-04 1.823872e-07
2328 1.124199e-04 1.815713e-07
2329 1.124138e-04 1.807590e-07
2330 1.124078e-04 1.799504e-07
2331 1.124018e-04 1.791454e-07
2332 1.123958e-04 1.783440e-07
2333 1.123898e-04 1.775462e-07
2334 1.123839e-04 1.767520e-07
2335 1.123780e-04 1.759613e-07
2336 1.123721e-04 1.751741e-07
2337 1.123663e-04 1.743905e-07
2338 1.123604e-04 1.736103e-07
2339 1.123547e-04 1.728337e-07
2340 1.123489e-04 1.720605e-07
2341 1.123432e-04 1.712908e-07
2342 1.123375e-04 1.705246e-07
2343 1.123318e-04 1.697617e-07
2344 1.123262e-04 1.690023e-07
2345 1.123206e-04 1.682463e-07
2346 1.123150e-04 1.674936e-07
2347 1.123094e-04 1.667444e-07
2348 1.123039e-04 1.659984e-07
2349 1.122984e-04 1.652558e-07
2350 1.122929e-04 1.645166e-07
2351 1.122875e-04 1.637806e-07
2352 1.122820e-04 1.630479e-07
2353 1.122766e-04 1.623186e-07
2354 1.122713e-04 1.615924e-07
2355 1.122659e-04 1.608696e-07
2356 1.122606e-04 1.601499e-07
2357 1.122553e-04 1.594335e-07
2358 1.122501e-04 1.587203e-07
2359 1.122448e-04 1.580102e-07
2360 1.122396e-04 1.573034e-07
2361 1.122344e-04 1.565997e-07
2362 1.122293e-04 1.558991e-07
2363 1.122241e-04 1.552017e-07
2364 1.122190e-04 1.545074e-07
2365 1.122139e-04 1.538163e-07
2366 1.122089e-04 1.531282e-07
2367 1.122038e-04 1.524432e-07
2368 1.121988e-04 1.517612e-07
2369 1.121938e-04 1.510823e-07
2370 1.121889e-04 1.504064e-07
2371 1.121839e-04 1.497336e-07
2372 1.121790e-04 1.490638e-07
2373 1.121741e-04 1.483969e-07
2374 1.121693e-04 1.477331e-07
2375 1.121644e-04 1.470722e-07
2376 1.121596e-04 1.464143e-07
2377 1.121548e-04 1.457593e-07
2378 1.121501e-04 1.451073e-07
2379 1.121453e-04 1.444581e-07
2380 1.121406e-04 1.438119e-07
2381 1.121359e-04 1.431686e-07
2382 1.121312e-04 1.425281e-07
2383 1.121266e-04 1.418905e-07
2384 1.121219e-04 1.412558e-07
2385 1.121173e-04 1.406239e-07
2386 1.121127e-04 1.399948e-07
2387 1.121082e-04 1.393685e-07
2388 1.121036e-04 1.387451e-07
2389 1.120991e-04 1.381244e-07
2390 1.120946e-04 1.375065e-07
2391 1.120901e-04 1.368914e-07
2392 1.120857e-04 1.362790e-07
2393 1.120813e-04 1.356694e-07
2394 1.120769e-04 1.350624e-07
2395 1.120725e-04 1.344582e-07
2396 1.120681e-04 1.338568e-07
2397 1.120638e-04 1.332579e-07
2398 1.120594e-04 1.326618e-07
2399 1.120551e-04 1.320684e-07
2400 1.120508e-04 1.314776e-07
2401 1.120466e-04 1.308894e-07
2402 1.120423e-04 1.303039e-07
2403 1.120381e-04 1.297210e-07
2404 1.120339e-04 1.291407e-07
2405 1.120297e-04 1.285630e-07
2406 1.120256e-04 1.279878e-07
2407 1.120214e-04 1.274153e-07
2408 1.120173e-04 1.268453e-07
2409 1.120132e-04 1.262779e-07
2410 1.120091e-04 1.257130e-07
2411 1.120051e-04 1.251506e-07
2412 1.120010e-04 1.245907e-07
2413 1.119970e-04 1.240334e-07
2414 1.119930e-04 1.234785e-07
2415 1.119890e-04 1.229261e-07
2416 1.119851e-04 1.223762e-07
2417 1.119811e-04 1.218288e-07
2418 1.119772e-04 1.212838e-07
2419 1.119733e-04 1.207412e-07
2420 1.119694e-04 1.202011e-07
2421 1.119656e-04 1.196634e-07
2422 1.119617e-04 1.191281e-07
2423 1.119579e-04 1.185952e-07
2424 1.119541e-04 1.180646e-07
2425 1.119503e-04 1.175365e-07
2426 1.119465e-04 1.170107e-07
2427 1.119428e-04 1.164872e-07
2428 1.119390e-04 1.159661e-07
2429 1.119353e-04 1.154474e-07
2430 1.119316e-04 1.149309e-07
2431 1.119279e-04 1.144168e-07
2432 1.119242e-04 1.139049e-07
2433 1.119206e-04 1.133954e-07
2434 1.119170e-04 1.128881e-07
2435 1.119134e-04 1.123831e-07
2436 1.119098e-04 1.118804e-07
2437 1.119062e-04 1.113799e-07
2438 1.119026e-04 1.108816e-07
2439 1.118991e-04 1.103856e-07
2440 1.118955e-04 1.098918e-07
2441 1.118920e-04 1.094002e-07
2442 1.118885e-04 1.089108e-07
2443 1.118851e-04 1.084236e-07
2444 1.118816e-04 1.079385e-07
2445 1.118782e-04 1.074557e-07
2446 1.118747e-04 1.069750e-07
2447 1.118713e-04 1.064964e-07
2448 1.118679e-04 1.060200e-07
2449 1.118645e-04 1.055458e-07
2450 1.118612e-04 1.050736e-07
2451 1.118578e-04 1.046036e-07
2452 1.118545e-04 1.041356e-07
2453 1.118512e-04 1.036698e-07
2454 1.118479e-04 1.032060e-07
2455 1.118446e-04 1.027443e-07
2456 1.118414e-04 1.022847e-07
2457 1.118381e-04 1.018271e-07
2458 1.118349e-04 1.013716e-07
2459 1.118316e-04 1.009181e-07
2460 1.118284e-04 1.004667e-07
2461 1.118253e-04 1.000172e-07
2462 1.118221e-04 9.956981e-08
2463 1.118189e-04 9.912439e-08
2464 1.118158e-04 9.868096e-08
2465 1.118127e-04 9.823951e-08
2466 1.118095e-04 9.780004e-08
2467 1.118064e-04 9.736253e-08
2468 1.118034e-04 9.692699e-08
2469 1.118003e-04 9.649339e-08
2470 1.117972e-04 9.606173e-08
2471 1.117942e-04 9.563200e-08
2472 1.117912e-04 9.520419e-08
2473 1.117882e-04 9.477830e-08
2474 1.117852e-04 9.435431e-08
2475 1.117822e-04 9.393222e-08
2476 1.117792e-04 9.351202e-08
2477 1.117763e-04 9.309369e-08
2478 1.117733e-04 9.267724e-08
2479 1.117704e-04 9.226265e-08
2480 1.117675e-04 9.184992e-08
2481 1.117646e-04 9.143903e-08
2482 1.117617e-04 9.102998e-08
2483 1.117588e-04 9.062276e-08
2484 1.117560e-04 9.021736e-08
2485 1.117531e-04 8.981378e-08
2486 1.117503e-04 8.941200e-08
2487 1.117475e-04 8.901202e-08
2488 1.117447e-04 8.861383e-08
2489 1.117419e-04 8.821741e-08
2490 1.117391e-04 8.782278e-08
2491 1.117363e-04 8.742990e-08
2492 1.117336e-04 8.703879e-08
2493 1.117309e-04 8.664942e-08
2494 1.117281e-04 8.626180e-08
2495 1.117254e-04 8.587591e-08
2496 1.117227e-04 8.549175e-08
2497 1.117200e-04 8.510930e-08
2498 1.117174e-04 8.472857e-08
2499 1.117147e-04 8.434954e-08
2500 1.117121e-04 8.397220e-08
2501 1.117094e-04 8.359656e-08
2502 1.117068e-04 8.322259e-08
2503 1.117042e-04 8.285030e-08
2504 1.117016e-04 8.247967e-08
2505 1.116990e-04 8.211070e-08
2506 1.116964e-04 8.174338e-08
2507 1.116939e-04 8.137770e-08
2508 1.116913e-04 8.101366e-08
2509 1.116888e-04 8.065125e-08
2510 1.116863e-04 8.029046e-08
2511 1.116837e-04 7.993128e-08
2512 1.116812e-04 7.957371e-08
2513 1.116788e-04 7.921774e-08
2514 1.116763e-04 7.886336e-08
2515 1.116738e-04 7.851057e-08
2516 1.116714e-04 7.815936e-08
2517 1.116689e-04 7.780971e-08
2518 1.116665e-04 7.746163e-08
2519 1.116641e-04 7.711511e-08
2520 1.116616e-04 7.677014e-08
2521 1.116593e-04 7.642671e-08
2522 1.116569e-04 7.608482e-08
2523 1.116545e-04 7.574446e-08
2524 1.116521e-04 7.540562e-08
2525 1.116498e-04 7.506829e-08
2526 1.116474e-04 7.473248e-08
2527 1.116451e-04 7.439816e-08
2528 1.116428e-04 7.406534e-08
2529 1.116405e-04 7.373401e-08
2530 1.116382e-04 7.340417e-08
2531 1.116359e-04 7.307580e-08
2532 1.116336e-04 7.274889e-08
2533 1.116314e-04 7.242345e-08
2534 1.116291e-04 7.209947e-08
2535 1.116269e-04 7.177694e-08
2536 1.116246e-04 7.145584e-08
2537 1.116224e-04 7.113619e-08
2538 1.116202e-04 7.081796e-08
2539 1.116180e-04 7.050116e-08
2540 1.116158e-04 7.018578e-08
2541 1.116136e-04 6.987180e-08
2542 1.116114e-04 6.955923e-08
2543 1.116093e-04 6.924806e-08
2544 1.116071e-04 6.893828e-08
2545 1.116050e-04 6.862989e-08
2546 1.116029e-04 6.832288e-08
2547 1.116007e-04 6.801724e-08
2548 1.115986e-04 6.771296e-08
2549 1.115965e-04 6.741005e-08
2550 1.115944e-04 6.710849e-08
2551 1.115923e-04 6.680829e-08
2552 1.115903e-04 6.650942e-08
2553 1.115882e-04 6.621189e-08
2554 1.115862e-04 6.591570e-08
2555 1.115841e-04 6.562083e-08
2556 1.115821e-04 6.532727e-08
2557 1.115801e-04 6.503503e-08
2558 1.115781e-04 6.474410e-08
2559 1.115760e-04 6.445447e-08
2560 1.115741e-04 6.416614e-08
2561 1.115721e-04 6.387909e-08
2562 1.115701e-04 6.359333e-08
2563 1.115681e-04 6.330885e-08
2564 1.115662e-04 6.302564e-08
2565 1.115642e-04 6.274369e-08
2566 1.115623e-04 6.246301e-08
2567 1.115603e-04 6.218359e-08
2568 1.115584e-04 6.190541e-08
2569 1.115565e-04 6.162848e-08
2570 1.115546e-04 6.135278e-08
2571 1.115527e-04 6.107832e-08
2572 1.115508e-04 6.080509e-08
2573 1.115489e-04 6.053308e-08
2574 1.115471e-04 6.026229e-08
2575 1.115452e-04 5.999271e-08
2576 1.115434e-04 5.972433e-08
2577 1.115415e-04 5.945716e-08
2578 1.115397e-04 5.919118e-08
2579 1.115379e-04 5.892639e-08
2580 1.115360e-04 5.866278e-08
2581 1.115342e-04 5.840036e-08
2582 1.115324e-04 5.813910e-08
2583 1.115306e-04 5.787902e-08
2584 1.115289e-04 5.762010e-08
2585 1.115271e-04 5.736234e-08
2586 1.115253e-04 5.710573e-08
2587 1.115236e-04 5.685027e-08
2588 1.115218e-04 5.659595e-08
2589 1.115201e-04 5.634277e-08
2590 1.115183e-04 5.609072e-08
2591 1.115166e-04 5.583980e-08
2592 1.115149e-04 5.559001e-08
2593 1.115132e-04 5.534133e-08
2594 1.115115e-04 5.509376e-08
2595 1.115098e-04 5.484730e-08
2596 1.115081e-04 5.460194e-08
2597 1.115064e-04 5.435768e-08
2598 1.115047e-04 5.411451e-08
2599 1.115031e-04 5.387243e-08
2600 1.115014e-04 5.363144e-08
2601 1.114998e-04 5.339152e-08
2602 1.114981e-04 5.315267e-08
2603 1.114965e-04 5.291490e-08
2604 1.114949e-04 5.267818e-08
2605 1.114933e-04 5.244253e-08
2606 1.114917e-04 5.220793e-08
2607 1.114901e-04 5.197438e-08
2608 1.114885e-04 5.174187e-08
2609 1.114869e-04 5.151041e-08
2610 1.114853e-04 5.127998e-08
2611 1.114837e-04 5.105058e-08
2612 1.114822e-04 5.082220e-08
2613 1.114806e-04 5.059485e-08
2614 1.114790e-04 5.036852e-08
2615 1.114775e-04 5.014320e-08
2616 1.114760e-04 4.991888e-08
2617 1.114744e-04 4.969557e-08
2618 1.114729e-04 4.947326e-08
2619 1.114714e-04 4.925194e-08
2620 1.114699e-04 4.903162e-08
2621 1.114684e-04 4.881227e-08
2622 1.114669e-04 4.859391e-08
2623 1.114654e-04 4.837653e-08
2624 1.114639e-04 4.816012e-08
2625 1.114625e-04 4.794468e-08
2626 1.114610e-04 4.773020e-08
2627 1.114595e-04 4.751668e-08
2628 1.114581e-04 4.730411e-08
2629 1.114566e-04 4.709250e-08
2630 1.114552e-04 4.688183e-08
2631 1.114538e-04 4.667211e-08
2632 1.114523e-04 4.646332e-08
2633 1.114509e-04 4.625547e-08
2634 1.114495e-04 4.604855e-08
2635 1.114481e-04 4.584255e-08
2636 1.114467e-04 4.563748e-08
2637 1.114453e-04 4.543332e-08
2638 1.114439e-04 4.523007e-08
2639 1.114425e-04 4.502774e-08
2640 1.114411e-04 4.482631e-08
2641 1.114398e-04 4.462578e-08
2642 1.114384e-04 4.442615e-08
2643 1.114371e-04 4.422741e-08
2644 1.114357e-04 4.402956e-08
2645 1.114344e-04 4.383259e-08
2646 1.114330e-04 4.363651e-08
2647 1.114317e-04 4.344130e-08
2648 1.114304e-04 4.324697e-08
2649 1.114291e-04 4.305351e-08
2650 1.114277e-04 4.286091e-08
2651 1.114264e-04 4.266917e-08
2652 1.114251e-04 4.247829e-08
2653 1.114238e-04 4.228827e-08
2654 1.114226e-04 4.209909e-08
2655 1.114213e-04 4.191076e-08
2656 1.114200e-04 4.172328e-08
2657 1.114187e-04 4.153663e-08
2658 1.114175e-04 4.135082e-08
2659 1.114162e-04 4.116583e-08
2660 1.114149e-04 4.098168e-08
2661 1.114137e-04 4.079835e-08
2662 1.114125e-04 4.061584e-08
2663 1.114112e-04 4.043415e-08
2664 1.114100e-04 4.025326e-08
2665 1.114088e-04 4.007319e-08
2666 1.114075e-04 3.989393e-08
2667 1.114063e-04 3.971546e-08
2668 1.114051e-04 3.953780e-08
2669 1.114039e-04 3.936093e-08
2670 1.114027e-04 3.918485e-08
2671 1.114015e-04 3.900955e-08
2672 1.114003e-04 3.883505e-08
2673 1.113992e-04 3.866132e-08
2674 1.113980e-04 3.848837e-08
2675 1.113968e-04 3.831619e-08
2676 1.113957e-04 3.814478e-08
2677 1.113945e-04 3.797415e-08
2678 1.113933e-04 3.780427e-08
2679 1.113922e-04 3.763515e-08
2680 1.113911e-04 3.746679e-08
2681 1.113899e-04 3.729919e-08
2682 1.113888e-04 3.713233e-08
2683 1.113877e-04 3.696622e-08
2684 1.113865e-04 3.680085e-08
2685 1.113854e-04 3.663622e-08
2686 1.113843e-04 3.647233e-08
2687 1.113832e-04 3.630918e-08
2688 1.113821e-04 3.614675e-08
2689 1.113810e-04 3.598505e-08
2690 1.113799e-04 3.582407e-08
2691 1.113788e-04 3.566381e-08
2692 1.113777e-04 3.550427e-08
2693 1.113767e-04 3.534544e-08
2694 1.113756e-04 3.518733e-08
2695 1.113745e-04 3.502992e-08
2696 1.113735e-04 3.487321e-08
2697 1.113724e-04 3.471721e-08
2698 1.113714e-04 3.456190e-08
2699 1.113703e-04 3.440729e-08
2700 1.113693e-04 3.425337e-08
2701 1.113682e-04 3.410014e-08
2702 1.113672e-04 3.394759e-08
2703 1.113662e-04 3.379573e-08
2704 1.113651e-04 3.364454e-08
2705 1.113641e-04 3.349404e-08
2706 1.113631e-04 3.334420e-08
2707 1.113621e-04 3.319504e-08
2708 1.113611e-04 3.304654e-08
2709 1.113601e-04 3.289871e-08
2710 1.113591e-04 3.275154e-08
2711 1.113581e-04 3.260502e-08
2712 1.113571e-04 3.245917e-08
2713 1.113561e-04 3.231396e-08
2714 1.113552e-04 3.216941e-08
2715 1.113542e-04 3.202550e-08
2716 1.113532e-04 3.188223e-08
2717 1.113523e-04 3.173961e-08
2718 1.113513e-04 3.159762e-08
2719 1.113503e-04 3.145627e-08
2720 1.113494e-04 3.131555e-08
2721 1.113484e-04 3.117546e-08
2722 1.113475e-04 3.103600e-08
2723 1.113466e-04 3.089716e-08
2724 1.113456e-04 3.075894e-08
2725 1.113447e-04 3.062134e-08
2726 1.113438e-04 3.048436e-08
2727 1.113429e-04 3.034799e-08
2728 1.113419e-04 3.021223e-08
2729 1.113410e-04 3.007708e-08
2730 1.113401e-04 2.994253e-08
2731 1.113392e-04 2.980858e-08
2732 1.113383e-04 2.967523e-08
2733 1.113374e-04 2.954248e-08
2734 1.113365e-04 2.941032e-08
2735 1.113356e-04 2.927876e-08
2736 1.113348e-04 2.914778e-08
2737 1.113339e-04 2.901739e-08
2738 1.113330e-04 2.888758e-08
2739 1.113321e-04 2.875835e-08
2740 1.113313e-04 2.862970e-08
2741 1.113304e-04 2.850163e-08
2742 1.113295e-04 2.837413e-08
2743 1.113287e-04 2.824720e-08
2744 1.113278e-04 2.812083e-08
2745 1.113270e-04 2.799504e-08
2746 1.113261e-04 2.786980e-08
2747 1.113253e-04 2.774513e-08
2748 1.113245e-04 2.762101e-08
2749 1.113236e-04 2.749745e-08
2750 1.113228e-04 2.737444e-08
2751 1.113220e-04 2.725198e-08
2752 1.113212e-04 2.713007e-08
2753 1.113203e-04 2.700870e-08
2754 1.113195e-04 2.688788e-08
2755 1.113187e-04 2.676760e-08
2756 1.113179e-04 2.664785e-08
2757 1.113171e-04 2.652865e-08
2758 1.113163e-04 2.640997e-08
2759 1.113155e-04 2.629183e-08
2760 1.113147e-04 2.617421e-08
2761 1.113139e-04 2.605712e-08
2762 1.113131e-04 2.594056e-08
2763 1.113124e-04 2.582451e-08
2764 1.113116e-04 2.570899e-08
2765 1.113108e-04 2.559398e-08
2766 1.113100e-04 2.547948e-08
2767 1.113093e-04 2.536550e-08
2768 1.113085e-04 2.525203e-08
2769 1.113077e-04 2.513907e-08
2770 1.113070e-04 2.502661e-08
2771 1.113062e-04 2.491465e-08
2772 1.113055e-04 2.480320e-08
2773 1.113047e-04 2.469224e-08
2774 1.113040e-04 2.458178e-08
2775 1.113033e-04 2.447181e-08
2776 1.113025e-04 2.436234e-08
2777 1.113018e-04 2.425336e-08
2778 1.113011e-04 2.414486e-08
2779 1.113003e-04 2.403685e-08
2780 1.112996e-04 2.392932e-08
2781 1.112989e-04 2.382227e-08
2782 1.112982e-04 2.371571e-08
2783 1.112975e-04 2.360961e-08
2784 1.112968e-04 2.350400e-08
2785 1.112960e-04 2.339885e-08
2786 1.112953e-04 2.329418e-08
2787 1.112946e-04 2.318997e-08
2788 1.112939e-04 2.308623e-08
2789 1.112933e-04 2.298296e-08
2790 1.112926e-04 2.288014e-08
2791 1.112919e-04 2.277779e-08
2792 1.112912e-04 2.267589e-08
2793 1.112905e-04 2.257445e-08
2794 1.112898e-04 2.247347e-08
2795 1.112892e-04 2.237293e-08
2796 1.112885e-04 2.227285e-08
2797 1.112878e-04 2.217321e-08
2798 1.112871e-04 2.207402e-08
2799 1.112865e-04 2.197527e-08
2800 1.112858e-04 2.187697e-08
2801 1.112852e-04 2.177910e-08
2802 1.112845e-04 2.168167e-08
2803 1.112839e-04 2.158468e-08
2804 1.112832e-04 2.148812e-08
2805 1.112826e-04 2.139200e-08
2806 1.112819e-04 2.129630e-08
2807 1.112813e-04 2.120103e-08
2808 1.112807e-04 2.110619e-08
2809 1.112800e-04 2.101177e-08
2810 1.112794e-04 2.091778e-08
2811 1.112788e-04 2.082420e-08
2812 1.112781e-04 2.073105e-08
2813 1.112775e-04 2.063831e-08
2814 1.112769e-04 2.054598e-08
2815 1.112763e-04 2.045407e-08
2816 1.112757e-04 2.036257e-08
2817 1.112751e-04 2.027148e-08
2818 1.112745e-04 2.018079e-08
2819 1.112738e-04 2.009051e-08
2820 1.112732e-04 2.000064e-08
2821 1.112726e-04 1.991117e-08
2822 1.112720e-04 1.982210e-08
2823 1.112715e-04 1.973342e-08
2824 1.112709e-04 1.964515e-08
2825 1.112703e-04 1.955726e-08
2826 1.112697e-04 1.946978e-08
2827 1.112691e-04 1.938268e-08
2828 1.112685e-04 1.929597e-08
2829 1.112679e-04 1.920965e-08
2830 1.112674e-04 1.912372e-08
2831 1.112668e-04 1.903817e-08
2832 1.112662e-04 1.895300e-08
2833 1.112657e-04 1.886821e-08
2834 1.112651e-04 1.878381e-08
2835 1.112645e-04 1.869978e-08
2836 1.112640e-04 1.861613e-08
2837 1.112634e-04 1.853285e-08
2838 1.112629e-04 1.844994e-08
2839 1.112623e-04 1.836741e-08
2840 1.112618e-04 1.828524e-08
2841 1.112612e-04 1.820344e-08
2842 1.112607e-04 1.812201e-08
2843 1.112601e-04 1.804094e-08
2844 1.112596e-04 1.796024e-08
2845 1.112590e-04 1.787989e-08
2846 1.112585e-04 1.779991e-08
2847 1.112580e-04 1.772028e-08
2848 1.112574e-04 1.764101e-08
2849 1.112569e-04 1.756209e-08
2850 1.112564e-04 1.748353e-08
2851 1.112559e-04 1.740532e-08
2852 1.112553e-04 1.732745e-08
2853 1.112548e-04 1.724994e-08
2854 1.112543e-04 1.717277e-08
2855 1.112538e-04 1.709595e-08
2856 1.112533e-04 1.701947e-08
2857 1.112528e-04 1.694334e-08
2858 1.112523e-04 1.686754e-08
2859 1.112518e-04 1.679208e-08
2860 1.112513e-04 1.671697e-08
2861 1.112508e-04 1.664218e-08
2862 1.112503e-04 1.656773e-08
2863 1.112498e-04 1.649362e-08
2864 1.112493e-04 1.641984e-08
2865 1.112488e-04 1.634638e-08
2866 1.112483e-04 1.627326e-08
2867 1.112478e-04 1.620046e-08
2868 1.112473e-04 1.612799e-08
2869 1.112468e-04 1.605584e-08
2870 1.112464e-04 1.598401e-08
2871 1.112459e-04 1.591251e-08
2872 1.112454e-04 1.584132e-08
2873 1.112449e-04 1.577046e-08
2874 1.112445e-04 1.569991e-08
2875 1.112440e-04 1.562968e-08
2876 1.112435e-04 1.555976e-08
2877 1.112431e-04 1.549015e-08
2878 1.112426e-04 1.542086e-08
2879 1.112421e-04 1.535187e-08
2880 1.112417e-04 1.528320e-08
2881 1.112412e-04 1.521483e-08
2882 1.112408e-04 1.514676e-08
2883 1.112403e-04 1.507901e-08
2884 1.112399e-04 1.501155e-08
2885 1.112394e-04 1.494440e-08
2886 1.112390e-04 1.487754e-08
2887 1.112385e-04 1.481099e-08
2888 1.112381e-04 1.474473e-08
2889 1.112376e-04 1.467877e-08
2890 1.112372e-04 1.461311e-08
2891 1.112368e-04 1.454774e-08
2892 1.112363e-04 1.448266e-08
2893 1.112359e-04 1.441787e-08
2894 1.112355e-04 1.435337e-08
2895 1.112350e-04 1.428916e-08
2896 1.112346e-04 1.422524e-08
2897 1.112342e-04 1.416160e-08
2898 1.112338e-04 1.409825e-08
2899 1.112333e-04 1.403518e-08
2900 1.112329e-04 1.397240e-08
2901 1.112325e-04 1.390989e-08
2902 1.112321e-04 1.384767e-08
2903 1.112317e-04 1.378572e-08
2904 1.112313e-04 1.372405e-08
2905 1.112309e-04 1.366266e-08
2906 1.112305e-04 1.360154e-08
2907 1.112301e-04 1.354069e-08
2908 1.112296e-04 1.348012e-08
2909 1.112292e-04 1.341981e-08
2910 1.112288e-04 1.335978e-08
2911 1.112284e-04 1.330002e-08
2912 1.112280e-04 1.324052e-08
2913 1.112277e-04 1.318129e-08
2914 1.112273e-04 1.312232e-08
2915 1.112269e-04 1.306362e-08
2916 1.112265e-04 1.300518e-08
2917 1.112261e-04 1.294700e-08
2918 1.112257e-04 1.288908e-08
2919 1.112253e-04 1.283143e-08
2920 1.112249e-04 1.277402e-08
2921 1.112246e-04 1.271688e-08
2922 1.112242e-04 1.265999e-08
2923 1.112238e-04 1.260336e-08
2924 1.112234e-04 1.254698e-08
2925 1.112231e-04 1.249085e-08
2926 1.112227e-04 1.243497e-08
2927 1.112223e-04 1.237934e-08
2928 1.112219e-04 1.232396e-08
2929 1.112216e-04 1.226883e-08
2930 1.112212e-04 1.221395e-08
2931 1.112208e-04 1.215931e-08
2932 1.112205e-04 1.210492e-08
2933 1.112201e-04 1.205077e-08
2934 1.112198e-04 1.199686e-08
2935 1.112194e-04 1.194319e-08
2936 1.112190e-04 1.188976e-08
2937 1.112187e-04 1.183657e-08
2938 1.112183e-04 1.178362e-08
2939 1.112180e-04 1.173091e-08
2940 1.112176e-04 1.167843e-08
2941 1.112173e-04 1.162619e-08
2942 1.112169e-04 1.157418e-08
2943 1.112166e-04 1.152240e-08
2944 1.112163e-04 1.147086e-08
2945 1.112159e-04 1.141954e-08
2946 1.112156e-04 1.136846e-08
2947 1.112152e-04 1.131760e-08
2948 1.112149e-04 1.126697e-08
2949 1.112146e-04 1.121657e-08
2950 1.112142e-04 1.116639e-08
2951 1.112139e-04 1.111644e-08
2952 1.112136e-04 1.106671e-08
2953 1.112132e-04 1.101720e-08
2954 1.112129e-04 1.096792e-08
2955 1.112126e-04 1.091885e-08
2956 1.112123e-04 1.087001e-08
2957 1.112119e-04 1.082138e-08
2958 1.112116e-04 1.077297e-08
2959 1.112113e-04 1.072478e-08
2960 1.112110e-04 1.067680e-08
2961 1.112106e-04 1.062904e-08
2962 1.112103e-04 1.058149e-08
2963 1.112100e-04 1.053416e-08
2964 1.112097e-04 1.048703e-08
2965 1.112094e-04 1.044012e-08
2966 1.112091e-04 1.039342e-08
2967 1.112088e-04 1.034692e-08
2968 1.112085e-04 1.030063e-08
2969 1.112082e-04 1.025455e-08
2970 1.112079e-04 1.020868e-08
2971 1.112075e-04 1.016301e-08
2972 1.112072e-04 1.011755e-08
2973 1.112069e-04 1.007229e-08
2974 1.112066e-04 1.002723e-08
2975 1.112063e-04 9.982374e-09
