# step err_l2 res_l2
0 2.463645e-01 1.000000e+00
1 2.347304e-01 5.441484e-01
2 2.551688e-01 7.460678e-01
3 2.953380e-01 1.034994e+00
4 3.635859e-01 1.447565e+00
5 4.707216e-01 2.054001e+00
6 6.325768e-01 3.030805e+00
7 8.786023e-01 4.927331e+00
8 1.282513e+00 9.433572e+00
9 2.070179e+00 2.109910e+01
10 3.927013e+00 5.139000e+01
11 8.691974e+00 1.294546e+02
12 2.100462e+01 3.303952e+02
13 5.269047e+01 8.495549e+02
14 1.344154e+02 2.200983e+03
15 3.469034e+02 5.759513e+03
16 9.066194e+02 1.528197e+04
17 2.407926e+03 4.130719e+04
18 6.529101e+03 1.142670e+05
19 1.815162e+04 3.245549e+05
20 5.187345e+04 9.472938e+05
21 1.523639e+05 2.835709e+06
22 4.586686e+05 8.671170e+06
23 1.408760e+06 2.695536e+07
24 4.393056e+06 8.480044e+07
25 1.384826e+07 2.689899e+08
26 4.397826e+07 8.579713e+08
27 1.403530e+08 2.746508e+09
28 4.493752e+08 8.812627e+09
29 1.441815e+09 2.831937e+10
30 4.632381e+09 9.109226e+10
31 1.489660e+10 2.931907e+11
32 4.793217e+10 9.440508e+11
33 1.542907e+11 3.040584e+12
34 4.967883e+11 9.794843e+12
35 1.599880e+12 3.155679e+13
36 5.153061e+12 1.016782e+14
37 1.659933e+13 3.276367e+14
38 5.347531e+13 1.055798e+15
39 1.722848e+14 3.402426e+15
40 5.550943e+14 1.096510e+16
41 1.788584e+15 3.533877e+16
42 5.763313e+15 1.138946e+17
43 1.857178e+16 3.670848e+17
44 5.984824e+16 1.183152e+18
45 1.928700e+17 3.813512e+18
46 6.215733e+17 1.229190e+19
47 2.003241e+18 3.962068e+19
48 6.456341e+18 1.277124e+20
49 2.080900e+19 4.116728e+20
50 6.706979e+19 1.327023e+21
51 2.161786e+20 4.277715e+21
52 6.967999e+20 1.378960e+22
53 2.246013e+21 4.445265e+22
54 7.239772e+21 1.433011e+23
55 2.333702e+22 4.619623e+23
56 7.522689e+22 1.489254e+24
57 2.424978e+23 4.801045e+24
58 7.817161e+23 1.547773e+25
59 2.519976e+24 4.989798e+25
60 8.123615e+24 1.608654e+26
61 2.618833e+25 5.186162e+26
62 8.442502e+25 1.671987e+27
63 2.721694e+26 5.390427e+27
64 8.774288e+26 1.737867e+28
65 2.828711e+27 5.602897e+28
66 9.119464e+27 1.806390e+29
67 2.940043e+28 5.823888e+29
68 9.478540e+28 1.877660e+30
69 3.055853e+29 6.053729e+30
70 9.852049e+29 1.951782e+31
71 3.176315e+30 6.292763e+31
72 1.024055e+31 2.028866e+32
73 3.301606e+31 6.541348e+32
74 1.064461e+32 2.109030e+33
75 3.431914e+32 6.799856e+33
76 1.106484e+33 2.192392e+34
77 3.567433e+33 7.068674e+34
78 1.150187e+34 2.279077e+35
79 3.708367e+34 7.348205e+35
80 1.195635e+35 2.369216e+36
81 3.854925e+35 7.638870e+36
82 1.242896e+36 2.462944e+37
83 4.007328e+36 7.941104e+37
84 1.292041e+37 2.560402e+38
85 4.165805e+37 8.255362e+38
86 1.343144e+38 2.661736e+39
87 4.330592e+38 8.582117e+39
88 1.396281e+39 2.767099e+40
89 4.501938e+39 8.921861e+40
90 1.451533e+40 2.876649e+41
91 4.680101e+40 9.275106e+41
92 1.508983e+41 2.990552e+42
93 4.865348e+41 9.642382e+42
94 1.568716e+42 3.108979e+43
95 5.057959e+42 1.002425e+44
96 1.630823e+43 3.232109e+44
97 5.258223e+43 1.042127e+45
98 1.695398e+44 3.360127e+45
99 5.466442e+44 1.083405e+46
100 1.762537e+45 3.493226e+46
101 5.682930e+45 1.126322e+47
102 1.832343e+46 3.631608e+47
103 5.908014e+46 1.170942e+48
104 1.904919e+47 3.775480e+48
105 6.142032e+47 1.217332e+49
106 1.980377e+48 3.925061e+49
107 6.385338e+48 1.265563e+50
108 2.058829e+49 4.080575e+50
109 6.638298e+49 1.315707e+51
110 2.140393e+50 4.242258e+51
111 6.901295e+50 1.367839e+52
112 2.225194e+51 4.410353e+52
113 7.174726e+51 1.422040e+53
114 2.313359e+52 4.585115e+53
115 7.459003e+52 1.478389e+54
116 2.405020e+53 4.766807e+54
117 7.754555e+53 1.536974e+55
118 2.500317e+54 4.955704e+55
119 8.061828e+54 1.597881e+56
120 2.599394e+55 5.152091e+56
121 8.381287e+55 1.661203e+57
122 2.702399e+56 5.356264e+57
123 8.713414e+56 1.727036e+58
124 2.809489e+57 5.568532e+58
125 9.058710e+57 1.795479e+59
126 2.920825e+58 5.789216e+59
127 9.417697e+58 1.866635e+60
128 3.036575e+59 6.018649e+60
129 9.790918e+59 1.940612e+61
130 3.156915e+60 6.257178e+61
131 1.017894e+61 2.017522e+62
132 3.282025e+61 6.505162e+62
133 1.058234e+62 2.097481e+63
134 3.412096e+62 6.762977e+63
135 1.100173e+63 2.180609e+64
136 3.547323e+63 7.031012e+64
137 1.143775e+64 2.267033e+65
138 3.687910e+64 7.309672e+65
139 1.189105e+65 2.356883e+66
140 3.834071e+65 7.599378e+66
141 1.236232e+66 2.450294e+67
142 3.986026e+66 7.900567e+67
143 1.285228e+67 2.547408e+68
144 4.144004e+67 8.213695e+68
145 1.336165e+68 2.648371e+69
146 4.308244e+68 8.539235e+69
147 1.389122e+69 2.753336e+70
148 4.478995e+69 8.877679e+70
149 1.444178e+70 2.862462e+71
150 4.656514e+70 9.229538e+71
151 1.501416e+71 2.975913e+72
152 4.841069e+71 9.595343e+72
153 1.560923e+72 3.093861e+73
154 5.032940e+72 9.975648e+73
155 1.622789e+73 3.216484e+74
156 5.232416e+73 1.037103e+75
157 1.687107e+74 3.343968e+75
158 5.439799e+74 1.078208e+76
159 1.753974e+75 3.476504e+76
160 5.655402e+75 1.120942e+77
161 1.823492e+76 3.614294e+77
162 5.879550e+76 1.165370e+78
163 1.895765e+77 3.757545e+78
164 6.112583e+77 1.211559e+79
165 1.970902e+78 3.906475e+79
166 6.354853e+78 1.259579e+80
167 2.049018e+79 4.061307e+80
168 6.606725e+79 1.309502e+81
169 2.130230e+80 4.222276e+81
170 6.868580e+80 1.361404e+82
171 2.214661e+81 4.389625e+82
172 7.140814e+81 1.415363e+83
173 2.302439e+82 4.563607e+83
174 7.423839e+82 1.471461e+84
175 2.393696e+83 4.744485e+84
176 7.718081e+83 1.529782e+85
177 2.488569e+84 4.932532e+85
178 8.023986e+84 1.590415e+86
179 2.587203e+85 5.128033e+86
180 8.342016e+85 1.653451e+87
181 2.689747e+86 5.331282e+87
182 8.672651e+86 1.718985e+88
183 2.796355e+87 5.542587e+88
184 9.016390e+87 1.787117e+89
185 2.907188e+88 5.762267e+89
186 9.373754e+88 1.857949e+90
187 3.022414e+89 5.990654e+90
188 9.745282e+89 1.931589e+91
189 3.142208e+90 6.228094e+91
190 1.013154e+91 2.008147e+92
191 3.266749e+91 6.474945e+92
192 1.053310e+92 2.087740e+93
193 3.396226e+92 6.731579e+93
194 1.095058e+93 2.170488e+94
195 3.530836e+93 6.998385e+94
196 1.138460e+94 2.256515e+95
197 3.670780e+94 7.275766e+95
198 1.183583e+95 2.345952e+96
199 3.816272e+95 7.564142e+96
200 1.230495e+96 2.438934e+97
201 3.967530e+96 7.863947e+97
202 1.279265e+97 2.535602e+98
203 4.124783e+97 8.175634e+98
204 1.329969e+98 2.636100e+99
205 4.288269e+98 8.499676e+99
206 1.382682e+99 2.740582e+100
207 4.458235e+99 8.836561e+100
208 1.437485e+100 2.849205e+101
209 4.634937e+100 9.186799e+101
210 1.494460e+101 2.962134e+102
211 4.818643e+101 9.550918e+102
212 1.553693e+102 3.079538e+103
213 5.009630e+102 9.929469e+103
214 1.615274e+103 3.201596e+104
215 5.208187e+103 1.032302e+105
216 1.679295e+104 3.328491e+105
217 5.414614e+104 1.073218e+106
218 1.745854e+105 3.460416e+106
219 5.629222e+105 1.115755e+107
220 1.815051e+106 3.597570e+107
221 5.852337e+106 1.159978e+108
222 1.886991e+107 3.740160e+108
223 6.084294e+107 1.205954e+109
224 1.961782e+108 3.888401e+109
225 6.325446e+108 1.253752e+110
226 2.039537e+109 4.042518e+110
227 6.576155e+109 1.303444e+111
228 2.120374e+110 4.202744e+111
229 6.836801e+110 1.355106e+112
230 2.204415e+111 4.369320e+112
231 7.107778e+111 1.408816e+113
232 2.291787e+112 4.542498e+113
233 7.389496e+112 1.464655e+114
234 2.382623e+113 4.722540e+114
235 7.682379e+113 1.522706e+115
236 2.477058e+114 4.909718e+115
237 7.986870e+114 1.583059e+116
238 2.575236e+115 5.104315e+116
239 8.303431e+115 1.645803e+117
240 2.677306e+116 5.306625e+117
241 8.632538e+116 1.711035e+118
242 2.783421e+117 5.516954e+118
243 8.974689e+117 1.778852e+119
244 2.893742e+118 5.735619e+119
245 9.330401e+118 1.849357e+120
246 3.008436e+119 5.962950e+120
247 9.700212e+119 1.922656e+121
248 3.127676e+120 6.199292e+121
249 1.008468e+121 1.998861e+122
250 3.251641e+121 6.445001e+122
251 1.048439e+122 2.078086e+123
252 3.380520e+122 6.700450e+123
253 1.089994e+123 2.160451e+124
254 3.514507e+123 6.966022e+124
255 1.133196e+124 2.246081e+125
256 3.653805e+124 7.242121e+125
257 1.178110e+125 2.335104e+126
258 3.798624e+125 7.529163e+126
259 1.224804e+126 2.427656e+127
260 3.949183e+126 7.827582e+127
261 1.273350e+127 2.523876e+128
262 4.105709e+127 8.137829e+128
263 1.323819e+128 2.623910e+129
264 4.268439e+128 8.460372e+129
265 1.376289e+129 2.727909e+130
266 4.437619e+129 8.795700e+130
267 1.430838e+130 2.836030e+131
268 4.613504e+130 9.144318e+131
269 1.487549e+131 2.948436e+132
270 4.796361e+131 9.506754e+132
271 1.546508e+132 3.065298e+133
272 4.986465e+132 9.883554e+133
273 1.607804e+133 3.186791e+134
274 5.184104e+133 1.027529e+135
275 1.671530e+134 3.313100e+135
276 5.389576e+134 1.068255e+136
277 1.737781e+135 3.444415e+136
278 5.603192e+135 1.110596e+137
279 1.806658e+136 3.580935e+137
280 5.825275e+136 1.154614e+138
281 1.878265e+137 3.722865e+138
282 6.056160e+137 1.200377e+139
283 1.952710e+138 3.870421e+139
284 6.296197e+138 1.247954e+140
285 2.030106e+139 4.023826e+140
286 6.545747e+139 1.297417e+141
287 2.110570e+140 4.183310e+141
288 6.805188e+140 1.348840e+142
289 2.194222e+141 4.349116e+142
290 7.074912e+141 1.402302e+143
291 2.281190e+142 4.521493e+143
292 7.355327e+142 1.457882e+144
293 2.371605e+143 4.700703e+144
294 7.646856e+143 1.515665e+145
295 2.465604e+144 4.887016e+145
296 7.949939e+144 1.575739e+146
297 2.563329e+145 5.080713e+146
298 8.265036e+145 1.638193e+147
299 2.664926e+146 Inf
