# step err_l2 res_l2
0 2.449623e-01 1.000000e+00
1 1.617910e-01 2.216255e-01
2 1.247033e-01 1.249407e-01
3 1.016647e-01 8.206921e-02
4 8.491328e-02 6.010130e-02
5 7.170394e-02 4.797631e-02
6 6.085491e-02 4.130864e-02
7 5.178264e-02 3.887513e-02
8 4.415517e-02 4.111546e-02
9 3.777124e-02 4.899325e-02
10 3.253641e-02 6.346008e-02
11 2.849841e-02 8.579302e-02
12 2.593403e-02 1.181291e-01
13 2.543810e-02 1.638279e-01
14 2.784843e-02 2.278268e-01
15 3.396640e-02 3.171499e-01
16 4.450853e-02 4.416600e-01
17 6.044778e-02 6.151368e-01
18 8.335965e-02 8.567956e-01
19 1.156589e-01 1.193412e+00
20 1.608545e-01 1.662289e+00
21 2.239170e-01 2.315386e+00
22 3.118150e-01 3.225079e+00
23 4.342792e-01 4.492184e+00
24 6.048756e-01 6.257122e+00
25 8.425074e-01 8.715488e+00
26 1.173508e+00 1.213972e+01
27 1.634558e+00 1.690931e+01
28 2.276753e+00 2.355282e+01
29 3.171261e+00 3.280650e+01
30 4.417214e+00 4.569586e+01
31 6.152691e+00 6.364934e+01
32 8.570020e+00 8.865657e+01
33 1.193710e+01 1.234889e+02
34 1.662706e+01 1.720065e+02
35 2.315968e+01 2.395863e+02
36 3.225889e+01 3.337175e+02
37 4.493310e+01 4.648320e+02
38 6.258689e+01 6.474601e+02
39 8.717669e+01 9.018411e+02
40 1.214276e+02 1.256166e+03
41 1.691354e+02 1.749702e+03
42 2.355870e+02 2.437143e+03
43 3.281470e+02 3.394674e+03
44 4.570728e+02 4.728409e+03
45 6.366525e+02 6.586157e+03
46 8.867873e+02 9.173797e+03
47 1.235198e+03 1.277810e+04
48 1.720495e+03 1.779849e+04
49 2.396462e+03 2.479135e+04
50 3.338009e+03 3.453164e+04
51 4.649481e+03 4.809879e+04
52 6.476219e+03 6.699636e+04
53 9.020665e+03 9.331860e+04
54 1.256480e+04 1.299826e+05
55 1.750139e+04 1.810515e+05
56 2.437752e+04 2.521850e+05
57 3.395522e+04 3.512661e+05
58 4.729591e+04 4.892753e+05
59 6.587803e+04 6.815069e+05
60 9.176089e+04 9.492646e+05
61 1.278129e+05 1.322222e+06
62 1.780294e+05 1.841710e+06
63 2.479754e+05 2.565301e+06
64 3.454027e+05 3.573184e+06
65 4.811081e+05 4.977054e+06
66 6.701310e+05 6.932492e+06
67 9.334192e+05 9.656203e+06
68 1.300151e+06 1.345003e+07
69 1.810968e+06 1.873443e+07
70 2.522480e+06 2.609501e+07
71 3.513539e+06 3.634749e+07
72 4.893976e+06 5.062808e+07
73 6.816773e+06 7.051938e+07
74 9.495019e+06 9.822578e+07
75 1.322552e+07 1.368178e+08
76 1.842171e+07 1.905722e+08
77 2.565942e+07 2.654462e+08
78 3.574077e+07 3.697375e+08
79 4.978298e+07 5.150039e+08
80 6.934225e+07 7.173442e+08
81 9.658616e+07 9.991820e+08
82 1.345340e+08 1.391751e+09
83 1.873911e+08 1.938557e+09
84 2.610153e+08 2.700198e+09
85 3.635658e+08 3.761081e+09
86 5.064073e+08 5.238774e+09
87 7.053700e+08 7.297039e+09
88 9.825033e+08 1.016398e+10
89 1.368520e+09 1.415731e+10
90 1.906198e+09 1.971958e+10
91 2.655126e+09 2.746722e+10
92 3.698299e+09 3.825883e+10
93 5.151327e+09 5.329037e+10
94 7.175234e+09 7.422766e+10
95 9.994317e+09 1.033910e+11
96 1.392099e+10 1.440124e+11
97 1.939042e+10 2.005935e+11
98 2.700873e+10 2.794048e+11
99 3.762021e+10 3.891803e+11
100 5.240083e+10 5.420856e+11
101 7.298863e+10 7.550659e+11
102 1.016652e+11 1.051724e+12
103 1.416085e+11 1.464937e+12
104 1.972451e+11 2.040497e+12
105 2.747409e+11 2.842189e+12
106 3.826840e+11 3.958858e+12
107 5.330369e+11 5.514256e+12
108 7.424621e+11 7.680756e+12
109 1.034168e+12 1.069845e+13
110 1.440484e+12 1.490177e+13
111 2.006436e+12 2.075654e+13
112 2.794746e+12 2.891159e+13
113 3.892775e+12 4.027069e+13
114 5.422210e+12 5.609266e+13
115 7.552546e+12 7.813094e+13
116 1.051987e+13 1.088279e+14
117 1.465303e+13 1.515853e+14
118 2.041007e+13 2.111417e+14
119 2.842899e+13 2.940973e+14
120 3.959847e+13 4.096454e+14
121 5.515634e+13 5.705913e+14
122 7.682675e+13 7.947712e+14
123 1.070113e+14 1.107029e+15
124 1.490550e+14 1.541971e+15
125 2.076173e+14 2.147797e+15
126 2.891882e+14 2.991646e+15
127 4.028075e+14 4.167036e+15
128 5.610668e+14 5.804225e+15
129 7.815047e+14 8.084650e+15
130 1.088551e+15 1.126103e+16
131 1.516232e+15 1.568539e+16
132 2.111945e+15 2.184803e+16
133 2.941708e+15 3.043192e+16
134 4.097478e+15 4.238833e+16
135 5.707339e+15 5.904231e+16
136 7.949699e+15 8.223948e+16
137 1.107306e+16 1.145506e+17
138 1.542356e+16 1.595564e+17
139 2.148334e+16 2.222447e+17
140 2.992394e+16 3.095625e+17
141 4.168077e+16 4.311867e+17
142 5.805675e+16 6.005960e+17
143 8.086671e+16 8.365645e+17
144 1.126385e+17 1.165243e+18
145 1.568931e+17 1.623056e+18
146 2.185349e+17 2.260739e+18
147 3.043952e+17 3.148962e+18
148 4.239892e+17 4.386160e+18
149 5.905706e+17 6.109442e+18
150 8.226003e+17 8.509784e+18
151 1.145792e+18 1.185320e+19
152 1.595963e+18 1.651021e+19
153 2.223002e+18 2.299691e+19
154 3.096399e+18 3.203219e+19
155 4.312945e+18 4.461733e+19
156 6.007461e+18 6.214706e+19
157 8.367736e+18 8.656406e+19
158 1.165534e+19 1.205743e+20
159 1.623461e+19 1.679468e+20
160 2.261304e+19 2.339315e+20
161 3.149749e+19 3.258410e+20
162 4.387256e+19 4.538608e+20
163 6.110968e+19 6.321785e+20
164 8.511911e+19 8.805555e+20
165 1.185616e+20 1.226517e+21
166 1.651433e+20 1.708405e+21
167 2.300266e+20 2.379621e+21
168 3.204019e+20 3.314552e+21
169 4.462848e+20 4.616808e+21
170 6.216259e+20 6.430708e+21
171 8.658570e+20 8.957273e+21
172 1.206044e+21 1.247650e+22
173 1.679887e+21 1.737840e+22
174 2.339899e+21 2.420621e+22
175 3.259224e+21 3.371661e+22
176 4.539742e+21 4.696355e+22
177 6.323365e+21 6.541508e+22
178 8.807755e+21 9.111606e+22
179 1.226824e+22 1.269147e+23
180 1.708832e+22 1.767783e+23
181 2.380216e+22 2.462328e+23
182 3.315380e+22 3.429754e+23
183 4.617962e+22 4.777272e+23
184 6.432315e+22 6.654217e+23
185 8.959512e+22 9.268597e+23
186 1.247962e+23 1.291014e+24
187 1.738275e+23 1.798242e+24
188 2.421226e+23 2.504754e+24
189 3.372503e+23 3.488848e+24
190 4.697528e+23 4.859584e+24
191 6.543143e+23 6.768869e+24
192 9.113883e+23 9.428294e+24
193 1.269464e+24 1.313258e+25
194 1.768225e+24 1.829225e+25
195 2.462944e+24 2.547910e+25
196 3.430611e+24 3.548960e+25
197 4.778466e+24 4.943314e+25
198 6.655881e+24 6.885495e+25
199 9.270914e+24 9.590742e+25
200 1.291337e+25 1.335885e+26
201 1.798691e+25 1.860742e+26
202 2.505380e+25 2.591810e+26
203 3.489720e+25 3.610108e+26
204 4.860798e+25 5.028486e+26
205 6.770560e+25 7.004131e+26
206 9.430650e+25 9.755989e+26
207 1.313586e+26 1.358903e+27
208 1.829682e+26 1.892803e+27
209 2.548547e+26 2.636467e+27
210 3.549847e+26 3.672310e+27
211 4.944549e+26 5.115126e+27
212 6.887216e+26 7.124811e+27
213 9.593139e+26 9.924083e+27
214 1.336219e+27 1.382316e+28
215 1.861207e+27 1.925415e+28
216 2.592458e+27 2.681893e+28
217 3.611011e+27 3.735583e+28
218 5.029743e+27 5.203259e+28
219 7.005882e+27 7.247571e+28
220 9.758427e+27 1.009507e+29
221 1.359242e+28 1.406133e+29
222 1.893276e+28 1.958590e+29
223 2.637126e+28 2.728102e+29
224 3.673228e+28 3.799947e+29
225 5.116405e+28 5.292911e+29
226 7.126592e+28 7.372445e+29
227 9.926563e+28 1.026901e+30
228 1.382662e+29 1.430361e+30
229 1.925896e+29 1.992336e+30
230 2.682563e+29 2.775106e+30
231 3.736517e+29 3.865420e+30
232 5.204560e+29 5.384107e+30
233 7.249382e+29 7.499472e+30
234 1.009760e+30 1.044594e+31
235 1.406485e+30 1.455006e+31
236 1.959079e+30 2.026664e+31
237 2.728783e+30 2.822921e+31
238 3.800897e+30 3.932020e+31
239 5.294233e+30 5.476874e+31
240 7.374288e+30 7.628686e+31
241 1.027158e+31 1.062593e+32
242 1.430718e+31 1.480075e+32
243 1.992834e+31 2.061583e+32
244 2.775800e+31 2.871559e+32
245 3.866386e+31 3.999768e+32
246 5.385452e+31 5.571240e+32
247 7.501346e+31 7.760127e+32
248 1.044855e+32 1.080901e+33
249 1.455369e+32 1.505577e+33
250 2.027170e+32 2.097104e+33
251 2.823626e+32 2.921036e+33
252 3.933003e+32 4.068684e+33
253 5.478243e+32 5.667231e+33
254 7.630593e+32 7.893833e+33
255 1.062858e+33 1.099525e+34
256 1.480445e+33 1.531518e+34
257 2.062098e+33 2.133236e+34
258 2.872277e+33 2.971365e+34
259 4.000768e+33 4.138786e+34
260 5.572632e+33 5.764877e+34
261 7.762067e+33 8.029843e+34
262 1.081171e+34 1.118469e+35
263 1.505953e+34 1.557905e+35
264 2.097628e+34 2.169992e+35
265 2.921766e+34 3.022561e+35
266 4.069700e+34 4.210097e+35
267 5.668648e+34 5.864205e+35
268 7.895806e+34 8.168196e+35
269 1.099799e+35 1.137740e+36
270 1.531900e+35 1.584748e+36
271 2.133770e+35 2.207380e+36
272 2.972108e+35 3.074639e+36
273 4.139821e+35 4.282636e+36
274 5.766318e+35 5.965244e+36
275 8.031850e+35 8.308933e+36
276 1.118749e+36 1.157343e+37
277 1.558295e+36 1.612053e+37
278 2.170534e+36 2.245413e+37
279 3.023317e+36 3.127615e+37
280 4.211149e+36 4.356426e+37
281 5.865670e+36 6.068024e+37
282 8.170237e+36 8.452094e+37
283 1.138025e+37 1.177284e+38
284 1.585144e+37 1.639828e+38
285 2.207932e+37 2.284101e+38
286 3.075408e+37 3.181503e+38
287 4.283707e+37 4.431486e+38
288 5.966735e+37 6.172576e+38
289 8.311009e+37 8.597723e+38
290 1.157633e+38 1.197569e+39
291 1.612456e+38 1.668082e+39
292 2.245974e+38 2.323456e+39
293 3.128397e+38 3.236320e+39
294 4.357514e+38 4.507840e+39
295 6.069541e+38 6.278928e+39
296 8.454207e+38 8.745860e+39
297 1.177579e+39 1.218203e+40
298 1.640238e+39 1.696823e+40
299 2.284672e+39 2.363489e+40
300 3.182298e+39 3.292082e+40
301 4.432594e+39 4.585509e+40
302 6.174118e+39 6.387113e+40
303 8.599871e+39 8.896550e+40
304 1.197868e+40 1.239192e+41
305 1.668499e+40 1.726059e+41
306 2.324037e+40 2.404211e+41
307 3.237129e+40 3.348804e+41
308 4.508967e+40 4.664517e+41
309 6.280497e+40 6.497162e+41
310 8.748046e+40 9.049836e+41
311 1.218507e+41 1.260543e+42
312 1.697247e+41 1.755799e+42
313 2.364080e+41 2.445636e+42
314 3.292904e+41 3.406503e+42
315 4.586655e+41 4.744886e+42
316 6.388709e+41 6.609107e+42
317 8.898773e+41 9.205763e+42
318 1.239502e+42 1.282262e+43
319 1.726490e+42 1.786051e+43
320 2.404812e+42 2.487774e+43
321 3.349640e+42 3.465196e+43
322 4.665683e+42 4.826640e+43
323 6.498786e+42 6.722981e+43
324 9.052098e+42 9.364377e+43
325 1.260858e+43 1.304355e+44
326 1.756238e+43 1.816824e+44
327 2.446247e+43 2.530638e+44
328 3.407354e+43 3.524901e+44
329 4.746072e+43 4.909802e+44
330 6.610759e+43 6.838817e+44
331 9.208064e+43 9.525724e+44
332 1.282583e+44 1.326829e+45
333 1.786497e+44 1.848128e+45
334 2.488395e+44 2.574240e+45
335 3.466063e+44 3.585635e+45
336 4.827846e+44 4.994397e+45
337 6.724661e+44 6.956649e+45
338 9.366718e+44 9.689851e+45
339 1.304681e+45 1.349690e+46
340 1.817278e+45 1.879971e+46
341 2.531270e+45 2.618594e+46
342 3.525782e+45 3.647415e+46
343 4.911029e+45 5.080450e+46
344 6.840526e+45 7.076511e+46
345 9.528105e+45 9.856806e+46
346 1.327161e+46 1.372945e+47
347 1.848590e+46 1.912363e+47
348 2.574883e+46 2.663712e+47
349 3.586531e+46 3.710259e+47
350 4.995645e+46 5.167985e+47
351 6.958387e+46 7.198438e+47
352 9.692273e+46 1.002664e+48
353 1.350028e+47 1.396601e+48
354 1.880441e+47 1.945312e+48
355 2.619248e+47 2.709607e+48
356 3.648326e+47 3.774186e+48
357 5.081720e+47 5.257029e+48
358 7.078279e+47 7.322466e+48
359 9.859269e+47 1.019939e+49
360 1.373288e+48 1.420664e+49
361 1.912840e+48 1.978830e+49
362 2.664378e+48 2.756293e+49
363 3.711186e+48 3.839215e+49
364 5.169277e+48 5.347607e+49
365 7.200237e+48 7.448631e+49
366 1.002914e+49 1.037513e+50
367 1.396950e+49 1.445142e+50
368 1.945798e+49 2.012925e+50
369 2.710284e+49 2.803784e+50
370 3.775130e+49 3.905364e+50
371 5.258343e+49 5.439745e+50
372 7.324296e+49 7.576970e+50
373 1.020194e+50 1.055389e+51
374 1.421019e+50 1.470041e+51
375 1.979324e+50 2.047607e+51
376 2.756982e+50 2.852093e+51
377 3.840175e+50 3.972653e+51
378 5.348943e+50 5.533471e+51
379 7.450493e+50 7.707520e+51
380 1.037772e+51 1.073573e+52
381 1.445503e+51 1.495370e+52
382 2.013428e+51 2.082887e+52
383 2.804485e+51 2.901234e+52
384 3.906340e+51 4.041101e+52
385 5.441105e+51 5.628812e+52
386 7.578864e+51 7.840319e+52
387 1.055653e+52 1.092071e+53
388 1.470409e+52 1.521135e+53
389 2.048119e+52 2.118775e+53
390 2.852805e+52 2.951222e+53
391 3.973646e+52 4.110729e+53
392 5.534854e+52 5.725796e+53
393 7.709446e+52 7.975407e+53
394 1.073842e+53 1.110887e+54
395 1.495744e+53 1.547344e+54
396 2.083408e+53 2.155281e+54
397 2.901959e+53 3.002071e+54
398 4.042111e+53 4.181556e+54
399 5.630219e+53 5.824450e+54
400 7.842279e+53 8.112822e+54
401 1.092344e+54 1.130027e+55
402 1.521515e+54 1.574005e+55
403 2.119304e+54 2.192416e+55
404 2.951959e+54 3.053796e+55
405 4.111756e+54 4.253604e+55
406 5.727227e+54 5.924805e+55
407 7.977400e+54 8.252605e+55
408 1.111165e+55 1.149498e+56
409 1.547731e+55 1.601124e+56
410 2.155820e+55 2.230191e+56
411 3.002821e+55 3.106412e+56
412 4.182601e+55 4.326893e+56
413 5.825906e+55 6.026888e+56
414 8.114850e+55 8.394796e+56
415 1.130310e+56 1.169303e+57
416 1.574398e+56 1.628712e+57
417 2.192964e+56 2.268617e+57
418 3.054559e+56 3.159935e+57
419 4.254667e+56 4.401444e+57
420 5.926285e+56 6.130730e+57
421 8.254667e+56 8.539437e+57
422 1.149785e+57 1.189450e+58
423 1.601525e+57 1.656774e+58
424 2.230748e+57 2.307705e+58
425 3.107189e+57 3.214381e+58
426 4.327974e+57 4.477281e+58
427 6.028394e+57 6.236362e+58
428 8.396894e+57 8.686570e+58
429 1.169595e+58 1.209944e+59
430 1.629119e+58 1.685320e+59
431 2.269184e+58 2.347466e+59
432 3.160725e+58 3.269764e+59
433 4.402544e+58 4.554423e+59
434 6.132263e+58 6.343814e+59
435 8.541571e+58 8.836238e+59
436 1.189747e+59 1.230791e+60
437 1.657188e+59 1.714358e+60
438 2.308282e+59 2.387913e+60
439 3.215184e+59 3.326101e+60
440 4.478399e+59 4.632895e+60
441 6.237921e+59 6.453117e+60
442 8.688741e+59 8.988486e+60
443 1.210247e+60 1.251998e+61
444 1.685741e+60 1.743896e+61
445 2.348053e+60 2.429056e+61
446 3.270581e+60 3.383410e+61
447 4.555562e+60 4.712720e+61
448 6.345399e+60 6.564303e+61
449 8.838447e+60 9.143356e+61
450 1.231099e+61 1.273569e+62
451 1.714786e+61 1.773943e+62
452 2.388510e+61 2.470908e+62
453 3.326933e+61 3.441705e+62
454 4.634053e+61 4.793919e+62
455 6.454729e+61 6.677405e+62
456 8.990732e+61 9.300894e+62
457 1.252311e+62 1.295513e+63
458 1.744332e+62 1.804508e+63
459 2.429663e+62 2.513482e+63
460 3.384255e+62 3.501005e+63
461 4.713897e+62 4.876517e+63
462 6.565943e+62 6.792455e+63
463 9.145641e+62 9.461147e+63
464 1.273888e+63 1.317834e+64
465 1.774386e+63 1.835599e+64
466 2.471526e+63 2.556789e+64
467 3.442565e+63 3.561327e+64
468 4.795117e+63 4.960539e+64
469 6.679073e+63 6.909488e+64
470 9.303219e+63 9.624162e+64
471 1.295837e+64 1.340540e+65
472 1.804959e+64 1.867226e+65
473 2.514110e+64 2.600842e+65
474 3.501880e+64 3.622688e+65
475 4.877736e+64 5.046008e+65
476 6.794153e+64 7.028538e+65
477 9.463512e+64 9.789984e+65
478 1.318164e+65 1.363638e+66
479 1.836058e+65 1.899398e+66
480 2.557428e+65 2.645654e+66
481 3.562217e+65 3.685107e+66
482 4.961779e+65 5.132950e+66
483 6.911215e+65 7.149639e+66
484 9.626567e+65 9.958664e+66
485 1.340875e+66 1.387133e+67
486 1.867693e+66 1.932125e+67
487 2.601492e+66 2.691238e+67
488 3.623594e+66 3.748600e+67
489 5.047270e+66 5.221390e+67
490 7.030294e+66 7.272826e+67
491 9.792431e+66 1.013025e+68
492 1.363979e+67 1.411033e+68
493 1.899873e+67 1.965415e+68
494 2.646315e+67 2.737608e+68
495 3.686028e+67 3.813188e+68
496 5.134233e+67 5.311354e+68
497 7.151425e+67 7.398135e+68
498 9.961153e+67 1.030479e+69
499 1.387480e+68 1.435345e+69
500 1.932607e+68 1.999279e+69
501 2.691911e+68 2.784776e+69
502 3.749537e+68 3.878889e+69
503 5.222695e+68 5.402868e+69
504 7.274643e+68 7.525604e+69
505 1.013278e+69 1.048234e+70
506 1.411386e+69 1.460076e+70
507 1.965906e+69 2.033726e+70
508 2.738292e+69 2.832758e+70
509 3.814141e+69 3.945722e+70
510 5.312682e+69 5.495959e+70
511 7.399984e+69 7.655269e+70
512 1.030737e+70 1.066295e+71
513 1.435704e+70 1.485233e+71
514 1.999778e+70 2.068767e+71
515 2.785472e+70 2.881566e+71
516 3.879858e+70 4.013706e+71
517 5.404218e+70 5.590653e+71
518 7.527485e+70 7.787168e+71
519 1.048496e+71 1.084667e+72
520 1.460441e+71 1.510823e+72
521 2.034234e+71 2.104411e+72
522 2.833466e+71 2.931215e+72
523 3.946708e+71 4.082861e+72
524 5.497332e+71 5.686979e+72
525 7.657182e+71 7.921340e+72
526 1.066562e+72 1.103356e+73
527 1.485604e+72 1.536854e+73
528 2.069284e+72 2.140670e+73
529 2.882286e+72 2.981719e+73
530 4.014709e+72 4.153208e+73
531 5.592050e+72 5.784965e+73
532 7.789114e+72 8.057824e+73
533 1.084938e+73 1.122367e+74
534 1.511201e+73 1.563334e+74
535 2.104937e+73 2.177553e+74
536 2.931947e+73 3.033094e+74
537 4.083882e+73 4.224768e+74
538 5.688400e+73 5.884639e+74
539 7.923320e+73 8.196659e+74
540 1.103632e+74 1.141705e+75
541 1.537238e+74 1.590270e+75
542 2.141205e+74 2.215072e+75
543 2.982464e+74 3.085353e+75
544 4.154246e+74 4.297560e+75
545 5.786411e+74 5.986031e+75
546 8.059837e+74 8.337886e+75
547 1.122647e+75 1.161376e+76
548 1.563725e+75 1.617670e+76
549 2.178097e+75 2.253238e+76
550 3.033852e+75 3.138514e+76
551 4.225823e+75 4.371606e+76
552 5.886110e+75 6.089169e+76
553 8.198707e+75 8.481546e+76
554 1.141990e+76 1.181387e+77
555 1.590667e+76 1.645542e+77
556 2.215626e+76 2.292061e+77
557 3.086124e+76 3.192590e+77
558 4.298634e+76 4.446928e+77
559 5.987527e+76 6.194084e+77
560 8.339970e+76 8.627682e+77
561 1.161667e+77 1.201742e+78
562 1.618074e+77 1.673895e+78
563 2.253801e+77 2.331552e+78
564 3.139298e+77 3.247597e+78
565 4.372699e+77 4.523548e+78
566 6.090691e+77 6.300808e+78
567 8.483666e+77 8.776336e+78
568 1.181682e+78 1.222448e+79
569 1.645954e+78 1.702736e+79
570 2.292633e+78 2.371725e+79
571 3.193387e+78 3.303553e+79
572 4.448039e+78 4.601488e+79
573 6.195632e+78 6.409370e+79
574 8.629838e+78 8.927551e+79
575 1.202042e+79 1.243510e+80
576 1.674313e+79 1.732074e+80
577 2.332135e+79 2.412589e+80
578 3.248409e+79 3.360473e+80
579 4.524678e+79 4.680771e+80
580 6.302382e+79 6.519802e+80
581 8.778529e+79 9.081371e+80
582 1.222753e+80 1.264936e+81
583 1.703161e+80 1.761917e+81
584 2.372317e+80 2.454158e+81
585 3.304379e+80 3.418373e+81
586 4.602638e+80 4.761420e+81
587 6.410971e+80 6.632137e+81
588 8.929782e+80 9.237842e+81
589 1.243821e+81 1.286730e+82
590 1.732507e+81 1.792275e+82
591 2.413192e+81 2.496442e+82
592 3.361313e+81 3.477271e+82
593 4.681941e+81 4.843459e+82
594 6.521431e+81 6.746408e+82
595 9.083641e+81 9.397008e+82
596 1.265252e+82 1.308900e+83
597 1.762357e+82 1.823155e+83
598 2.454771e+82 2.539456e+83
599 3.419228e+82 3.537184e+83
600 4.762610e+82 4.926911e+83
601 6.633795e+82 6.862648e+83
602 9.240150e+82 9.558918e+83
603 1.287052e+83 1.331453e+84
604 1.792722e+83 1.854568e+84
605 2.497066e+83 2.583210e+84
606 3.478140e+83 3.598129e+84
607 4.844669e+83 5.011801e+84
608 6.748094e+83 6.980890e+84
609 9.399357e+83 9.723616e+84
610 1.309228e+84 1.354393e+85
611 1.823611e+84 1.886522e+85
612 2.540090e+84 2.627719e+85
613 3.538068e+84 3.660125e+85
614 4.928142e+84 5.098153e+85
615 6.864363e+84 7.101170e+85
616 9.561306e+84 9.891153e+85
617 1.331785e+85 1.377729e+86
618 1.855031e+85 1.919026e+86
619 2.583856e+85 2.672994e+86
620 3.599028e+85 3.723188e+86
621 5.013053e+85 5.185994e+86
622 6.982635e+85 7.223522e+86
623 9.726046e+85 1.006158e+87
624 1.354732e+86 1.401467e+87
625 1.886993e+86 1.952091e+87
626 2.628375e+86 2.719049e+87
627 3.661039e+86 3.787338e+87
628 5.099427e+86 5.275347e+87
629 7.102944e+86 7.347982e+87
630 9.893624e+86 1.023494e+88
631 1.378074e+87 1.425615e+88
632 1.919506e+87 1.985725e+88
633 2.673662e+87 2.765898e+88
634 3.724118e+87 3.852593e+88
635 5.187290e+87 5.366241e+88
636 7.225327e+87 7.474587e+88
637 1.006409e+88 1.041128e+89
638 1.401818e+88 1.450178e+89
639 1.952579e+88 2.019939e+89
640 2.719729e+88 2.813554e+89
641 3.788284e+88 3.918973e+89
642 5.276666e+88 5.458700e+89
643 7.349818e+88 7.603373e+89
644 1.023749e+89 1.059067e+90
645 1.425971e+89 1.475164e+90
646 1.986221e+89 2.054742e+90
647 2.766589e+89 2.862031e+90
648 3.853556e+89 3.986496e+90
649 5.367582e+89 5.552753e+90
650 7.476455e+89 7.734378e+90
651 1.041388e+90 1.077314e+91
652 1.450540e+90 1.500581e+91
653 2.020444e+90 2.090145e+91
654 2.814257e+90 2.911343e+91
655 3.919952e+90 4.055183e+91
656 5.460065e+90 5.648426e+91
657 7.605273e+90 7.867640e+91
658 1.059331e+91 1.095876e+92
659 1.475533e+91 1.526436e+92
660 2.055256e+91 2.126158e+92
661 2.862746e+91 2.961505e+92
662 3.987492e+91 4.125053e+92
663 5.554141e+91 5.745748e+92
664 7.736310e+91 8.003198e+92
665 1.077583e+92 1.114758e+93
666 1.500956e+92 1.552736e+93
667 2.090667e+92 2.162791e+93
668 2.912071e+92 3.012532e+93
669 4.056196e+92 4.196127e+93
670 5.649838e+92 5.844746e+93
671 7.869606e+92 8.141092e+93
672 1.096150e+93 1.133965e+94
673 1.526817e+93 1.579489e+94
674 2.126689e+93 2.200056e+94
675 2.962245e+93 3.064437e+94
676 4.126084e+93 4.268426e+94
677 5.747184e+93 5.945450e+94
678 8.005198e+93 8.281362e+94
679 1.115037e+94 1.153503e+95
680 1.553124e+94 1.606704e+95
681 2.163332e+94 2.237962e+95
682 3.013284e+94 3.117237e+95
683 4.197176e+94 4.341970e+95
684 5.846207e+94 6.047889e+95
685 8.143126e+94 8.424048e+95
686 1.134248e+95 1.173378e+96
687 1.579884e+95 1.634387e+96
688 2.200606e+95 2.276522e+96
689 3.065203e+95 3.170946e+96
690 4.269492e+95 4.416782e+96
691 5.946936e+95 6.152094e+96
692 8.283431e+95 8.569193e+96
693 1.153791e+96 1.193595e+97
694 1.607105e+96 1.662547e+97
695 2.238522e+96 2.315746e+97
696 3.118016e+96 3.225581e+97
697 4.343055e+96 4.492882e+97
698 6.049401e+96 6.258093e+97
699 8.426153e+96 8.716839e+97
700 1.173671e+97 1.214160e+98
701 1.634795e+97 1.691193e+98
702 2.277091e+97 2.355646e+98
703 3.171739e+97 3.281158e+98
704 4.417885e+97 4.570294e+98
705 6.153631e+97 6.365919e+98
706 8.571335e+97 8.867029e+98
707 1.193893e+98 1.235080e+99
708 1.662963e+98 1.720332e+99
709 2.316325e+98 2.396234e+99
710 3.226387e+98 3.337691e+99
711 4.494005e+98 4.649039e+99
712 6.259657e+98 6.475603e+99
713 8.719018e+98 9.019807e+99
714 1.214464e+99 1.256360e+100
715 1.691615e+99 1.749973e+100
716 2.356235e+99 2.437520e+100
717 3.281978e+99 3.395199e+100
718 4.571436e+99 4.729141e+100
719 6.367510e+99 6.587177e+100
720 8.869245e+99 9.175217e+100
721 1.235389e+100 1.278007e+101
722 1.720761e+100 1.780124e+101
723 2.396833e+100 2.479519e+101
724 3.338526e+100 3.453698e+101
725 4.650201e+100 4.810624e+101
726 6.477221e+100 6.700673e+101
727 9.022061e+100 9.333304e+101
728 1.256674e+101 1.300027e+102
729 1.750410e+101 1.810796e+102
730 2.438130e+101 2.522240e+102
731 3.396048e+101 3.513205e+102
732 4.730323e+101 4.893510e+102
733 6.588823e+101 6.816124e+102
734 9.177510e+101 9.494116e+102
735 1.278327e+102 1.322426e+103
736 1.780569e+102 1.841995e+103
737 2.480138e+102 2.565698e+103
738 3.454561e+102 3.573737e+103
739 4.811826e+102 4.977825e+103
740 6.702347e+102 6.933565e+103
741 9.335637e+102 9.657698e+103
742 1.300352e+103 1.345212e+104
743 1.811248e+103 1.873733e+104
744 2.522871e+103 2.609905e+104
745 3.514083e+103 3.635312e+104
746 4.894733e+103 5.063592e+104
747 6.817828e+103 7.053029e+104
748 9.496488e+103 9.824099e+104
749 1.322757e+104 1.368389e+105
750 1.842456e+104 1.906017e+105
751 2.566339e+104 2.654873e+105
752 3.574630e+104 3.697948e+105
753 4.979069e+104 5.150837e+105
754 6.935298e+104 7.174552e+105
755 9.660111e+104 9.993366e+105
756 1.345548e+105 1.391967e+106
757 1.874201e+105 1.938857e+106
758 2.610557e+105 2.700616e+106
759 3.636220e+105 3.761663e+106
760 5.064857e+105 5.239585e+106
761 7.054792e+105 7.298169e+106
762 9.826554e+105 1.016555e+107
763 1.368731e+106 1.415950e+107
764 1.906493e+106 1.972263e+107
765 2.655536e+106 2.747147e+107
766 3.698872e+106 3.826476e+107
767 5.152124e+106 5.329862e+107
768 7.176345e+106 7.423915e+107
769 9.995864e+106 1.034070e+108
770 1.392314e+107 1.440347e+108
771 1.939342e+107 2.006245e+108
772 2.701291e+107 2.794480e+108
773 3.762603e+107 3.892405e+108
774 5.240894e+107 5.421695e+108
775 7.299992e+107 7.551828e+108
776 1.016809e+108 1.051887e+109
777 1.416304e+108 1.465164e+109
778 1.972756e+108 2.040813e+109
779 2.747834e+108 2.842629e+109
780 3.827432e+108 3.959471e+109
781 5.331194e+108 5.515110e+109
782 7.425770e+108 7.681945e+109
783 1.034329e+109 1.070011e+110
784 1.440707e+109 1.490408e+110
785 2.006747e+109 2.075975e+110
786 2.795179e+109 2.891607e+110
787 3.893378e+109 4.027692e+110
788 5.423050e+109 5.610134e+110
789 7.553715e+109 7.814303e+110
790 1.052150e+110 1.088447e+111
791 1.465530e+110 1.516088e+111
792 2.041323e+110 2.111744e+111
793 2.843339e+110 2.941429e+111
794 3.960460e+110 4.097088e+111
795 5.516488e+110 5.706796e+111
796 7.683864e+110 7.948943e+111
797 1.070278e+111 1.107201e+112
798 1.490781e+111 1.542210e+112
799 2.076494e+111 2.148129e+112
800 2.892329e+111 2.992109e+112
801 4.028698e+111 4.167681e+112
802 5.611536e+111 5.805123e+112
803 7.816256e+111 8.085902e+112
804 1.088719e+112 1.126278e+113
805 1.516466e+112 1.568782e+113
806 2.112272e+112 2.185141e+113
807 2.942164e+112 3.043663e+113
808 4.098112e+112 4.239489e+113
809 5.708222e+112 5.905145e+113
810 7.950929e+112 8.225221e+113
811 1.107477e+113 1.145683e+114
812 1.542595e+113 1.595811e+114
813 2.148666e+113 2.222791e+114
814 2.992857e+113 3.096105e+114
815 4.168722e+113 4.312535e+114
816 5.806574e+113 6.006890e+114
817 8.087922e+113 8.366940e+114
818 1.126559e+114 1.165423e+115
819 1.569174e+114 1.623307e+115
820 2.185687e+114 2.261089e+115
821 3.044423e+114 3.149450e+115
822 4.240549e+114 4.386839e+115
823 5.906620e+114 6.110387e+115
824 8.227276e+114 8.511101e+115
825 1.145970e+115 1.185503e+116
826 1.596210e+115 1.651276e+116
827 2.223346e+115 2.300047e+116
828 3.096878e+115 3.203715e+116
829 4.313613e+115 4.462424e+116
830 6.008391e+115 6.215668e+116
831 8.369031e+115 8.657746e+116
832 1.165714e+116 1.205929e+117
833 1.623713e+116 1.679728e+117
834 2.261654e+116 2.339677e+117
835 3.150237e+116 3.258914e+117
836 4.387936e+116 4.539311e+117
837 6.111914e+116 6.322763e+117
838 8.513228e+116 8.806918e+117
839 1.185800e+117 1.226707e+118
840 1.651689e+117 1.708669e+118
841 2.300622e+117 2.379989e+118
842 3.204515e+117 3.315065e+118
843 4.463539e+117 4.617522e+118
844 6.217222e+117 6.431704e+118
845 8.659910e+117 8.958660e+118
846 1.206231e+118 1.247843e+119
847 1.680147e+118 1.738109e+119
848 2.340262e+118 2.420996e+119
849 3.259728e+118 3.372183e+119
850 4.540445e+118 4.697082e+119
851 6.324343e+118 6.542521e+119
852 8.809119e+118 9.113016e+119
853 1.227014e+119 1.269343e+120
854 1.709096e+119 1.768057e+120
855 2.380584e+119 2.462709e+120
856 3.315893e+119 3.430285e+120
857 4.618676e+119 4.778012e+120
858 6.433311e+119 6.655248e+120
859 8.960898e+119 9.270032e+120
860 1.248155e+120 1.291214e+121
861 1.738544e+120 1.798520e+121
862 2.421601e+120 2.505142e+121
863 3.373025e+120 3.489388e+121
864 4.698255e+120 4.860336e+121
865 6.544156e+120 6.769917e+121
866 9.115293e+120 9.429753e+121
867 1.269661e+121 1.313461e+122
868 1.768498e+121 1.829508e+122
869 2.463325e+121 2.548305e+122
870 3.431142e+121 3.549510e+122
871 4.779206e+121 4.944079e+122
872 6.656911e+121 6.886561e+122
873 9.272348e+121 9.592226e+122
874 1.291537e+122 1.336092e+123
875 1.798969e+122 1.861030e+123
876 2.505768e+122 2.592212e+123
877 3.490260e+122 3.610667e+123
878 4.861551e+122 5.029265e+123
879 6.771608e+122 7.005216e+123
880 9.432110e+122 9.757499e+123
881 1.313790e+123 1.359113e+124
882 1.829965e+123 1.893096e+124
883 2.548942e+123 2.636875e+124
884 3.550397e+123 3.672879e+124
885 4.945314e+123 5.115918e+124
886 6.888282e+123 7.125914e+124
887 9.594623e+123 9.925619e+124
888 1.336426e+124 1.382530e+125
889 1.861495e+124 1.925713e+125
890 2.592859e+124 2.682308e+125
891 3.611570e+124 3.736162e+125
892 5.030521e+124 5.204065e+125
893 7.006966e+124 7.248693e+125
894 9.759937e+124 1.009664e+126
895 1.359453e+125 1.406351e+126
896 1.893569e+125 1.958893e+126
897 2.637534e+125 2.728524e+126
898 3.673796e+125 3.800535e+126
899 5.117197e+125 5.293730e+126
900 7.127695e+125 7.373587e+126
901 9.928100e+125 1.027060e+127
902 1.382876e+126 1.430582e+127
903 1.926195e+126 1.992645e+127
904 2.682978e+126 2.775536e+127
905 3.737095e+126 3.866018e+127
906 5.205365e+126 5.384940e+127
907 7.250504e+126 7.500633e+127
908 1.009916e+127 1.044756e+128
909 1.406702e+127 1.455231e+128
910 1.959383e+127 2.026978e+128
911 2.729206e+127 2.823358e+128
912 3.801485e+127 3.932629e+128
913 5.295053e+127 5.477722e+128
914 7.375429e+127 7.629867e+128
915 1.027317e+128 1.062757e+129
916 1.430940e+128 1.480304e+129
917 1.993142e+128 2.061902e+129
918 2.776229e+128 2.872004e+129
919 3.866984e+128 4.000387e+129
920 5.386286e+128 5.572102e+129
921 7.502507e+128 7.761329e+129
922 1.045017e+129 1.081068e+130
923 1.455595e+129 1.505810e+130
924 2.027484e+129 2.097428e+130
925 2.824063e+129 2.921488e+130
926 3.933612e+129 4.069313e+130
927 5.479091e+129 5.668109e+130
928 7.631774e+129 7.895055e+130
929 1.063023e+130 1.099695e+131
930 1.480674e+130 1.531755e+131
931 2.062417e+130 2.133567e+131
932 2.872722e+130 2.971825e+131
933 4.001387e+130 4.139427e+131
934 5.573495e+130 5.765769e+131
935 7.763268e+130 8.031086e+131
936 1.081338e+131 1.118642e+132
937 1.506186e+131 1.558147e+132
938 2.097952e+131 2.170328e+132
939 2.922218e+131 3.023029e+132
940 4.070330e+131 4.210749e+132
941 5.669525e+131 5.865113e+132
942 7.897028e+131 8.169460e+132
943 1.099970e+132 1.137916e+133
944 1.532137e+132 1.584993e+133
945 2.134100e+132 2.207722e+133
946 2.972568e+132 3.075115e+133
947 4.140462e+132 4.283299e+133
948 5.767210e+132 5.966168e+133
949 8.033093e+132 8.310219e+133
950 1.118922e+133 1.157523e+134
951 1.558536e+133 1.612302e+134
952 2.170870e+133 2.245761e+134
953 3.023785e+133 3.128099e+134
954 4.211801e+133 4.357100e+134
955 5.866578e+133 6.068964e+134
956 8.171502e+133 8.453403e+134
957 1.138201e+134 1.177467e+135
958 1.585389e+134 1.640082e+135
959 2.208274e+134 2.284455e+135
960 3.075884e+134 3.181996e+135
961 4.284370e+134 4.432172e+135
962 5.967658e+134 6.173531e+135
963 8.312295e+134 8.599054e+135
964 1.157812e+135 1.197754e+136
965 1.612705e+135 1.668340e+136
966 2.246322e+135 2.323816e+136
967 3.128881e+135 3.236821e+136
968 4.358189e+135 4.508538e+136
969 6.070480e+135 6.279900e+136
970 8.455515e+135 8.747214e+136
971 1.177761e+136 1.218391e+137
972 1.640492e+136 1.697086e+137
973 2.285026e+136 2.363855e+137
974 3.182791e+136 3.292591e+137
975 4.433280e+136 4.586219e+137
976 6.175074e+136 6.388102e+137
977 8.601202e+136 8.897927e+137
978 1.198053e+137 1.239384e+138
979 1.668757e+137 1.726326e+138
980 2.324396e+137 2.404584e+138
981 3.237630e+137 3.349322e+138
982 4.509664e+137 4.665239e+138
983 6.281469e+137 6.498168e+138
984 8.749400e+137 9.051237e+138
985 1.218696e+138 1.260738e+139
986 1.697510e+138 1.756071e+139
987 2.364445e+138 2.446014e+139
988 3.293414e+138 3.407030e+139
989 4.587365e+138 4.745621e+139
990 6.389698e+138 6.610130e+139
991 8.900151e+138 9.207189e+139
992 1.239694e+139 1.282461e+140
993 1.726758e+139 1.786327e+140
994 2.405185e+139 2.488159e+140
995 3.350159e+139 3.465733e+140
996 4.666405e+139 4.827387e+140
997 6.499792e+139 6.724022e+140
998 9.053499e+139 9.365827e+140
999 1.261053e+140 1.304557e+141
1000 1.756509e+140 1.817106e+141
1001 2.446625e+140 2.531029e+141
1002 3.407882e+140 3.525447e+141
1003 4.746806e+140 4.910562e+141
1004 6.611782e+140 6.839876e+141
1005 9.209489e+140 9.527199e+141
1006 1.282781e+141 1.327035e+142
1007 1.786774e+141 1.848414e+142
1008 2.488780e+141 2.574639e+142
1009 3.466599e+141 3.586190e+142
1010 4.828593e+141 4.995170e+142
1011 6.725702e+141 6.957726e+142
1012 9.368167e+141 9.691351e+142
1013 1.304883e+142 1.349899e+143
1014 1.817560e+142 1.880262e+143
1015 2.531662e+142 2.618999e+143
1016 3.526328e+142 3.647979e+143
1017 4.911789e+142 5.081236e+143
1018 6.841585e+142 7.077606e+143
1019 9.529580e+142 9.858332e+143
1020 1.327366e+143 1.373158e+144
1021 1.848876e+143 1.912659e+144
1022 2.575282e+143 2.664124e+144
1023 3.587086e+143 3.710834e+144
1024 4.996418e+143 5.168785e+144
1025 6.959464e+143 7.199553e+144
1026 9.693773e+143 1.002819e+145
1027 1.350237e+144 1.396817e+145
1028 1.880732e+144 1.945613e+145
1029 2.619654e+144 2.710027e+145
1030 3.648891e+144 3.774771e+145
1031 5.082506e+144 5.257843e+145
1032 7.079375e+144 7.323600e+145
1033 9.860795e+144 1.020097e+146
1034 1.373501e+145 1.420884e+146
1035 1.913136e+145 1.979136e+146
1036 2.664790e+145 2.756720e+146
1037 3.711761e+145 3.839809e+146
1038 5.170077e+145 5.348435e+146
1039 7.201352e+145 7.449784e+146
1040 1.003070e+146 1.037673e+147
1041 1.397166e+146 1.445366e+147
1042 1.946100e+146 2.013236e+147
1043 2.710704e+146 2.804218e+147
1044 3.775714e+146 3.905969e+147
1045 5.259156e+146 5.440587e+147
1046 7.325430e+146 7.578143e+147
1047 1.020352e+147 1.055552e+148
1048 1.421239e+147 1.470269e+148
1049 1.979631e+147 2.047924e+148
1050 2.757409e+147 2.852534e+148
1051 3.840769e+147 3.973268e+148
1052 5.349771e+147 5.534328e+148
1053 7.451646e+147 7.708713e+148
1054 1.037933e+148 1.073739e+149
1055 1.445727e+148 1.495602e+149
1056 2.013739e+148 2.083209e+149
1057 2.804919e+148 2.901683e+149
1058 3.906945e+148 4.041727e+149
1059 5.441947e+148 5.629683e+149
1060 7.580037e+148 7.841533e+149
1061 1.055816e+149 1.092240e+150
1062 1.470636e+149 1.521371e+150
1063 2.048436e+149 2.119103e+150
1064 2.853247e+149 Inf
