err_l2 = 2.085077556295369e-05
steps = 20000
runtime_s = 2446.3839390277863
err_max = 4.983469292135778e-05
history_file = "history_ssor_nx256_ny256_nz256_steps20000.txt"
exact_plot = "exact_nx256_ny256_nz256.png"
error_plot = "error_nx256_ny256_nz256_M10_steps20000.png"
res_l2 = 1.291159e-07
