err_l2 = 2.7965443340584687e-05
steps = 6991
runtime_s = 110.45375990867615
err_max = 0.00014663492339495043
history_file = "history_ssor_nx128_ny128_nz128_steps6991.txt"
exact_plot = "exact_nx128_ny128_nz128.png"
error_plot = "error_nx128_ny128_nz128_M10_steps6991.png"
res_l2 = 9.987888e-09
