err_l2 = 0.0001111871242507408
steps = 1891
runtime_s = 4.152891159057617
err_max = 0.0005704447164733839
history_file = "history_ssor_nx64_ny64_nz64_steps1891.txt"
exact_plot = "exact_nx64_ny64_nz64.png"
error_plot = "error_nx64_ny64_nz64_M10_steps1891.png"
res_l2 = 9.990537e-09
