# step err_l2 res_l2
0 2.462974e-01 1.000000e+00
1 2.322550e-01 9.953527e-01
2 2.214207e-01 4.899717e-01
3 2.146657e-01 2.348403e-01
4 2.097302e-01 1.849277e-01
5 2.053653e-01 1.459473e-01
6 2.015280e-01 1.229875e-01
7 1.980824e-01 1.091972e-01
8 1.949154e-01 9.841753e-02
9 1.919818e-01 8.962322e-02
10 1.892436e-01 8.252624e-02
11 1.866692e-01 7.658256e-02
12 1.842365e-01 7.149893e-02
13 1.819277e-01 6.711389e-02
14 1.797284e-01 6.328351e-02
15 1.776266e-01 5.990212e-02
16 1.756127e-01 5.689318e-02
17 1.736782e-01 5.419568e-02
18 1.718161e-01 5.176135e-02
19 1.700203e-01 4.955187e-02
20 1.682855e-01 4.753608e-02
21 1.666072e-01 4.568845e-02
22 1.649812e-01 4.398782e-02
23 1.634038e-01 4.241653e-02
24 1.618720e-01 4.095969e-02
25 1.603829e-01 3.960466e-02
26 1.589337e-01 3.834064e-02
27 1.575222e-01 3.715833e-02
28 1.561463e-01 3.604968e-02
29 1.548040e-01 3.500770e-02
30 1.534935e-01 3.402626e-02
31 1.522133e-01 3.310000e-02
32 1.509618e-01 3.222416e-02
33 1.497376e-01 3.139454e-02
34 1.485395e-01 3.060741e-02
35 1.473663e-01 2.985943e-02
36 1.462170e-01 2.914760e-02
37 1.450903e-01 2.846925e-02
38 1.439856e-01 2.782196e-02
39 1.429017e-01 2.720353e-02
40 1.418380e-01 2.661200e-02
41 1.407936e-01 2.604556e-02
42 1.397677e-01 2.550256e-02
43 1.387598e-01 2.498153e-02
44 1.377692e-01 2.448108e-02
45 1.367952e-01 2.399997e-02
46 1.358372e-01 2.353704e-02
47 1.348948e-01 2.309123e-02
48 1.339673e-01 2.266158e-02
49 1.330544e-01 2.224717e-02
50 1.321554e-01 2.184717e-02
51 1.312701e-01 2.146081e-02
52 1.303979e-01 2.108737e-02
53 1.295386e-01 2.072619e-02
54 1.286915e-01 2.037664e-02
55 1.278565e-01 2.003815e-02
56 1.270332e-01 1.971019e-02
57 1.262212e-01 1.939224e-02
58 1.254202e-01 1.908384e-02
59 1.246299e-01 1.878455e-02
60 1.238501e-01 1.849396e-02
61 1.230803e-01 1.821167e-02
62 1.223205e-01 1.793733e-02
63 1.215702e-01 1.767059e-02
64 1.208293e-01 1.741113e-02
65 1.200975e-01 1.715865e-02
66 1.193746e-01 1.691287e-02
67 1.186603e-01 1.667352e-02
68 1.179545e-01 1.644034e-02
69 1.172570e-01 1.621308e-02
70 1.165675e-01 1.599154e-02
71 1.158858e-01 1.577549e-02
72 1.152118e-01 1.556472e-02
73 1.145454e-01 1.535905e-02
74 1.138862e-01 1.515829e-02
75 1.132342e-01 1.496227e-02
76 1.125892e-01 1.477082e-02
77 1.119511e-01 1.458379e-02
78 1.113196e-01 1.440103e-02
79 1.106947e-01 1.422239e-02
80 1.100762e-01 1.404775e-02
81 1.094640e-01 1.387696e-02
82 1.088579e-01 1.370992e-02
83 1.082578e-01 1.354650e-02
84 1.076636e-01 1.338659e-02
85 1.070751e-01 1.323008e-02
86 1.064924e-01 1.307687e-02
87 1.059151e-01 1.292686e-02
88 1.053433e-01 1.277996e-02
89 1.047768e-01 1.263608e-02
90 1.042155e-01 1.249514e-02
91 1.036593e-01 1.235704e-02
92 1.031082e-01 1.222171e-02
93 1.025619e-01 1.208907e-02
94 1.020205e-01 1.195905e-02
95 1.014838e-01 1.183158e-02
96 1.009518e-01 1.170659e-02
97 1.004244e-01 1.158402e-02
98 9.990143e-02 1.146379e-02
99 9.938287e-02 1.134586e-02
100 9.886864e-02 1.123016e-02
101 9.835866e-02 1.111663e-02
102 9.785286e-02 1.100522e-02
103 9.735116e-02 1.089588e-02
104 9.685350e-02 1.078856e-02
105 9.635980e-02 1.068320e-02
106 9.587000e-02 1.057975e-02
107 9.538403e-02 1.047818e-02
108 9.490183e-02 1.037843e-02
109 9.442334e-02 1.028047e-02
110 9.394851e-02 1.018424e-02
111 9.347726e-02 1.008971e-02
112 9.300954e-02 9.996845e-03
113 9.254530e-02 9.905595e-03
114 9.208449e-02 9.815926e-03
115 9.162704e-02 9.727802e-03
116 9.117292e-02 9.641187e-03
117 9.072206e-02 9.556047e-03
118 9.027442e-02 9.472347e-03
119 8.982995e-02 9.390056e-03
120 8.938861e-02 9.309141e-03
121 8.895034e-02 9.229570e-03
122 8.851511e-02 9.151314e-03
123 8.808287e-02 9.074343e-03
124 8.765358e-02 8.998629e-03
125 8.722720e-02 8.924142e-03
126 8.680368e-02 8.850857e-03
127 8.638299e-02 8.778746e-03
128 8.596508e-02 8.707783e-03
129 8.554993e-02 8.637943e-03
130 8.513749e-02 8.569202e-03
131 8.472773e-02 8.501534e-03
132 8.432061e-02 8.434917e-03
133 8.391610e-02 8.369328e-03
134 8.351416e-02 8.304743e-03
135 8.311477e-02 8.241142e-03
136 8.271788e-02 8.178503e-03
137 8.232348e-02 8.116804e-03
138 8.193152e-02 8.056027e-03
139 8.154198e-02 7.996150e-03
140 8.115483e-02 7.937154e-03
141 8.077004e-02 7.879020e-03
142 8.038758e-02 7.821730e-03
143 8.000742e-02 7.765265e-03
144 7.962954e-02 7.709608e-03
145 7.925392e-02 7.654742e-03
146 7.888051e-02 7.600650e-03
147 7.850931e-02 7.547314e-03
148 7.814029e-02 7.494720e-03
149 7.777342e-02 7.442850e-03
150 7.740867e-02 7.391691e-03
151 7.704603e-02 7.341226e-03
152 7.668548e-02 7.291442e-03
153 7.632698e-02 7.242323e-03
154 7.597052e-02 7.193856e-03
155 7.561608e-02 7.146027e-03
156 7.526364e-02 7.098822e-03
157 7.491317e-02 7.052229e-03
158 7.456466e-02 7.006235e-03
159 7.421808e-02 6.960827e-03
160 7.387343e-02 6.915993e-03
161 7.353067e-02 6.871721e-03
162 7.318979e-02 6.828000e-03
163 7.285078e-02 6.784817e-03
164 7.251361e-02 6.742163e-03
165 7.217826e-02 6.700025e-03
166 7.184473e-02 6.658394e-03
167 7.151299e-02 6.617259e-03
168 7.118302e-02 6.576610e-03
169 7.085482e-02 6.536437e-03
170 7.052836e-02 6.496731e-03
171 7.020363e-02 6.457481e-03
172 6.988062e-02 6.418679e-03
173 6.955930e-02 6.380316e-03
174 6.923967e-02 6.342383e-03
175 6.892171e-02 6.304871e-03
176 6.860541e-02 6.267772e-03
177 6.829074e-02 6.231078e-03
178 6.797771e-02 6.194781e-03
179 6.766629e-02 6.158872e-03
180 6.735647e-02 6.123345e-03
181 6.704824e-02 6.088192e-03
182 6.674159e-02 6.053405e-03
183 6.643649e-02 6.018978e-03
184 6.613295e-02 5.984903e-03
185 6.583095e-02 5.951174e-03
186 6.553048e-02 5.917784e-03
187 6.523152e-02 5.884727e-03
188 6.493406e-02 5.851996e-03
189 6.463810e-02 5.819585e-03
190 6.434362e-02 5.787489e-03
191 6.405061e-02 5.755700e-03
192 6.375905e-02 5.724215e-03
193 6.346895e-02 5.693026e-03
194 6.318028e-02 5.662129e-03
195 6.289304e-02 5.631517e-03
196 6.260722e-02 5.601187e-03
197 6.232281e-02 5.571133e-03
198 6.203979e-02 5.541350e-03
199 6.175816e-02 5.511832e-03
200 6.147791e-02 5.482576e-03
201 6.119903e-02 5.453577e-03
202 6.092150e-02 5.424829e-03
203 6.064533e-02 5.396330e-03
204 6.037050e-02 5.368074e-03
205 6.009700e-02 5.340057e-03
206 5.982482e-02 5.312275e-03
207 5.955396e-02 5.284725e-03
208 5.928440e-02 5.257402e-03
209 5.901614e-02 5.230302e-03
210 5.874917e-02 5.203421e-03
211 5.848348e-02 5.176757e-03
212 5.821907e-02 5.150306e-03
213 5.795592e-02 5.124063e-03
214 5.769402e-02 5.098026e-03
215 5.743337e-02 5.072191e-03
216 5.717397e-02 5.046556e-03
217 5.691580e-02 5.021116e-03
218 5.665885e-02 4.995869e-03
219 5.640312e-02 4.970812e-03
220 5.614861e-02 4.945942e-03
221 5.589530e-02 4.921256e-03
222 5.564318e-02 4.896751e-03
223 5.539225e-02 4.872425e-03
224 5.514251e-02 4.848274e-03
225 5.489394e-02 4.824296e-03
226 5.464654e-02 4.800490e-03
227 5.440030e-02 4.776851e-03
228 5.415522e-02 4.753378e-03
229 5.391128e-02 4.730068e-03
230 5.366849e-02 4.706920e-03
231 5.342683e-02 4.683930e-03
232 5.318630e-02 4.661096e-03
233 5.294689e-02 4.638417e-03
234 5.270860e-02 4.615890e-03
235 5.247142e-02 4.593513e-03
236 5.223534e-02 4.571285e-03
237 5.200036e-02 4.549202e-03
238 5.176647e-02 4.527264e-03
239 5.153366e-02 4.505467e-03
240 5.130194e-02 4.483812e-03
241 5.107129e-02 4.462295e-03
242 5.084170e-02 4.440914e-03
243 5.061318e-02 4.419669e-03
244 5.038572e-02 4.398557e-03
245 5.015930e-02 4.377578e-03
246 4.993393e-02 4.356728e-03
247 4.970960e-02 4.336006e-03
248 4.948631e-02 4.315412e-03
249 4.926404e-02 4.294943e-03
250 4.904279e-02 4.274599e-03
251 4.882257e-02 4.254377e-03
252 4.860335e-02 4.234276e-03
253 4.838514e-02 4.214294e-03
254 4.816793e-02 4.194431e-03
255 4.795172e-02 4.174685e-03
256 4.773651e-02 4.155055e-03
257 4.752227e-02 4.135540e-03
258 4.730902e-02 4.116137e-03
259 4.709674e-02 4.096847e-03
260 4.688544e-02 4.077667e-03
261 4.667510e-02 4.058597e-03
262 4.646573e-02 4.039636e-03
263 4.625731e-02 4.020781e-03
264 4.604984e-02 4.002033e-03
265 4.584331e-02 3.983390e-03
266 4.563773e-02 3.964852e-03
267 4.543309e-02 3.946416e-03
268 4.522938e-02 3.928082e-03
269 4.502660e-02 3.909849e-03
270 4.482474e-02 3.891717e-03
271 4.462380e-02 3.873683e-03
272 4.442378e-02 3.855748e-03
273 4.422466e-02 3.837910e-03
274 4.402645e-02 3.820168e-03
275 4.382914e-02 3.802521e-03
276 4.363272e-02 3.784969e-03
277 4.343720e-02 3.767511e-03
278 4.324257e-02 3.750145e-03
279 4.304882e-02 3.732872e-03
280 4.285595e-02 3.715690e-03
281 4.266395e-02 3.698598e-03
282 4.247282e-02 3.681595e-03
283 4.228256e-02 3.664682e-03
284 4.209316e-02 3.647857e-03
285 4.190462e-02 3.631119e-03
286 4.171694e-02 3.614468e-03
287 4.153010e-02 3.597902e-03
288 4.134411e-02 3.581422e-03
289 4.115896e-02 3.565026e-03
290 4.097465e-02 3.548714e-03
291 4.079117e-02 3.532486e-03
292 4.060852e-02 3.516340e-03
293 4.042669e-02 3.500275e-03
294 4.024569e-02 3.484292e-03
295 4.006551e-02 3.468390e-03
296 3.988614e-02 3.452567e-03
297 3.970757e-02 3.436824e-03
298 3.952982e-02 3.421160e-03
299 3.935287e-02 3.405574e-03
300 3.917671e-02 3.390065e-03
301 3.900135e-02 3.374634e-03
302 3.882679e-02 3.359279e-03
303 3.865301e-02 3.344000e-03
304 3.848001e-02 3.328797e-03
305 3.830779e-02 3.313668e-03
306 3.813635e-02 3.298614e-03
307 3.796568e-02 3.283633e-03
308 3.779578e-02 3.268726e-03
309 3.762665e-02 3.253891e-03
310 3.745828e-02 3.239129e-03
311 3.729066e-02 3.224439e-03
312 3.712380e-02 3.209820e-03
313 3.695770e-02 3.195272e-03
314 3.679234e-02 3.180794e-03
315 3.662772e-02 3.166386e-03
316 3.646385e-02 3.152048e-03
317 3.630071e-02 3.137779e-03
318 3.613831e-02 3.123578e-03
319 3.597663e-02 3.109445e-03
320 3.581569e-02 3.095381e-03
321 3.565547e-02 3.081383e-03
322 3.549597e-02 3.067452e-03
323 3.533718e-02 3.053588e-03
324 3.517911e-02 3.039789e-03
325 3.502175e-02 3.026057e-03
326 3.486510e-02 3.012389e-03
327 3.470915e-02 2.998786e-03
328 3.455390e-02 2.985248e-03
329 3.439935e-02 2.971774e-03
330 3.424550e-02 2.958363e-03
331 3.409233e-02 2.945016e-03
332 3.393986e-02 2.931731e-03
333 3.378806e-02 2.918509e-03
334 3.363695e-02 2.905350e-03
335 3.348652e-02 2.892252e-03
336 3.333677e-02 2.879215e-03
337 3.318768e-02 2.866239e-03
338 3.303927e-02 2.853325e-03
339 3.289152e-02 2.840470e-03
340 3.274444e-02 2.827676e-03
341 3.259801e-02 2.814941e-03
342 3.245225e-02 2.802266e-03
343 3.230713e-02 2.789650e-03
344 3.216267e-02 2.777092e-03
345 3.201886e-02 2.764593e-03
346 3.187569e-02 2.752152e-03
347 3.173316e-02 2.739768e-03
348 3.159128e-02 2.727442e-03
349 3.145003e-02 2.715173e-03
350 3.130941e-02 2.702961e-03
351 3.116942e-02 2.690806e-03
352 3.103006e-02 2.678706e-03
353 3.089133e-02 2.666662e-03
354 3.075322e-02 2.654674e-03
355 3.061573e-02 2.642742e-03
356 3.047885e-02 2.630864e-03
357 3.034259e-02 2.619041e-03
358 3.020694e-02 2.607272e-03
359 3.007190e-02 2.595558e-03
360 2.993746e-02 2.583897e-03
361 2.980363e-02 2.572290e-03
362 2.967039e-02 2.560736e-03
363 2.953776e-02 2.549235e-03
364 2.940571e-02 2.537787e-03
365 2.927426e-02 2.526391e-03
366 2.914340e-02 2.515048e-03
367 2.901313e-02 2.503756e-03
368 2.888344e-02 2.492516e-03
369 2.875433e-02 2.481328e-03
370 2.862579e-02 2.470191e-03
371 2.849784e-02 2.459104e-03
372 2.837046e-02 2.448068e-03
373 2.824364e-02 2.437083e-03
374 2.811740e-02 2.426147e-03
375 2.799172e-02 2.415261e-03
376 2.786661e-02 2.404425e-03
377 2.774205e-02 2.393639e-03
378 2.761806e-02 2.382901e-03
379 2.749462e-02 2.372213e-03
380 2.737173e-02 2.361573e-03
381 2.724939e-02 2.350981e-03
382 2.712760e-02 2.340437e-03
383 2.700636e-02 2.329942e-03
384 2.688566e-02 2.319494e-03
385 2.676550e-02 2.309094e-03
386 2.664588e-02 2.298740e-03
387 2.652679e-02 2.288434e-03
388 2.640824e-02 2.278174e-03
389 2.629022e-02 2.267961e-03
390 2.617272e-02 2.257795e-03
391 2.605576e-02 2.247674e-03
392 2.593931e-02 2.237599e-03
393 2.582339e-02 2.227570e-03
394 2.570799e-02 2.217586e-03
395 2.559310e-02 2.207648e-03
396 2.547873e-02 2.197754e-03
397 2.536487e-02 2.187905e-03
398 2.525152e-02 2.178101e-03
399 2.513868e-02 2.168341e-03
400 2.502634e-02 2.158625e-03
401 2.491451e-02 2.148953e-03
402 2.480317e-02 2.139325e-03
403 2.469234e-02 2.129740e-03
404 2.458200e-02 2.120199e-03
405 2.447215e-02 2.110700e-03
406 2.436280e-02 2.101245e-03
407 2.425394e-02 2.091832e-03
408 2.414556e-02 2.082462e-03
409 2.403767e-02 2.073134e-03
410 2.393026e-02 2.063848e-03
411 2.382334e-02 2.054604e-03
412 2.371689e-02 2.045401e-03
413 2.361092e-02 2.036240e-03
414 2.350542e-02 2.027120e-03
415 2.340039e-02 2.018042e-03
416 2.329584e-02 2.009004e-03
417 2.319175e-02 2.000007e-03
418 2.308813e-02 1.991051e-03
419 2.298497e-02 1.982135e-03
420 2.288228e-02 1.973259e-03
421 2.278004e-02 1.964423e-03
422 2.267826e-02 1.955626e-03
423 2.257694e-02 1.946870e-03
424 2.247607e-02 1.938153e-03
425 2.237565e-02 1.929475e-03
426 2.227568e-02 1.920836e-03
427 2.217616e-02 1.912235e-03
428 2.207709e-02 1.903674e-03
429 2.197845e-02 1.895151e-03
430 2.188026e-02 1.886666e-03
431 2.178251e-02 1.878220e-03
432 2.168520e-02 1.869811e-03
433 2.158832e-02 1.861441e-03
434 2.149187e-02 1.853108e-03
435 2.139586e-02 1.844812e-03
436 2.130028e-02 1.836553e-03
437 2.120512e-02 1.828332e-03
438 2.111039e-02 1.820148e-03
439 2.101609e-02 1.812000e-03
440 2.092220e-02 1.803889e-03
441 2.082874e-02 1.795815e-03
442 2.073569e-02 1.787776e-03
443 2.064306e-02 1.779774e-03
444 2.055085e-02 1.771808e-03
445 2.045905e-02 1.763877e-03
446 2.036765e-02 1.755982e-03
447 2.027667e-02 1.748123e-03
448 2.018610e-02 1.740299e-03
449 2.009593e-02 1.732510e-03
450 2.000616e-02 1.724756e-03
451 1.991680e-02 1.717036e-03
452 1.982783e-02 1.709352e-03
453 1.973927e-02 1.701701e-03
454 1.965110e-02 1.694085e-03
455 1.956332e-02 1.686504e-03
456 1.947594e-02 1.678956e-03
457 1.938895e-02 1.671442e-03
458 1.930234e-02 1.663962e-03
459 1.921613e-02 1.656515e-03
460 1.913030e-02 1.649102e-03
461 1.904485e-02 1.641722e-03
462 1.895979e-02 1.634375e-03
463 1.887511e-02 1.627061e-03
464 1.879080e-02 1.619780e-03
465 1.870688e-02 1.612531e-03
466 1.862333e-02 1.605315e-03
467 1.854015e-02 1.598132e-03
468 1.845735e-02 1.590980e-03
469 1.837491e-02 1.583861e-03
470 1.829285e-02 1.576773e-03
471 1.821115e-02 1.569718e-03
472 1.812982e-02 1.562694e-03
473 1.804885e-02 1.555701e-03
474 1.796824e-02 1.548740e-03
475 1.788799e-02 1.541809e-03
476 1.780811e-02 1.534910e-03
477 1.772858e-02 1.528042e-03
478 1.764941e-02 1.521205e-03
479 1.757059e-02 1.514398e-03
480 1.749212e-02 1.507622e-03
481 1.741400e-02 1.500876e-03
482 1.733624e-02 1.494160e-03
483 1.725882e-02 1.487475e-03
484 1.718175e-02 1.480819e-03
485 1.710502e-02 1.474193e-03
486 1.702864e-02 1.467597e-03
487 1.695260e-02 1.461031e-03
488 1.687690e-02 1.454494e-03
489 1.680153e-02 1.447986e-03
490 1.672651e-02 1.441507e-03
491 1.665182e-02 1.435057e-03
492 1.657746e-02 1.428636e-03
493 1.650344e-02 1.422244e-03
494 1.642975e-02 1.415881e-03
495 1.635639e-02 1.409546e-03
496 1.628335e-02 1.403239e-03
497 1.621065e-02 1.396961e-03
498 1.613826e-02 1.390711e-03
499 1.606621e-02 1.384488e-03
500 1.599447e-02 1.378294e-03
501 1.592306e-02 1.372127e-03
502 1.585196e-02 1.365988e-03
503 1.578118e-02 1.359877e-03
504 1.571072e-02 1.353793e-03
505 1.564058e-02 1.347736e-03
506 1.557075e-02 1.341706e-03
507 1.550123e-02 1.335703e-03
508 1.543202e-02 1.329727e-03
509 1.536312e-02 1.323778e-03
510 1.529453e-02 1.317855e-03
511 1.522625e-02 1.311959e-03
512 1.515827e-02 1.306090e-03
513 1.509060e-02 1.300246e-03
514 1.502323e-02 1.294429e-03
515 1.495616e-02 1.288638e-03
516 1.488939e-02 1.282873e-03
517 1.482292e-02 1.277133e-03
518 1.475675e-02 1.271419e-03
519 1.469087e-02 1.265731e-03
520 1.462529e-02 1.260068e-03
521 1.456000e-02 1.254431e-03
522 1.449500e-02 1.248819e-03
523 1.443030e-02 1.243232e-03
524 1.436588e-02 1.237670e-03
525 1.430175e-02 1.232133e-03
526 1.423791e-02 1.226620e-03
527 1.417436e-02 1.221133e-03
528 1.411108e-02 1.215670e-03
529 1.404810e-02 1.210231e-03
530 1.398539e-02 1.204817e-03
531 1.392296e-02 1.199427e-03
532 1.386082e-02 1.194061e-03
533 1.379895e-02 1.188719e-03
534 1.373736e-02 1.183401e-03
535 1.367604e-02 1.178106e-03
536 1.361500e-02 1.172836e-03
537 1.355423e-02 1.167589e-03
538 1.349373e-02 1.162365e-03
539 1.343351e-02 1.157165e-03
540 1.337355e-02 1.151988e-03
541 1.331386e-02 1.146835e-03
542 1.325444e-02 1.141704e-03
543 1.319529e-02 1.136596e-03
544 1.313639e-02 1.131512e-03
545 1.307777e-02 1.126450e-03
546 1.301940e-02 1.121410e-03
547 1.296130e-02 1.116393e-03
548 1.290345e-02 1.111399e-03
549 1.284587e-02 1.106427e-03
550 1.278854e-02 1.101477e-03
551 1.273147e-02 1.096550e-03
552 1.267465e-02 1.091644e-03
553 1.261809e-02 1.086760e-03
554 1.256178e-02 1.081899e-03
555 1.250573e-02 1.077059e-03
556 1.244992e-02 1.072240e-03
557 1.239437e-02 1.067443e-03
558 1.233906e-02 1.062668e-03
559 1.228400e-02 1.057914e-03
560 1.222918e-02 1.053181e-03
561 1.217462e-02 1.048470e-03
562 1.212029e-02 1.043779e-03
563 1.206621e-02 1.039110e-03
564 1.201237e-02 1.034461e-03
565 1.195877e-02 1.029833e-03
566 1.190541e-02 1.025226e-03
567 1.185229e-02 1.020640e-03
568 1.179941e-02 1.016074e-03
569 1.174676e-02 1.011528e-03
570 1.169435e-02 1.007003e-03
571 1.164218e-02 1.002498e-03
572 1.159024e-02 9.980136e-04
573 1.153853e-02 9.935489e-04
574 1.148705e-02 9.891042e-04
575 1.143580e-02 9.846794e-04
576 1.138478e-02 9.802743e-04
577 1.133399e-02 9.758890e-04
578 1.128343e-02 9.715233e-04
579 1.123309e-02 9.671771e-04
580 1.118298e-02 9.628504e-04
581 1.113309e-02 9.585430e-04
582 1.108342e-02 9.542549e-04
583 1.103398e-02 9.499860e-04
584 1.098476e-02 9.457362e-04
585 1.093576e-02 9.415054e-04
586 1.088698e-02 9.372935e-04
587 1.083841e-02 9.331005e-04
588 1.079007e-02 9.289262e-04
589 1.074194e-02 9.247706e-04
590 1.069402e-02 9.206336e-04
591 1.064632e-02 9.165151e-04
592 1.059884e-02 9.124150e-04
593 1.055156e-02 9.083333e-04
594 1.050450e-02 9.042698e-04
595 1.045765e-02 9.002246e-04
596 1.041100e-02 8.961974e-04
597 1.036457e-02 8.921882e-04
598 1.031834e-02 8.881970e-04
599 1.027232e-02 8.842236e-04
600 1.022651e-02 8.802680e-04
601 1.018090e-02 8.763301e-04
602 1.013550e-02 8.724098e-04
603 1.009030e-02 8.685071e-04
604 1.004530e-02 8.646218e-04
605 1.000050e-02 8.607539e-04
606 9.955902e-03 8.569033e-04
607 9.911504e-03 8.530699e-04
608 9.867305e-03 8.492537e-04
609 9.823303e-03 8.454545e-04
610 9.779499e-03 8.416724e-04
611 9.735890e-03 8.379071e-04
612 9.692476e-03 8.341587e-04
613 9.649257e-03 8.304271e-04
614 9.606231e-03 8.267122e-04
615 9.563398e-03 8.230139e-04
616 9.520756e-03 8.193321e-04
617 9.478305e-03 8.156668e-04
618 9.436044e-03 8.120179e-04
619 9.393972e-03 8.083854e-04
620 9.352088e-03 8.047690e-04
621 9.310392e-03 8.011689e-04
622 9.268882e-03 7.975849e-04
623 9.227558e-03 7.940169e-04
624 9.186419e-03 7.904648e-04
625 9.145464e-03 7.869287e-04
626 9.104692e-03 7.834084e-04
627 9.064102e-03 7.799038e-04
628 9.023695e-03 7.764149e-04
629 8.983468e-03 7.729416e-04
630 8.943420e-03 7.694838e-04
631 8.903553e-03 7.660415e-04
632 8.863863e-03 7.626147e-04
633 8.824351e-03 7.592031e-04
634 8.785016e-03 7.558068e-04
635 8.745857e-03 7.524257e-04
636 8.706873e-03 7.490597e-04
637 8.668063e-03 7.457088e-04
638 8.629427e-03 7.423729e-04
639 8.590964e-03 7.390519e-04
640 8.552673e-03 7.357458e-04
641 8.514554e-03 7.324544e-04
642 8.476605e-03 7.291778e-04
643 8.438825e-03 7.259158e-04
644 8.401215e-03 7.226684e-04
645 8.363773e-03 7.194356e-04
646 8.326499e-03 7.162172e-04
647 8.289391e-03 7.130132e-04
648 8.252450e-03 7.098235e-04
649 8.215673e-03 7.066482e-04
650 8.179061e-03 7.034870e-04
651 8.142613e-03 7.003399e-04
652 8.106328e-03 6.972070e-04
653 8.070206e-03 6.940880e-04
654 8.034245e-03 6.909830e-04
655 7.998445e-03 6.878919e-04
656 7.962805e-03 6.848147e-04
657 7.927325e-03 6.817511e-04
658 7.892003e-03 6.787013e-04
659 7.856840e-03 6.756652e-04
660 7.821833e-03 6.726426e-04
661 7.786984e-03 6.696335e-04
662 7.752290e-03 6.666380e-04
663 7.717751e-03 6.636558e-04
664 7.683368e-03 6.606869e-04
665 7.649137e-03 6.577313e-04
666 7.615061e-03 6.547890e-04
667 7.581136e-03 6.518598e-04
668 7.547363e-03 6.489437e-04
669 7.513742e-03 6.460407e-04
670 7.480271e-03 6.431506e-04
671 7.446949e-03 6.402735e-04
672 7.413777e-03 6.374093e-04
673 7.380753e-03 6.345578e-04
674 7.347877e-03 6.317191e-04
675 7.315148e-03 6.288932e-04
676 7.282566e-03 6.260798e-04
677 7.250129e-03 6.232791e-04
678 7.217838e-03 6.204908e-04
679 7.185690e-03 6.177151e-04
680 7.153687e-03 6.149517e-04
681 7.121827e-03 6.122008e-04
682 7.090110e-03 6.094621e-04
683 7.058534e-03 6.067357e-04
684 7.027100e-03 6.040215e-04
685 6.995806e-03 6.013194e-04
686 6.964653e-03 5.986294e-04
687 6.933638e-03 5.959514e-04
688 6.902763e-03 5.932855e-04
689 6.872026e-03 5.906314e-04
690 6.841426e-03 5.879892e-04
691 6.810963e-03 5.853589e-04
692 6.780637e-03 5.827403e-04
693 6.750446e-03 5.801334e-04
694 6.720390e-03 5.775382e-04
695 6.690469e-03 5.749546e-04
696 6.660681e-03 5.723826e-04
697 6.631027e-03 5.698220e-04
698 6.601506e-03 5.672729e-04
699 6.572117e-03 5.647353e-04
700 6.542859e-03 5.622089e-04
701 6.513732e-03 5.596939e-04
702 6.484736e-03 5.571901e-04
703 6.455869e-03 5.546975e-04
704 6.427131e-03 5.522161e-04
705 6.398522e-03 5.497458e-04
706 6.370041e-03 5.472865e-04
707 6.341688e-03 5.448383e-04
708 6.313461e-03 5.424009e-04
709 6.285361e-03 5.399745e-04
710 6.257386e-03 5.375590e-04
711 6.229537e-03 5.351542e-04
712 6.201812e-03 5.327602e-04
713 6.174211e-03 5.303769e-04
714 6.146734e-03 5.280043e-04
715 6.119380e-03 5.256423e-04
716 6.092148e-03 5.232908e-04
717 6.065038e-03 5.209499e-04
718 6.038049e-03 5.186194e-04
719 6.011181e-03 5.162994e-04
720 5.984434e-03 5.139898e-04
721 5.957806e-03 5.116904e-04
722 5.931297e-03 5.094014e-04
723 5.904907e-03 5.071226e-04
724 5.878634e-03 5.048540e-04
725 5.852480e-03 5.025956e-04
726 5.826442e-03 5.003472e-04
727 5.800521e-03 4.981089e-04
728 5.774716e-03 4.958806e-04
729 5.749027e-03 4.936623e-04
730 5.723452e-03 4.914540e-04
731 5.697992e-03 4.892554e-04
732 5.672646e-03 4.870668e-04
733 5.647413e-03 4.848879e-04
734 5.622294e-03 4.827188e-04
735 5.597286e-03 4.805593e-04
736 5.572391e-03 4.784096e-04
737 5.547607e-03 4.762694e-04
738 5.522933e-03 4.741388e-04
739 5.498371e-03 4.720178e-04
740 5.473918e-03 4.699062e-04
741 5.449574e-03 4.678041e-04
742 5.425340e-03 4.657114e-04
743 5.401214e-03 4.636281e-04
744 5.377196e-03 4.615540e-04
745 5.353285e-03 4.594893e-04
746 5.329482e-03 4.574338e-04
747 5.305785e-03 4.553875e-04
748 5.282194e-03 4.533503e-04
749 5.258708e-03 4.513222e-04
750 5.235328e-03 4.493033e-04
751 5.212052e-03 4.472933e-04
752 5.188881e-03 4.452924e-04
753 5.165813e-03 4.433004e-04
754 5.142849e-03 4.413173e-04
755 5.119987e-03 4.393431e-04
756 5.097227e-03 4.373777e-04
757 5.074570e-03 4.354211e-04
758 5.052014e-03 4.334732e-04
759 5.029558e-03 4.315341e-04
760 5.007204e-03 4.296036e-04
761 4.984949e-03 4.276818e-04
762 4.962794e-03 4.257686e-04
763 4.940738e-03 4.238639e-04
764 4.918781e-03 4.219678e-04
765 4.896922e-03 4.200801e-04
766 4.875161e-03 4.182009e-04
767 4.853497e-03 4.163301e-04
768 4.831930e-03 4.144677e-04
769 4.810460e-03 4.126136e-04
770 4.789086e-03 4.107677e-04
771 4.767807e-03 4.089302e-04
772 4.746624e-03 4.071008e-04
773 4.725536e-03 4.052797e-04
774 4.704541e-03 4.034667e-04
775 4.683641e-03 4.016618e-04
776 4.662835e-03 3.998650e-04
777 4.642121e-03 3.980762e-04
778 4.621501e-03 3.962954e-04
779 4.600972e-03 3.945226e-04
780 4.580536e-03 3.927577e-04
781 4.560191e-03 3.910007e-04
782 4.539937e-03 3.892516e-04
783 4.519773e-03 3.875103e-04
784 4.499700e-03 3.857768e-04
785 4.479717e-03 3.840510e-04
786 4.459823e-03 3.823330e-04
787 4.440019e-03 3.806226e-04
788 4.420302e-03 3.789199e-04
789 4.400675e-03 3.772248e-04
790 4.381135e-03 3.755373e-04
791 4.361682e-03 3.738573e-04
792 4.342317e-03 3.721849e-04
793 4.323038e-03 3.705200e-04
794 4.303845e-03 3.688624e-04
795 4.284739e-03 3.672123e-04
796 4.265718e-03 3.655696e-04
797 4.246782e-03 3.639343e-04
798 4.227931e-03 3.623062e-04
799 4.209164e-03 3.606855e-04
800 4.190481e-03 3.590719e-04
801 4.171882e-03 3.574656e-04
802 4.153366e-03 3.558665e-04
803 4.134933e-03 3.542746e-04
804 4.116583e-03 3.526897e-04
805 4.098315e-03 3.511120e-04
806 4.080128e-03 3.495413e-04
807 4.062023e-03 3.479776e-04
808 4.043999e-03 3.464210e-04
809 4.026055e-03 3.448713e-04
810 4.008192e-03 3.433285e-04
811 3.990409e-03 3.417926e-04
812 3.972706e-03 3.402636e-04
813 3.955082e-03 3.387415e-04
814 3.937536e-03 3.372261e-04
815 3.920069e-03 3.357175e-04
816 3.902681e-03 3.342157e-04
817 3.885370e-03 3.327206e-04
818 3.868137e-03 3.312322e-04
819 3.850981e-03 3.297504e-04
820 3.833902e-03 3.282753e-04
821 3.816899e-03 3.268068e-04
822 3.799972e-03 3.253448e-04
823 3.783121e-03 3.238894e-04
824 3.766346e-03 3.224405e-04
825 3.749645e-03 3.209981e-04
826 3.733020e-03 3.195621e-04
827 3.716468e-03 3.181325e-04
828 3.699991e-03 3.167094e-04
829 3.683588e-03 3.152926e-04
830 3.667258e-03 3.138821e-04
831 3.651001e-03 3.124780e-04
832 3.634817e-03 3.110801e-04
833 3.618706e-03 3.096885e-04
834 3.602667e-03 3.083031e-04
835 3.586699e-03 3.069240e-04
836 3.570803e-03 3.055509e-04
837 3.554978e-03 3.041841e-04
838 3.539224e-03 3.028233e-04
839 3.523541e-03 3.014686e-04
840 3.507927e-03 3.001200e-04
841 3.492384e-03 2.987775e-04
842 3.476910e-03 2.974409e-04
843 3.461506e-03 2.961103e-04
844 3.446170e-03 2.947856e-04
845 3.430903e-03 2.934669e-04
846 3.415705e-03 2.921541e-04
847 3.400575e-03 2.908472e-04
848 3.385512e-03 2.895461e-04
849 3.370517e-03 2.882508e-04
850 3.355589e-03 2.869613e-04
851 3.340727e-03 2.856776e-04
852 3.325933e-03 2.843996e-04
853 3.311204e-03 2.831274e-04
854 3.296542e-03 2.818608e-04
855 3.281945e-03 2.805999e-04
856 3.267414e-03 2.793447e-04
857 3.252947e-03 2.780950e-04
858 3.238546e-03 2.768510e-04
859 3.224209e-03 2.756125e-04
860 3.209936e-03 2.743796e-04
861 3.195727e-03 2.731521e-04
862 3.181582e-03 2.719302e-04
863 3.167500e-03 2.707137e-04
864 3.153481e-03 2.695027e-04
865 3.139525e-03 2.682971e-04
866 3.125631e-03 2.670969e-04
867 3.111800e-03 2.659020e-04
868 3.098030e-03 2.647125e-04
869 3.084322e-03 2.635283e-04
870 3.070676e-03 2.623494e-04
871 3.057091e-03 2.611758e-04
872 3.043566e-03 2.600075e-04
873 3.030102e-03 2.588443e-04
874 3.016699e-03 2.576864e-04
875 3.003355e-03 2.565336e-04
876 2.990072e-03 2.553860e-04
877 2.976847e-03 2.542436e-04
878 2.963682e-03 2.531062e-04
879 2.950576e-03 2.519740e-04
880 2.937529e-03 2.508468e-04
881 2.924540e-03 2.497246e-04
882 2.911610e-03 2.486075e-04
883 2.898737e-03 2.474953e-04
884 2.885922e-03 2.463882e-04
885 2.873164e-03 2.452860e-04
886 2.860463e-03 2.441887e-04
887 2.847820e-03 2.430963e-04
888 2.835233e-03 2.420088e-04
889 2.822702e-03 2.409262e-04
890 2.810228e-03 2.398484e-04
891 2.797809e-03 2.387755e-04
892 2.785446e-03 2.377073e-04
893 2.773138e-03 2.366439e-04
894 2.760886e-03 2.355853e-04
895 2.748688e-03 2.345314e-04
896 2.736546e-03 2.334823e-04
897 2.724457e-03 2.324378e-04
898 2.712423e-03 2.313980e-04
899 2.700442e-03 2.303628e-04
900 2.688515e-03 2.293323e-04
901 2.676642e-03 2.283064e-04
902 2.664822e-03 2.272851e-04
903 2.653055e-03 2.262683e-04
904 2.641340e-03 2.252561e-04
905 2.629678e-03 2.242485e-04
906 2.618069e-03 2.232453e-04
907 2.606511e-03 2.222466e-04
908 2.595005e-03 2.212524e-04
909 2.583551e-03 2.202626e-04
910 2.572148e-03 2.192773e-04
911 2.560796e-03 2.182964e-04
912 2.549495e-03 2.173198e-04
913 2.538245e-03 2.163476e-04
914 2.527045e-03 2.153798e-04
915 2.515895e-03 2.144163e-04
916 2.504795e-03 2.134571e-04
917 2.493745e-03 2.125022e-04
918 2.482744e-03 2.115516e-04
919 2.471793e-03 2.106053e-04
920 2.460891e-03 2.096631e-04
921 2.450038e-03 2.087252e-04
922 2.439233e-03 2.077915e-04
923 2.428477e-03 2.068619e-04
924 2.417769e-03 2.059365e-04
925 2.407109e-03 2.050153e-04
926 2.396497e-03 2.040981e-04
927 2.385932e-03 2.031851e-04
928 2.375415e-03 2.022762e-04
929 2.364944e-03 2.013713e-04
930 2.354521e-03 2.004705e-04
931 2.344145e-03 1.995737e-04
932 2.333815e-03 1.986809e-04
933 2.323531e-03 1.977921e-04
934 2.313293e-03 1.969073e-04
935 2.303102e-03 1.960264e-04
936 2.292956e-03 1.951495e-04
937 2.282855e-03 1.942765e-04
938 2.272800e-03 1.934074e-04
939 2.262790e-03 1.925422e-04
940 2.252824e-03 1.916809e-04
941 2.242904e-03 1.908234e-04
942 2.233027e-03 1.899698e-04
943 2.223196e-03 1.891199e-04
944 2.213408e-03 1.882739e-04
945 2.203664e-03 1.874317e-04
946 2.193964e-03 1.865932e-04
947 2.184307e-03 1.857585e-04
948 2.174694e-03 1.849275e-04
949 2.165123e-03 1.841002e-04
950 2.155596e-03 1.832767e-04
951 2.146111e-03 1.824568e-04
952 2.136669e-03 1.816406e-04
953 2.127269e-03 1.808280e-04
954 2.117912e-03 1.800191e-04
955 2.108596e-03 1.792138e-04
956 2.099322e-03 1.784121e-04
957 2.090090e-03 1.776139e-04
958 2.080899e-03 1.768194e-04
959 2.071749e-03 1.760284e-04
960 2.062641e-03 1.752409e-04
961 2.053573e-03 1.744570e-04
962 2.044546e-03 1.736766e-04
963 2.035559e-03 1.728996e-04
964 2.026613e-03 1.721262e-04
965 2.017707e-03 1.713562e-04
966 2.008841e-03 1.705896e-04
967 2.000014e-03 1.698265e-04
968 1.991227e-03 1.690668e-04
969 1.982480e-03 1.683105e-04
970 1.973772e-03 1.675575e-04
971 1.965103e-03 1.668080e-04
972 1.956472e-03 1.660618e-04
973 1.947881e-03 1.653189e-04
974 1.939328e-03 1.645793e-04
975 1.930813e-03 1.638431e-04
976 1.922337e-03 1.631101e-04
977 1.913899e-03 1.623805e-04
978 1.905498e-03 1.616541e-04
979 1.897135e-03 1.609309e-04
980 1.888810e-03 1.602110e-04
981 1.880522e-03 1.594943e-04
982 1.872272e-03 1.587808e-04
983 1.864058e-03 1.580705e-04
984 1.855881e-03 1.573634e-04
985 1.847741e-03 1.566594e-04
986 1.839638e-03 1.559586e-04
987 1.831570e-03 1.552609e-04
988 1.823539e-03 1.545664e-04
989 1.815544e-03 1.538749e-04
990 1.807585e-03 1.531866e-04
991 1.799662e-03 1.525013e-04
992 1.791774e-03 1.518191e-04
993 1.783922e-03 1.511399e-04
994 1.776105e-03 1.504638e-04
995 1.768323e-03 1.497907e-04
996 1.760576e-03 1.491206e-04
997 1.752863e-03 1.484535e-04
998 1.745186e-03 1.477894e-04
999 1.737543e-03 1.471283e-04
1000 1.729934e-03 1.464701e-04
1001 1.722359e-03 1.458149e-04
1002 1.714818e-03 1.451626e-04
1003 1.707312e-03 1.445132e-04
1004 1.699838e-03 1.438668e-04
1005 1.692399e-03 1.432232e-04
1006 1.684993e-03 1.425825e-04
1007 1.677620e-03 1.419446e-04
1008 1.670280e-03 1.413096e-04
1009 1.662973e-03 1.406775e-04
1010 1.655699e-03 1.400482e-04
1011 1.648458e-03 1.394217e-04
1012 1.641249e-03 1.387980e-04
1013 1.634073e-03 1.381771e-04
1014 1.626929e-03 1.375589e-04
1015 1.619817e-03 1.369436e-04
1016 1.612736e-03 1.363310e-04
1017 1.605688e-03 1.357211e-04
1018 1.598671e-03 1.351139e-04
1019 1.591686e-03 1.345095e-04
1020 1.584733e-03 1.339078e-04
1021 1.577810e-03 1.333088e-04
1022 1.570919e-03 1.327124e-04
1023 1.564058e-03 1.321187e-04
1024 1.557229e-03 1.315277e-04
1025 1.550430e-03 1.309393e-04
1026 1.543662e-03 1.303536e-04
1027 1.536924e-03 1.297704e-04
1028 1.530216e-03 1.291899e-04
1029 1.523539e-03 1.286120e-04
1030 1.516891e-03 1.280366e-04
1031 1.510274e-03 1.274639e-04
1032 1.503686e-03 1.268937e-04
1033 1.497127e-03 1.263260e-04
1034 1.490599e-03 1.257609e-04
1035 1.484099e-03 1.251983e-04
1036 1.477629e-03 1.246382e-04
1037 1.471188e-03 1.240807e-04
1038 1.464776e-03 1.235256e-04
1039 1.458393e-03 1.229730e-04
1040 1.452038e-03 1.224229e-04
1041 1.445712e-03 1.218752e-04
1042 1.439415e-03 1.213300e-04
1043 1.433146e-03 1.207873e-04
1044 1.426905e-03 1.202469e-04
1045 1.420692e-03 1.197090e-04
1046 1.414507e-03 1.191735e-04
1047 1.408349e-03 1.186404e-04
1048 1.402220e-03 1.181096e-04
1049 1.396118e-03 1.175813e-04
1050 1.390044e-03 1.170553e-04
1051 1.383997e-03 1.165316e-04
1052 1.377977e-03 1.160103e-04
1053 1.371984e-03 1.154914e-04
1054 1.366018e-03 1.149747e-04
1055 1.360079e-03 1.144604e-04
1056 1.354167e-03 1.139483e-04
1057 1.348281e-03 1.134386e-04
1058 1.342422e-03 1.129311e-04
1059 1.336589e-03 1.124259e-04
1060 1.330783e-03 1.119230e-04
1061 1.325002e-03 1.114223e-04
1062 1.319248e-03 1.109239e-04
1063 1.313519e-03 1.104277e-04
1064 1.307817e-03 1.099337e-04
1065 1.302140e-03 1.094419e-04
1066 1.296488e-03 1.089523e-04
1067 1.290862e-03 1.084649e-04
1068 1.285262e-03 1.079797e-04
1069 1.279686e-03 1.074966e-04
1070 1.274136e-03 1.070158e-04
1071 1.268611e-03 1.065370e-04
1072 1.263110e-03 1.060604e-04
1073 1.257635e-03 1.055860e-04
1074 1.252184e-03 1.051136e-04
1075 1.246757e-03 1.046434e-04
1076 1.241355e-03 1.041753e-04
1077 1.235978e-03 1.037093e-04
1078 1.230624e-03 1.032453e-04
1079 1.225295e-03 1.027835e-04
1080 1.219990e-03 1.023237e-04
1081 1.214708e-03 1.018659e-04
1082 1.209451e-03 1.014102e-04
1083 1.204217e-03 1.009566e-04
1084 1.199007e-03 1.005050e-04
1085 1.193820e-03 1.000554e-04
1086 1.188657e-03 9.960776e-05
1087 1.183516e-03 9.916217e-05
1088 1.178399e-03 9.871857e-05
1089 1.173306e-03 9.827695e-05
1090 1.168235e-03 9.783731e-05
1091 1.163187e-03 9.739964e-05
1092 1.158162e-03 9.696393e-05
1093 1.153159e-03 9.653016e-05
1094 1.148179e-03 9.609834e-05
1095 1.143221e-03 9.566845e-05
1096 1.138286e-03 9.524048e-05
1097 1.133373e-03 9.481442e-05
1098 1.128483e-03 9.439027e-05
1099 1.123614e-03 9.396802e-05
1100 1.118767e-03 9.354766e-05
1101 1.113942e-03 9.312917e-05
1102 1.109139e-03 9.271256e-05
1103 1.104358e-03 9.229782e-05
1104 1.099598e-03 9.188492e-05
1105 1.094860e-03 9.147388e-05
1106 1.090143e-03 9.106467e-05
1107 1.085447e-03 9.065730e-05
1108 1.080773e-03 9.025175e-05
1109 1.076120e-03 8.984801e-05
1110 1.071487e-03 8.944608e-05
1111 1.066876e-03 8.904594e-05
1112 1.062286e-03 8.864760e-05
1113 1.057716e-03 8.825103e-05
1114 1.053167e-03 8.785625e-05
1115 1.048638e-03 8.746322e-05
1116 1.044130e-03 8.707196e-05
1117 1.039642e-03 8.668245e-05
1118 1.035175e-03 8.629467e-05
1119 1.030727e-03 8.590864e-05
1120 1.026300e-03 8.552433e-05
1121 1.021893e-03 8.514174e-05
1122 1.017506e-03 8.476086e-05
1123 1.013138e-03 8.438168e-05
1124 1.008791e-03 8.400420e-05
1125 1.004463e-03 8.362841e-05
1126 1.000154e-03 8.325431e-05
1127 9.958654e-04 8.288187e-05
1128 9.915959e-04 8.251110e-05
1129 9.873457e-04 8.214199e-05
1130 9.831147e-04 8.177453e-05
1131 9.789029e-04 8.140871e-05
1132 9.747101e-04 8.104453e-05
1133 9.705363e-04 8.068198e-05
1134 9.663813e-04 8.032106e-05
1135 9.622452e-04 7.996174e-05
1136 9.581278e-04 7.960403e-05
1137 9.540291e-04 7.924793e-05
1138 9.499489e-04 7.889342e-05
1139 9.458872e-04 7.854049e-05
1140 9.418439e-04 7.818914e-05
1141 9.378189e-04 7.783936e-05
1142 9.338121e-04 7.749115e-05
1143 9.298235e-04 7.714450e-05
1144 9.258529e-04 7.679939e-05
1145 9.219004e-04 7.645583e-05
1146 9.179657e-04 7.611381e-05
1147 9.140489e-04 7.577332e-05
1148 9.101498e-04 7.543435e-05
1149 9.062685e-04 7.509689e-05
1150 9.024047e-04 7.476095e-05
1151 8.985584e-04 7.442651e-05
1152 8.947296e-04 7.409357e-05
1153 8.909181e-04 7.376211e-05
1154 8.871239e-04 7.343214e-05
1155 8.833469e-04 7.310364e-05
1156 8.795871e-04 7.277661e-05
1157 8.758443e-04 7.245105e-05
1158 8.721185e-04 7.212694e-05
1159 8.684097e-04 7.180428e-05
1160 8.647176e-04 7.148307e-05
1161 8.610423e-04 7.116329e-05
1162 8.573837e-04 7.084495e-05
1163 8.537417e-04 7.052802e-05
1164 8.501163e-04 7.021252e-05
1165 8.465073e-04 6.989842e-05
1166 8.429147e-04 6.958574e-05
1167 8.393384e-04 6.927445e-05
1168 8.357784e-04 6.896455e-05
1169 8.322346e-04 6.865604e-05
1170 8.287068e-04 6.834891e-05
1171 8.251951e-04 6.804315e-05
1172 8.216994e-04 6.773876e-05
1173 8.182195e-04 6.743573e-05
1174 8.147555e-04 6.713406e-05
1175 8.113072e-04 6.683374e-05
1176 8.078746e-04 6.653476e-05
1177 8.044576e-04 6.623712e-05
1178 8.010562e-04 6.594081e-05
1179 7.976702e-04 6.564583e-05
1180 7.942997e-04 6.535216e-05
1181 7.909445e-04 6.505981e-05
1182 7.876045e-04 6.476877e-05
1183 7.842798e-04 6.447903e-05
1184 7.809702e-04 6.419058e-05
1185 7.776757e-04 6.390343e-05
1186 7.743962e-04 6.361756e-05
1187 7.711316e-04 6.333297e-05
1188 7.678819e-04 6.304965e-05
1189 7.646470e-04 6.276760e-05
1190 7.614268e-04 6.248681e-05
1191 7.582214e-04 6.220728e-05
1192 7.550305e-04 6.192899e-05
1193 7.518542e-04 6.165196e-05
1194 7.486924e-04 6.137616e-05
1195 7.455450e-04 6.110159e-05
1196 7.424119e-04 6.082826e-05
1197 7.392932e-04 6.055614e-05
1198 7.361886e-04 6.028525e-05
1199 7.330983e-04 6.001556e-05
1200 7.300220e-04 5.974709e-05
1201 7.269598e-04 5.947981e-05
1202 7.239116e-04 5.921373e-05
1203 7.208773e-04 5.894884e-05
1204 7.178568e-04 5.868513e-05
1205 7.148502e-04 5.842260e-05
1206 7.118573e-04 5.816125e-05
1207 7.088781e-04 5.790107e-05
1208 7.059125e-04 5.764205e-05
1209 7.029604e-04 5.738419e-05
1210 7.000218e-04 5.712749e-05
1211 6.970967e-04 5.687193e-05
1212 6.941850e-04 5.661751e-05
1213 6.912866e-04 5.636424e-05
1214 6.884014e-04 5.611209e-05
1215 6.855295e-04 5.586108e-05
1216 6.826707e-04 5.561118e-05
1217 6.798249e-04 5.536241e-05
1218 6.769922e-04 5.511475e-05
1219 6.741725e-04 5.486819e-05
1220 6.713657e-04 5.462274e-05
1221 6.685718e-04 5.437839e-05
1222 6.657907e-04 5.413513e-05
1223 6.630223e-04 5.389296e-05
1224 6.602666e-04 5.365187e-05
1225 6.575235e-04 5.341186e-05
1226 6.547930e-04 5.317292e-05
1227 6.520751e-04 5.293505e-05
1228 6.493696e-04 5.269825e-05
1229 6.466765e-04 5.246251e-05
1230 6.439958e-04 5.222782e-05
1231 6.413274e-04 5.199418e-05
1232 6.386713e-04 5.176158e-05
1233 6.360273e-04 5.153003e-05
1234 6.333955e-04 5.129951e-05
1235 6.307758e-04 5.107002e-05
1236 6.281681e-04 5.084156e-05
1237 6.255724e-04 5.061413e-05
1238 6.229887e-04 5.038770e-05
1239 6.204168e-04 5.016230e-05
1240 6.178568e-04 4.993790e-05
1241 6.153085e-04 4.971450e-05
1242 6.127720e-04 4.949211e-05
1243 6.102471e-04 4.927070e-05
1244 6.077339e-04 4.905029e-05
1245 6.052322e-04 4.883087e-05
1246 6.027421e-04 4.861242e-05
1247 6.002634e-04 4.839496e-05
1248 5.977961e-04 4.817846e-05
1249 5.953403e-04 4.796294e-05
1250 5.928957e-04 4.774838e-05
1251 5.904624e-04 4.753478e-05
1252 5.880403e-04 4.732213e-05
1253 5.856295e-04 4.711044e-05
1254 5.832297e-04 4.689969e-05
1255 5.808410e-04 4.668989e-05
1256 5.784634e-04 4.648102e-05
1257 5.760967e-04 4.627309e-05
1258 5.737409e-04 4.606609e-05
1259 5.713961e-04 4.586001e-05
1260 5.690621e-04 4.565486e-05
1261 5.667388e-04 4.545062e-05
1262 5.644263e-04 4.524730e-05
1263 5.621245e-04 4.504489e-05
1264 5.598334e-04 4.484338e-05
1265 5.575529e-04 4.464278e-05
1266 5.552829e-04 4.444307e-05
1267 5.530234e-04 4.424425e-05
1268 5.507744e-04 4.404633e-05
1269 5.485358e-04 4.384929e-05
1270 5.463076e-04 4.365313e-05
1271 5.440897e-04 4.345785e-05
1272 5.418820e-04 4.326344e-05
1273 5.396847e-04 4.306990e-05
1274 5.374975e-04 4.287723e-05
1275 5.353205e-04 4.268542e-05
1276 5.331535e-04 4.249447e-05
1277 5.309967e-04 4.230437e-05
1278 5.288498e-04 4.211513e-05
1279 5.267129e-04 4.192673e-05
1280 5.245860e-04 4.173917e-05
1281 5.224689e-04 4.155245e-05
1282 5.203617e-04 4.136656e-05
1283 5.182643e-04 4.118151e-05
1284 5.161767e-04 4.099729e-05
1285 5.140987e-04 4.081389e-05
1286 5.120304e-04 4.063131e-05
1287 5.099718e-04 4.044955e-05
1288 5.079228e-04 4.026860e-05
1289 5.058833e-04 4.008846e-05
1290 5.038533e-04 3.990912e-05
1291 5.018327e-04 3.973059e-05
1292 4.998216e-04 3.955286e-05
1293 4.978199e-04 3.937592e-05
1294 4.958275e-04 3.919977e-05
1295 4.938444e-04 3.902441e-05
1296 4.918706e-04 3.884984e-05
1297 4.899060e-04 3.867604e-05
1298 4.879506e-04 3.850303e-05
1299 4.860043e-04 3.833078e-05
1300 4.840671e-04 3.815931e-05
1301 4.821390e-04 3.798861e-05
1302 4.802199e-04 3.781867e-05
1303 4.783098e-04 3.764949e-05
1304 4.764086e-04 3.748106e-05
1305 4.745164e-04 3.731339e-05
1306 4.726330e-04 3.714647e-05
1307 4.707584e-04 3.698030e-05
1308 4.688926e-04 3.681487e-05
1309 4.670356e-04 3.665018e-05
1310 4.651873e-04 3.648622e-05
1311 4.633476e-04 3.632300e-05
1312 4.615166e-04 3.616051e-05
1313 4.596942e-04 3.599875e-05
1314 4.578804e-04 3.583771e-05
1315 4.560751e-04 3.567739e-05
1316 4.542782e-04 3.551779e-05
1317 4.524899e-04 3.535890e-05
1318 4.507099e-04 3.520073e-05
1319 4.489383e-04 3.504326e-05
1320 4.471751e-04 3.488649e-05
1321 4.454202e-04 3.473043e-05
1322 4.436735e-04 3.457506e-05
1323 4.419351e-04 3.442039e-05
1324 4.402049e-04 3.426641e-05
1325 4.384828e-04 3.411312e-05
1326 4.367689e-04 3.396052e-05
1327 4.350631e-04 3.380860e-05
1328 4.333653e-04 3.365736e-05
1329 4.316755e-04 3.350679e-05
1330 4.299938e-04 3.335690e-05
1331 4.283200e-04 3.320768e-05
1332 4.266541e-04 3.305913e-05
1333 4.249961e-04 3.291124e-05
1334 4.233459e-04 3.276401e-05
1335 4.217036e-04 3.261744e-05
1336 4.200691e-04 3.247153e-05
1337 4.184423e-04 3.232627e-05
1338 4.168232e-04 3.218166e-05
1339 4.152118e-04 3.203769e-05
1340 4.136080e-04 3.189437e-05
1341 4.120119e-04 3.175169e-05
1342 4.104233e-04 3.160965e-05
1343 4.088423e-04 3.146825e-05
1344 4.072689e-04 3.132748e-05
1345 4.057029e-04 3.118733e-05
1346 4.041443e-04 3.104782e-05
1347 4.025932e-04 3.090893e-05
1348 4.010495e-04 3.077066e-05
1349 3.995131e-04 3.063301e-05
1350 3.979841e-04 3.049597e-05
1351 3.964623e-04 3.035955e-05
1352 3.949479e-04 3.022373e-05
1353 3.934406e-04 3.008853e-05
1354 3.919405e-04 2.995393e-05
1355 3.904477e-04 2.981993e-05
1356 3.889619e-04 2.968653e-05
1357 3.874833e-04 2.955373e-05
1358 3.860117e-04 2.942152e-05
1359 3.845472e-04 2.928991e-05
1360 3.830897e-04 2.915888e-05
1361 3.816392e-04 2.902844e-05
1362 3.801956e-04 2.889858e-05
1363 3.787590e-04 2.876930e-05
1364 3.773293e-04 2.864061e-05
1365 3.759064e-04 2.851248e-05
1366 3.744904e-04 2.838493e-05
1367 3.730812e-04 2.825795e-05
1368 3.716787e-04 2.813154e-05
1369 3.702830e-04 2.800570e-05
1370 3.688940e-04 2.788041e-05
1371 3.675117e-04 2.775569e-05
1372 3.661361e-04 2.763153e-05
1373 3.647671e-04 2.750792e-05
1374 3.634047e-04 2.738486e-05
1375 3.620489e-04 2.726236e-05
1376 3.606996e-04 2.714040e-05
1377 3.593569e-04 2.701899e-05
1378 3.580206e-04 2.689812e-05
1379 3.566909e-04 2.677779e-05
1380 3.553675e-04 2.665800e-05
1381 3.540505e-04 2.653875e-05
1382 3.527400e-04 2.642003e-05
1383 3.514358e-04 2.630184e-05
1384 3.501379e-04 2.618418e-05
1385 3.488463e-04 2.606704e-05
1386 3.475610e-04 2.595043e-05
1387 3.462819e-04 2.583435e-05
1388 3.450090e-04 2.571878e-05
1389 3.437423e-04 2.560372e-05
1390 3.424818e-04 2.548919e-05
1391 3.412275e-04 2.537516e-05
1392 3.399792e-04 2.526165e-05
1393 3.387370e-04 2.514864e-05
1394 3.375009e-04 2.503614e-05
1395 3.362708e-04 2.492414e-05
1396 3.350467e-04 2.481264e-05
1397 3.338286e-04 2.470164e-05
1398 3.326165e-04 2.459114e-05
1399 3.314103e-04 2.448113e-05
1400 3.302099e-04 2.437162e-05
1401 3.290155e-04 2.426259e-05
1402 3.278269e-04 2.415405e-05
1403 3.266442e-04 2.404600e-05
1404 3.254672e-04 2.393843e-05
1405 3.242960e-04 2.383134e-05
1406 3.231306e-04 2.372474e-05
1407 3.219709e-04 2.361860e-05
1408 3.208169e-04 2.351295e-05
1409 3.196686e-04 2.340776e-05
1410 3.185259e-04 2.330305e-05
1411 3.173889e-04 2.319880e-05
1412 3.162575e-04 2.309502e-05
1413 3.151316e-04 2.299171e-05
1414 3.140113e-04 2.288886e-05
1415 3.128965e-04 2.278646e-05
1416 3.117873e-04 2.268453e-05
1417 3.106835e-04 2.258305e-05
1418 3.095852e-04 2.248203e-05
1419 3.084924e-04 2.238145e-05
1420 3.074049e-04 2.228133e-05
1421 3.063228e-04 2.218166e-05
1422 3.052461e-04 2.208243e-05
1423 3.041748e-04 2.198364e-05
1424 3.031088e-04 2.188530e-05
1425 3.020480e-04 2.178740e-05
1426 3.009926e-04 2.168993e-05
1427 2.999424e-04 2.159290e-05
1428 2.988974e-04 2.149631e-05
1429 2.978576e-04 2.140014e-05
1430 2.968231e-04 2.130441e-05
1431 2.957936e-04 2.120911e-05
1432 2.947694e-04 2.111423e-05
1433 2.937502e-04 2.101977e-05
1434 2.927361e-04 2.092574e-05
1435 2.917272e-04 2.083213e-05
1436 2.907232e-04 2.073894e-05
1437 2.897243e-04 2.064616e-05
1438 2.887304e-04 2.055380e-05
1439 2.877415e-04 2.046186e-05
1440 2.867576e-04 2.037032e-05
1441 2.857786e-04 2.027920e-05
1442 2.848045e-04 2.018848e-05
1443 2.838353e-04 2.009816e-05
1444 2.828710e-04 2.000826e-05
1445 2.819116e-04 1.991875e-05
1446 2.809570e-04 1.982964e-05
1447 2.800072e-04 1.974094e-05
1448 2.790622e-04 1.965263e-05
1449 2.781220e-04 1.956471e-05
1450 2.771865e-04 1.947719e-05
1451 2.762558e-04 1.939006e-05
1452 2.753297e-04 1.930332e-05
1453 2.744084e-04 1.921696e-05
1454 2.734918e-04 1.913100e-05
1455 2.725798e-04 1.904542e-05
1456 2.716724e-04 1.896022e-05
1457 2.707696e-04 1.887540e-05
1458 2.698715e-04 1.879096e-05
1459 2.689779e-04 1.870690e-05
1460 2.680888e-04 1.862321e-05
1461 2.672043e-04 1.853990e-05
1462 2.663243e-04 1.845697e-05
1463 2.654488e-04 1.837440e-05
1464 2.645778e-04 1.829220e-05
1465 2.637112e-04 1.821037e-05
1466 2.628490e-04 1.812891e-05
1467 2.619913e-04 1.804781e-05
1468 2.611380e-04 1.796707e-05
1469 2.602890e-04 1.788670e-05
1470 2.594444e-04 1.780668e-05
1471 2.586041e-04 1.772703e-05
1472 2.577682e-04 1.764772e-05
1473 2.569365e-04 1.756878e-05
1474 2.561091e-04 1.749018e-05
1475 2.552860e-04 1.741194e-05
1476 2.544672e-04 1.733405e-05
1477 2.536525e-04 1.725651e-05
1478 2.528421e-04 1.717931e-05
1479 2.520358e-04 1.710246e-05
1480 2.512337e-04 1.702595e-05
1481 2.504358e-04 1.694979e-05
1482 2.496420e-04 1.687396e-05
1483 2.488523e-04 1.679848e-05
1484 2.480668e-04 1.672333e-05
1485 2.472853e-04 1.664852e-05
1486 2.465078e-04 1.657404e-05
1487 2.457344e-04 1.649990e-05
1488 2.449650e-04 1.642609e-05
1489 2.441997e-04 1.635261e-05
1490 2.434383e-04 1.627945e-05
1491 2.426809e-04 1.620663e-05
1492 2.419274e-04 1.613413e-05
1493 2.411779e-04 1.606195e-05
1494 2.404323e-04 1.599010e-05
1495 2.396906e-04 1.591857e-05
1496 2.389528e-04 1.584736e-05
1497 2.382188e-04 1.577646e-05
1498 2.374887e-04 1.570589e-05
1499 2.367625e-04 1.563563e-05
1500 2.360400e-04 1.556568e-05
1501 2.353214e-04 1.549605e-05
1502 2.346065e-04 1.542673e-05
1503 2.338954e-04 1.535772e-05
1504 2.331881e-04 1.528902e-05
1505 2.324845e-04 1.522062e-05
1506 2.317846e-04 1.515253e-05
1507 2.310884e-04 1.508475e-05
1508 2.303958e-04 1.501727e-05
1509 2.297070e-04 1.495009e-05
1510 2.290218e-04 1.488321e-05
1511 2.283402e-04 1.481663e-05
1512 2.276622e-04 1.475035e-05
1513 2.269879e-04 1.468436e-05
1514 2.263171e-04 1.461867e-05
1515 2.256499e-04 1.455328e-05
1516 2.249863e-04 1.448817e-05
1517 2.243262e-04 1.442336e-05
1518 2.236696e-04 1.435884e-05
1519 2.230165e-04 1.429460e-05
1520 2.223669e-04 1.423066e-05
1521 2.217208e-04 1.416700e-05
1522 2.210781e-04 1.410362e-05
1523 2.204389e-04 1.404053e-05
1524 2.198031e-04 1.397772e-05
1525 2.191707e-04 1.391519e-05
1526 2.185417e-04 1.385294e-05
1527 2.179161e-04 1.379097e-05
1528 2.172938e-04 1.372928e-05
1529 2.166749e-04 1.366786e-05
1530 2.160593e-04 1.360672e-05
1531 2.154471e-04 1.354585e-05
1532 2.148382e-04 1.348525e-05
1533 2.142325e-04 1.342492e-05
1534 2.136301e-04 1.336487e-05
1535 2.130310e-04 1.330508e-05
1536 2.124351e-04 1.324556e-05
1537 2.118425e-04 1.318631e-05
1538 2.112530e-04 1.312732e-05
1539 2.106668e-04 1.306859e-05
1540 2.100838e-04 1.301013e-05
1541 2.095039e-04 1.295193e-05
1542 2.089272e-04 1.289399e-05
1543 2.083536e-04 1.283631e-05
1544 2.077831e-04 1.277889e-05
1545 2.072158e-04 1.272172e-05
1546 2.066515e-04 1.266481e-05
1547 2.060904e-04 1.260816e-05
1548 2.055323e-04 1.255175e-05
1549 2.049773e-04 1.249560e-05
1550 2.044253e-04 1.243971e-05
1551 2.038763e-04 1.238406e-05
1552 2.033304e-04 1.232866e-05
1553 2.027874e-04 1.227351e-05
1554 2.022474e-04 1.221860e-05
1555 2.017104e-04 1.216394e-05
1556 2.011764e-04 1.210953e-05
1557 2.006453e-04 1.205535e-05
1558 2.001171e-04 1.200142e-05
1559 1.995919e-04 1.194774e-05
1560 1.990695e-04 1.189429e-05
1561 1.985501e-04 1.184108e-05
1562 1.980335e-04 1.178811e-05
1563 1.975198e-04 1.173538e-05
1564 1.970089e-04 1.168288e-05
1565 1.965009e-04 1.163061e-05
1566 1.959957e-04 1.157859e-05
1567 1.954932e-04 1.152679e-05
1568 1.949936e-04 1.147522e-05
1569 1.944968e-04 1.142389e-05
1570 1.940027e-04 1.137279e-05
1571 1.935114e-04 1.132191e-05
1572 1.930229e-04 1.127126e-05
1573 1.925370e-04 1.122084e-05
1574 1.920539e-04 1.117064e-05
1575 1.915735e-04 1.112067e-05
1576 1.910958e-04 1.107092e-05
1577 1.906208e-04 1.102140e-05
1578 1.901484e-04 1.097210e-05
1579 1.896786e-04 1.092301e-05
1580 1.892116e-04 1.087415e-05
1581 1.887471e-04 1.082550e-05
1582 1.882853e-04 1.077708e-05
1583 1.878260e-04 1.072886e-05
1584 1.873694e-04 1.068087e-05
1585 1.869153e-04 1.063309e-05
1586 1.864638e-04 1.058552e-05
1587 1.860148e-04 1.053817e-05
1588 1.855684e-04 1.049103e-05
1589 1.851245e-04 1.044409e-05
1590 1.846831e-04 1.039737e-05
1591 1.842443e-04 1.035086e-05
1592 1.838079e-04 1.030456e-05
1593 1.833740e-04 1.025846e-05
1594 1.829425e-04 1.021257e-05
1595 1.825135e-04 1.016688e-05
1596 1.820870e-04 1.012140e-05
1597 1.816629e-04 1.007612e-05
1598 1.812412e-04 1.003105e-05
1599 1.808219e-04 9.986175e-06
1600 1.804050e-04 9.941502e-06
1601 1.799905e-04 9.897029e-06
1602 1.795784e-04 9.852755e-06
1603 1.791686e-04 9.808679e-06
1604 1.787612e-04 9.764800e-06
1605 1.783561e-04 9.721117e-06
1606 1.779533e-04 9.677630e-06
1607 1.775529e-04 9.634338e-06
1608 1.771547e-04 9.591239e-06
1609 1.767589e-04 9.548333e-06
1610 1.763653e-04 9.505619e-06
1611 1.759740e-04 9.463095e-06
1612 1.755849e-04 9.420763e-06
1613 1.751981e-04 9.378619e-06
1614 1.748136e-04 9.336664e-06
1615 1.744312e-04 9.294897e-06
1616 1.740511e-04 9.253316e-06
1617 1.736731e-04 9.211922e-06
1618 1.732974e-04 9.170713e-06
1619 1.729238e-04 9.129688e-06
1620 1.725524e-04 9.088846e-06
1621 1.721831e-04 9.048188e-06
1622 1.718160e-04 9.007711e-06
1623 1.714511e-04 8.967415e-06
1624 1.710882e-04 8.927300e-06
1625 1.707275e-04 8.887364e-06
1626 1.703689e-04 8.847606e-06
1627 1.700123e-04 8.808027e-06
1628 1.696579e-04 8.768624e-06
1629 1.693055e-04 8.729398e-06
1630 1.689552e-04 8.690348e-06
1631 1.686069e-04 8.651472e-06
1632 1.682607e-04 8.612769e-06
1633 1.679165e-04 8.574240e-06
1634 1.675743e-04 8.535884e-06
1635 1.672341e-04 8.497699e-06
1636 1.668959e-04 8.459685e-06
1637 1.665597e-04 8.421841e-06
1638 1.662255e-04 8.384166e-06
1639 1.658933e-04 8.346659e-06
1640 1.655630e-04 8.309321e-06
1641 1.652346e-04 8.272149e-06
1642 1.649082e-04 8.235144e-06
1643 1.645837e-04 8.198304e-06
1644 1.642611e-04 8.161630e-06
1645 1.639405e-04 8.125119e-06
1646 1.636217e-04 8.088771e-06
1647 1.633048e-04 8.052586e-06
1648 1.629898e-04 8.016563e-06
1649 1.626767e-04 7.980702e-06
1650 1.623654e-04 7.945000e-06
1651 1.620559e-04 7.909458e-06
1652 1.617483e-04 7.874076e-06
1653 1.614426e-04 7.838851e-06
1654 1.611386e-04 7.803784e-06
1655 1.608364e-04 7.768874e-06
1656 1.605361e-04 7.734121e-06
1657 1.602375e-04 7.699522e-06
1658 1.599407e-04 7.665079e-06
1659 1.596457e-04 7.630789e-06
1660 1.593525e-04 7.596653e-06
1661 1.590610e-04 7.562670e-06
1662 1.587712e-04 7.528838e-06
1663 1.584832e-04 7.495158e-06
1664 1.581969e-04 7.461629e-06
1665 1.579123e-04 7.428249e-06
1666 1.576294e-04 7.395019e-06
1667 1.573482e-04 7.361938e-06
1668 1.570687e-04 7.329005e-06
1669 1.567909e-04 7.296219e-06
1670 1.565147e-04 7.263579e-06
1671 1.562402e-04 7.231086e-06
1672 1.559674e-04 7.198738e-06
1673 1.556962e-04 7.166534e-06
1674 1.554266e-04 7.134475e-06
1675 1.551586e-04 7.102559e-06
1676 1.548923e-04 7.070786e-06
1677 1.546276e-04 7.039155e-06
1678 1.543644e-04 7.007666e-06
1679 1.541029e-04 6.976317e-06
1680 1.538429e-04 6.945109e-06
1681 1.535845e-04 6.914040e-06
1682 1.533277e-04 6.883110e-06
1683 1.530724e-04 6.852319e-06
1684 1.528187e-04 6.821665e-06
1685 1.525665e-04 6.791149e-06
1686 1.523158e-04 6.760769e-06
1687 1.520667e-04 6.730525e-06
1688 1.518190e-04 6.700416e-06
1689 1.515729e-04 6.670442e-06
1690 1.513283e-04 6.640602e-06
1691 1.510851e-04 6.610895e-06
1692 1.508434e-04 6.581322e-06
1693 1.506032e-04 6.551880e-06
1694 1.503645e-04 6.522571e-06
1695 1.501272e-04 6.493392e-06
1696 1.498913e-04 6.464344e-06
1697 1.496569e-04 6.435426e-06
1698 1.494239e-04 6.406637e-06
1699 1.491924e-04 6.377977e-06
1700 1.489622e-04 6.349446e-06
1701 1.487335e-04 6.321042e-06
1702 1.485061e-04 6.292765e-06
1703 1.482802e-04 6.264614e-06
1704 1.480556e-04 6.236590e-06
1705 1.478324e-04 6.208690e-06
1706 1.476106e-04 6.180916e-06
1707 1.473901e-04 6.153266e-06
1708 1.471710e-04 6.125740e-06
1709 1.469532e-04 6.098336e-06
1710 1.467368e-04 6.071055e-06
1711 1.465216e-04 6.043897e-06
1712 1.463078e-04 6.016860e-06
1713 1.460953e-04 5.989943e-06
1714 1.458842e-04 5.963148e-06
1715 1.456743e-04 5.936472e-06
1716 1.454657e-04 5.909915e-06
1717 1.452584e-04 5.883477e-06
1718 1.450523e-04 5.857158e-06
1719 1.448476e-04 5.830956e-06
1720 1.446441e-04 5.804871e-06
1721 1.444418e-04 5.778903e-06
1722 1.442408e-04 5.753051e-06
1723 1.440410e-04 5.727315e-06
1724 1.438425e-04 5.701694e-06
1725 1.436452e-04 5.676188e-06
1726 1.434491e-04 5.650796e-06
1727 1.432542e-04 5.625517e-06
1728 1.430605e-04 5.600352e-06
1729 1.428680e-04 5.575299e-06
1730 1.426767e-04 5.550358e-06
1731 1.424866e-04 5.525528e-06
1732 1.422977e-04 5.500810e-06
1733 1.421099e-04 5.476202e-06
1734 1.419233e-04 5.451705e-06
1735 1.417378e-04 5.427317e-06
1736 1.415535e-04 5.403038e-06
1737 1.413704e-04 5.378867e-06
1738 1.411883e-04 5.354805e-06
1739 1.410074e-04 5.330851e-06
1740 1.408277e-04 5.307003e-06
1741 1.406490e-04 5.283262e-06
1742 1.404714e-04 5.259628e-06
1743 1.402950e-04 5.236099e-06
1744 1.401196e-04 5.212676e-06
1745 1.399454e-04 5.189357e-06
1746 1.397722e-04 5.166142e-06
1747 1.396000e-04 5.143032e-06
1748 1.394290e-04 5.120025e-06
1749 1.392590e-04 5.097120e-06
1750 1.390901e-04 5.074319e-06
1751 1.389222e-04 5.051619e-06
1752 1.387554e-04 5.029020e-06
1753 1.385896e-04 5.006523e-06
1754 1.384248e-04 4.984127e-06
1755 1.382611e-04 4.961830e-06
1756 1.380984e-04 4.939634e-06
1757 1.379367e-04 4.917537e-06
1758 1.377760e-04 4.895538e-06
1759 1.376163e-04 4.873638e-06
1760 1.374576e-04 4.851836e-06
1761 1.372999e-04 4.830131e-06
1762 1.371432e-04 4.808524e-06
1763 1.369874e-04 4.787013e-06
1764 1.368326e-04 4.765599e-06
1765 1.366788e-04 4.744280e-06
1766 1.365260e-04 4.723056e-06
1767 1.363741e-04 4.701928e-06
1768 1.362231e-04 4.680894e-06
1769 1.360731e-04 4.659954e-06
1770 1.359240e-04 4.639108e-06
1771 1.357759e-04 4.618355e-06
1772 1.356287e-04 4.597695e-06
1773 1.354824e-04 4.577127e-06
1774 1.353370e-04 4.556652e-06
1775 1.351925e-04 4.536268e-06
1776 1.350490e-04 4.515975e-06
1777 1.349063e-04 4.495773e-06
1778 1.347645e-04 4.475661e-06
1779 1.346236e-04 4.455639e-06
1780 1.344836e-04 4.435707e-06
1781 1.343444e-04 4.415864e-06
1782 1.342062e-04 4.396110e-06
1783 1.340688e-04 4.376444e-06
1784 1.339322e-04 4.356866e-06
1785 1.337965e-04 4.337376e-06
1786 1.336617e-04 4.317973e-06
1787 1.335277e-04 4.298656e-06
1788 1.333945e-04 4.279427e-06
1789 1.332622e-04 4.260283e-06
1790 1.331307e-04 4.241224e-06
1791 1.330000e-04 4.222251e-06
1792 1.328702e-04 4.203363e-06
1793 1.327411e-04 4.184560e-06
1794 1.326129e-04 4.165840e-06
1795 1.324854e-04 4.147204e-06
1796 1.323588e-04 4.128652e-06
1797 1.322330e-04 4.110183e-06
1798 1.321079e-04 4.091796e-06
1799 1.319836e-04 4.073491e-06
1800 1.318601e-04 4.055269e-06
1801 1.317374e-04 4.037128e-06
1802 1.316155e-04 4.019068e-06
1803 1.314943e-04 4.001088e-06
1804 1.313738e-04 3.983190e-06
1805 1.312542e-04 3.965371e-06
1806 1.311352e-04 3.947632e-06
1807 1.310171e-04 3.929972e-06
1808 1.308996e-04 3.912392e-06
1809 1.307829e-04 3.894890e-06
1810 1.306669e-04 3.877466e-06
1811 1.305517e-04 3.860120e-06
1812 1.304372e-04 3.842852e-06
1813 1.303233e-04 3.825661e-06
1814 1.302102e-04 3.808547e-06
1815 1.300979e-04 3.791510e-06
1816 1.299862e-04 3.774549e-06
1817 1.298752e-04 3.757664e-06
1818 1.297649e-04 3.740854e-06
1819 1.296553e-04 3.724119e-06
1820 1.295464e-04 3.707459e-06
1821 1.294382e-04 3.690874e-06
1822 1.293306e-04 3.674363e-06
1823 1.292237e-04 3.657926e-06
1824 1.291175e-04 3.641562e-06
1825 1.290120e-04 3.625272e-06
1826 1.289071e-04 3.609054e-06
1827 1.288028e-04 3.592909e-06
1828 1.286993e-04 3.576837e-06
1829 1.285963e-04 3.560836e-06
1830 1.284941e-04 3.544906e-06
1831 1.283924e-04 3.529048e-06
1832 1.282914e-04 3.513261e-06
1833 1.281910e-04 3.497545e-06
1834 1.280913e-04 3.481899e-06
1835 1.279921e-04 3.466323e-06
1836 1.278936e-04 3.450816e-06
1837 1.277957e-04 3.435379e-06
1838 1.276985e-04 3.420011e-06
1839 1.276018e-04 3.404712e-06
1840 1.275057e-04 3.389481e-06
1841 1.274103e-04 3.374318e-06
1842 1.273154e-04 3.359223e-06
1843 1.272211e-04 3.344196e-06
1844 1.271274e-04 3.329236e-06
1845 1.270343e-04 3.314342e-06
1846 1.269418e-04 3.299516e-06
1847 1.268499e-04 3.284755e-06
1848 1.267585e-04 3.270061e-06
1849 1.266677e-04 3.255433e-06
1850 1.265775e-04 3.240870e-06
1851 1.264878e-04 3.226372e-06
1852 1.263987e-04 3.211939e-06
1853 1.263102e-04 3.197570e-06
1854 1.262222e-04 3.183266e-06
1855 1.261347e-04 3.169026e-06
1856 1.260478e-04 3.154849e-06
1857 1.259614e-04 3.140736e-06
1858 1.258756e-04 3.126686e-06
1859 1.257903e-04 3.112699e-06
1860 1.257056e-04 3.098774e-06
1861 1.256213e-04 3.084912e-06
1862 1.255376e-04 3.071112e-06
1863 1.254544e-04 3.057373e-06
1864 1.253718e-04 3.043696e-06
1865 1.252896e-04 3.030080e-06
1866 1.252080e-04 3.016525e-06
1867 1.251268e-04 3.003031e-06
1868 1.250462e-04 2.989597e-06
1869 1.249661e-04 2.976223e-06
1870 1.248865e-04 2.962909e-06
1871 1.248073e-04 2.949654e-06
1872 1.247287e-04 2.936459e-06
1873 1.246505e-04 2.923323e-06
1874 1.245729e-04 2.910246e-06
1875 1.244957e-04 2.897227e-06
1876 1.244190e-04 2.884266e-06
1877 1.243427e-04 2.871364e-06
1878 1.242670e-04 2.858519e-06
1879 1.241917e-04 2.845731e-06
1880 1.241169e-04 2.833001e-06
1881 1.240425e-04 2.820327e-06
1882 1.239686e-04 2.807711e-06
1883 1.238952e-04 2.795151e-06
1884 1.238222e-04 2.782647e-06
1885 1.237497e-04 2.770198e-06
1886 1.236776e-04 2.757806e-06
1887 1.236060e-04 2.745469e-06
1888 1.235348e-04 2.733187e-06
1889 1.234640e-04 2.720960e-06
1890 1.233937e-04 2.708788e-06
1891 1.233238e-04 2.696671e-06
1892 1.232544e-04 2.684607e-06
1893 1.231854e-04 2.672598e-06
1894 1.231168e-04 2.660642e-06
1895 1.230486e-04 2.648740e-06
1896 1.229809e-04 2.636891e-06
1897 1.229135e-04 2.625094e-06
1898 1.228466e-04 2.613351e-06
1899 1.227801e-04 2.601660e-06
1900 1.227140e-04 2.590022e-06
1901 1.226484e-04 2.578436e-06
1902 1.225831e-04 2.566901e-06
1903 1.225182e-04 2.555418e-06
1904 1.224537e-04 2.543987e-06
1905 1.223897e-04 2.532606e-06
1906 1.223260e-04 2.521277e-06
1907 1.222627e-04 2.509998e-06
1908 1.221998e-04 2.498769e-06
1909 1.221373e-04 2.487591e-06
1910 1.220751e-04 2.476463e-06
1911 1.220134e-04 2.465385e-06
1912 1.219520e-04 2.454356e-06
1913 1.218910e-04 2.443376e-06
1914 1.218304e-04 2.432446e-06
1915 1.217702e-04 2.421564e-06
1916 1.217103e-04 2.410732e-06
1917 1.216508e-04 2.399947e-06
1918 1.215916e-04 2.389211e-06
1919 1.215328e-04 2.378523e-06
1920 1.214744e-04 2.367883e-06
1921 1.214163e-04 2.357290e-06
1922 1.213586e-04 2.346745e-06
1923 1.213013e-04 2.336247e-06
1924 1.212443e-04 2.325796e-06
1925 1.211876e-04 2.315391e-06
1926 1.211313e-04 2.305034e-06
1927 1.210753e-04 2.294722e-06
1928 1.210197e-04 2.284457e-06
1929 1.209644e-04 2.274237e-06
1930 1.209095e-04 2.264063e-06
1931 1.208549e-04 2.253935e-06
1932 1.208006e-04 2.243852e-06
1933 1.207466e-04 2.233815e-06
1934 1.206930e-04 2.223822e-06
1935 1.206397e-04 2.213873e-06
1936 1.205867e-04 2.203970e-06
1937 1.205341e-04 2.194110e-06
1938 1.204818e-04 2.184295e-06
1939 1.204298e-04 2.174524e-06
1940 1.203781e-04 2.164796e-06
1941 1.203267e-04 2.155112e-06
1942 1.202756e-04 2.145471e-06
1943 1.202249e-04 2.135873e-06
1944 1.201744e-04 2.126319e-06
1945 1.201243e-04 2.116807e-06
1946 1.200744e-04 2.107337e-06
1947 1.200249e-04 2.097910e-06
1948 1.199756e-04 2.088525e-06
1949 1.199267e-04 2.079182e-06
1950 1.198781e-04 2.069881e-06
1951 1.198297e-04 2.060621e-06
1952 1.197816e-04 2.051403e-06
1953 1.197339e-04 2.042226e-06
1954 1.196864e-04 2.033091e-06
1955 1.196392e-04 2.023996e-06
1956 1.195923e-04 2.014941e-06
1957 1.195457e-04 2.005928e-06
1958 1.194993e-04 1.996954e-06
1959 1.194533e-04 1.988021e-06
1960 1.194075e-04 1.979127e-06
1961 1.193620e-04 1.970274e-06
1962 1.193167e-04 1.961460e-06
1963 1.192718e-04 1.952685e-06
1964 1.192271e-04 1.943950e-06
1965 1.191826e-04 1.935254e-06
1966 1.191385e-04 1.926597e-06
1967 1.190946e-04 1.917978e-06
1968 1.190510e-04 1.909398e-06
1969 1.190076e-04 1.900856e-06
1970 1.189645e-04 1.892353e-06
1971 1.189216e-04 1.883888e-06
1972 1.188790e-04 1.875460e-06
1973 1.188367e-04 1.867070e-06
1974 1.187946e-04 1.858718e-06
1975 1.187528e-04 1.850403e-06
1976 1.187112e-04 1.842125e-06
1977 1.186699e-04 1.833885e-06
1978 1.186288e-04 1.825681e-06
1979 1.185879e-04 1.817514e-06
1980 1.185473e-04 1.809383e-06
1981 1.185070e-04 1.801289e-06
1982 1.184669e-04 1.793231e-06
1983 1.184270e-04 1.785209e-06
1984 1.183873e-04 1.777223e-06
1985 1.183479e-04 1.769272e-06
1986 1.183088e-04 1.761358e-06
1987 1.182698e-04 1.753478e-06
1988 1.182311e-04 1.745634e-06
1989 1.181926e-04 1.737825e-06
1990 1.181544e-04 1.730051e-06
1991 1.181164e-04 1.722312e-06
1992 1.180786e-04 1.714607e-06
1993 1.180410e-04 1.706937e-06
1994 1.180037e-04 1.699301e-06
1995 1.179665e-04 1.691699e-06
1996 1.179296e-04 1.684131e-06
1997 1.178929e-04 1.676597e-06
1998 1.178565e-04 1.669097e-06
1999 1.178202e-04 1.661630e-06
2000 1.177842e-04 1.654197e-06
2001 1.177483e-04 1.646797e-06
2002 1.177127e-04 1.639430e-06
2003 1.176773e-04 1.632096e-06
2004 1.176421e-04 1.624795e-06
2005 1.176071e-04 1.617527e-06
2006 1.175723e-04 1.610291e-06
2007 1.175378e-04 1.603087e-06
2008 1.175034e-04 1.595916e-06
2009 1.174692e-04 1.588777e-06
2010 1.174352e-04 1.581669e-06
2011 1.174015e-04 1.574594e-06
2012 1.173679e-04 1.567550e-06
2013 1.173345e-04 1.560537e-06
2014 1.173013e-04 1.553556e-06
2015 1.172683e-04 1.546607e-06
2016 1.172355e-04 1.539688e-06
2017 1.172029e-04 1.532800e-06
2018 1.171705e-04 1.525943e-06
2019 1.171383e-04 1.519117e-06
2020 1.171063e-04 1.512321e-06
2021 1.170744e-04 1.505556e-06
2022 1.170428e-04 1.498821e-06
2023 1.170113e-04 1.492116e-06
2024 1.169800e-04 1.485441e-06
2025 1.169489e-04 1.478796e-06
2026 1.169179e-04 1.472181e-06
2027 1.168872e-04 1.465595e-06
2028 1.168566e-04 1.459038e-06
2029 1.168262e-04 1.452512e-06
2030 1.167960e-04 1.446014e-06
2031 1.167660e-04 1.439545e-06
2032 1.167361e-04 1.433105e-06
2033 1.167064e-04 1.426694e-06
2034 1.166769e-04 1.420312e-06
2035 1.166475e-04 1.413958e-06
2036 1.166184e-04 1.407633e-06
2037 1.165894e-04 1.401336e-06
2038 1.165605e-04 1.395067e-06
2039 1.165318e-04 1.388826e-06
2040 1.165033e-04 1.382614e-06
2041 1.164750e-04 1.376428e-06
2042 1.164468e-04 1.370271e-06
2043 1.164188e-04 1.364141e-06
2044 1.163909e-04 1.358039e-06
2045 1.163632e-04 1.351964e-06
2046 1.163357e-04 1.345916e-06
2047 1.163083e-04 1.339895e-06
2048 1.162811e-04 1.333901e-06
2049 1.162540e-04 1.327934e-06
2050 1.162271e-04 1.321993e-06
2051 1.162004e-04 1.316079e-06
2052 1.161738e-04 1.310192e-06
2053 1.161473e-04 1.304331e-06
2054 1.161210e-04 1.298496e-06
2055 1.160949e-04 1.292687e-06
2056 1.160689e-04 1.286904e-06
2057 1.160430e-04 1.281147e-06
2058 1.160173e-04 1.275416e-06
2059 1.159918e-04 1.269711e-06
2060 1.159664e-04 1.264031e-06
2061 1.159411e-04 1.258376e-06
2062 1.159160e-04 1.252747e-06
2063 1.158910e-04 1.247143e-06
2064 1.158662e-04 1.241563e-06
2065 1.158415e-04 1.236009e-06
2066 1.158170e-04 1.230480e-06
2067 1.157926e-04 1.224976e-06
2068 1.157683e-04 1.219496e-06
2069 1.157442e-04 1.214040e-06
2070 1.157202e-04 1.208609e-06
2071 1.156963e-04 1.203203e-06
2072 1.156726e-04 1.197820e-06
2073 1.156490e-04 1.192462e-06
2074 1.156256e-04 1.187127e-06
2075 1.156022e-04 1.181817e-06
2076 1.155791e-04 1.176530e-06
2077 1.155560e-04 1.171267e-06
2078 1.155331e-04 1.166027e-06
2079 1.155103e-04 1.160811e-06
2080 1.154876e-04 1.155618e-06
2081 1.154651e-04 1.150448e-06
2082 1.154427e-04 1.145302e-06
2083 1.154204e-04 1.140178e-06
2084 1.153982e-04 1.135078e-06
2085 1.153762e-04 1.130000e-06
2086 1.153543e-04 1.124945e-06
2087 1.153325e-04 1.119913e-06
2088 1.153108e-04 1.114903e-06
2089 1.152893e-04 1.109915e-06
2090 1.152679e-04 1.104950e-06
2091 1.152466e-04 1.100007e-06
2092 1.152254e-04 1.095086e-06
2093 1.152043e-04 1.090188e-06
2094 1.151834e-04 1.085311e-06
2095 1.151625e-04 1.080456e-06
2096 1.151418e-04 1.075622e-06
2097 1.151212e-04 1.070810e-06
2098 1.151008e-04 1.066020e-06
2099 1.150804e-04 1.061251e-06
2100 1.150602e-04 1.056504e-06
2101 1.150400e-04 1.051778e-06
2102 1.150200e-04 1.047073e-06
2103 1.150001e-04 1.042388e-06
2104 1.149803e-04 1.037725e-06
2105 1.149606e-04 1.033083e-06
2106 1.149410e-04 1.028462e-06
2107 1.149215e-04 1.023861e-06
2108 1.149022e-04 1.019281e-06
2109 1.148829e-04 1.014721e-06
2110 1.148638e-04 1.010182e-06
2111 1.148447e-04 1.005663e-06
2112 1.148258e-04 1.001164e-06
2113 1.148070e-04 9.966852e-07
2114 1.147882e-04 9.922265e-07
2115 1.147696e-04 9.877878e-07
2116 1.147511e-04 9.833690e-07
2117 1.147327e-04 9.789699e-07
2118 1.147143e-04 9.745905e-07
2119 1.146961e-04 9.702307e-07
2120 1.146780e-04 9.658904e-07
2121 1.146600e-04 9.615695e-07
2122 1.146421e-04 9.572680e-07
2123 1.146243e-04 9.529857e-07
2124 1.146066e-04 9.487225e-07
2125 1.145889e-04 9.444784e-07
2126 1.145714e-04 9.402533e-07
2127 1.145540e-04 9.360471e-07
2128 1.145367e-04 9.318598e-07
2129 1.145194e-04 9.276911e-07
2130 1.145023e-04 9.235411e-07
2131 1.144852e-04 9.194097e-07
2132 1.144683e-04 9.152967e-07
2133 1.144514e-04 9.112022e-07
2134 1.144347e-04 9.071260e-07
2135 1.144180e-04 9.030680e-07
2136 1.144014e-04 8.990281e-07
2137 1.143849e-04 8.950063e-07
2138 1.143685e-04 8.910025e-07
2139 1.143522e-04 8.870167e-07
2140 1.143360e-04 8.830486e-07
2141 1.143198e-04 8.790983e-07
2142 1.143038e-04 8.751657e-07
2143 1.142878e-04 8.712507e-07
2144 1.142720e-04 8.673532e-07
2145 1.142562e-04 8.634731e-07
2146 1.142405e-04 8.596104e-07
2147 1.142249e-04 8.557649e-07
2148 1.142093e-04 8.519367e-07
2149 1.141939e-04 8.481256e-07
2150 1.141785e-04 8.443315e-07
2151 1.141632e-04 8.405544e-07
2152 1.141480e-04 8.367942e-07
2153 1.141329e-04 8.330509e-07
2154 1.141179e-04 8.293242e-07
2155 1.141030e-04 8.256143e-07
2156 1.140881e-04 8.219209e-07
2157 1.140733e-04 8.182441e-07
2158 1.140586e-04 8.145837e-07
2159 1.140440e-04 8.109397e-07
2160 1.140294e-04 8.073120e-07
2161 1.140150e-04 8.037005e-07
2162 1.140006e-04 8.001051e-07
2163 1.139862e-04 7.965259e-07
2164 1.139720e-04 7.929627e-07
2165 1.139579e-04 7.894154e-07
2166 1.139438e-04 7.858839e-07
2167 1.139298e-04 7.823683e-07
2168 1.139158e-04 7.788684e-07
2169 1.139020e-04 7.753842e-07
2170 1.138882e-04 7.719155e-07
2171 1.138745e-04 7.684624e-07
2172 1.138608e-04 7.650247e-07
2173 1.138473e-04 7.616024e-07
2174 1.138338e-04 7.581954e-07
2175 1.138204e-04 7.548036e-07
2176 1.138070e-04 7.514270e-07
2177 1.137938e-04 7.480655e-07
2178 1.137806e-04 7.447191e-07
2179 1.137674e-04 7.413876e-07
2180 1.137544e-04 7.380710e-07
2181 1.137414e-04 7.347693e-07
2182 1.137285e-04 7.314823e-07
2183 1.137156e-04 7.282100e-07
2184 1.137028e-04 7.249524e-07
2185 1.136901e-04 7.217094e-07
2186 1.136774e-04 7.184808e-07
2187 1.136649e-04 7.152667e-07
2188 1.136524e-04 7.120670e-07
2189 1.136399e-04 7.088816e-07
2190 1.136275e-04 7.057104e-07
2191 1.136152e-04 7.025534e-07
2192 1.136030e-04 6.994106e-07
2193 1.135908e-04 6.962818e-07
2194 1.135787e-04 6.931670e-07
2195 1.135666e-04 6.900661e-07
2196 1.135546e-04 6.869792e-07
2197 1.135427e-04 6.839060e-07
2198 1.135308e-04 6.808465e-07
2199 1.135190e-04 6.778008e-07
2200 1.135073e-04 6.747687e-07
2201 1.134956e-04 6.717501e-07
2202 1.134840e-04 6.687451e-07
2203 1.134724e-04 6.657535e-07
2204 1.134609e-04 6.627752e-07
2205 1.134495e-04 6.598103e-07
2206 1.134381e-04 6.568587e-07
2207 1.134268e-04 6.539202e-07
2208 1.134156e-04 6.509949e-07
2209 1.134044e-04 6.480827e-07
2210 1.133932e-04 6.451836e-07
2211 1.133822e-04 6.422974e-07
2212 1.133711e-04 6.394241e-07
2213 1.133602e-04 6.365636e-07
2214 1.133493e-04 6.337160e-07
2215 1.133384e-04 6.308811e-07
2216 1.133276e-04 6.280588e-07
2217 1.133169e-04 6.252492e-07
2218 1.133062e-04 6.224522e-07
2219 1.132956e-04 6.196677e-07
2220 1.132851e-04 6.168956e-07
2221 1.132745e-04 6.141359e-07
2222 1.132641e-04 6.113886e-07
2223 1.132537e-04 6.086536e-07
2224 1.132434e-04 6.059308e-07
2225 1.132331e-04 6.032202e-07
2226 1.132228e-04 6.005217e-07
2227 1.132126e-04 5.978353e-07
2228 1.132025e-04 5.951609e-07
2229 1.131924e-04 5.924985e-07
2230 1.131824e-04 5.898479e-07
2231 1.131724e-04 5.872093e-07
2232 1.131625e-04 5.845824e-07
2233 1.131526e-04 5.819673e-07
2234 1.131428e-04 5.793639e-07
2235 1.131331e-04 5.767721e-07
2236 1.131234e-04 5.741919e-07
2237 1.131137e-04 5.716233e-07
2238 1.131041e-04 5.690662e-07
2239 1.130945e-04 5.665205e-07
2240 1.130850e-04 5.639862e-07
2241 1.130755e-04 5.614632e-07
2242 1.130661e-04 5.589515e-07
2243 1.130567e-04 5.564510e-07
2244 1.130474e-04 5.539618e-07
2245 1.130381e-04 5.514836e-07
2246 1.130289e-04 5.490166e-07
2247 1.130198e-04 5.465606e-07
2248 1.130106e-04 5.441156e-07
2249 1.130015e-04 5.416815e-07
2250 1.129925e-04 5.392583e-07
2251 1.129835e-04 5.368459e-07
2252 1.129746e-04 5.344444e-07
2253 1.129657e-04 5.320535e-07
2254 1.129568e-04 5.296734e-07
2255 1.129480e-04 5.273039e-07
2256 1.129393e-04 5.249451e-07
2257 1.129306e-04 5.225967e-07
2258 1.129219e-04 5.202589e-07
2259 1.129133e-04 5.179315e-07
2260 1.129047e-04 5.156146e-07
2261 1.128962e-04 5.133080e-07
2262 1.128877e-04 5.110117e-07
2263 1.128792e-04 5.087257e-07
2264 1.128708e-04 5.064500e-07
2265 1.128624e-04 5.041844e-07
2266 1.128541e-04 5.019289e-07
2267 1.128458e-04 4.996836e-07
2268 1.128376e-04 4.974483e-07
2269 1.128294e-04 4.952229e-07
2270 1.128213e-04 4.930076e-07
2271 1.128132e-04 4.908021e-07
2272 1.128051e-04 4.886065e-07
2273 1.127971e-04 4.864208e-07
2274 1.127891e-04 4.842448e-07
2275 1.127811e-04 4.820785e-07
2276 1.127732e-04 4.799220e-07
2277 1.127654e-04 4.777750e-07
2278 1.127576e-04 4.756377e-07
2279 1.127498e-04 4.735100e-07
2280 1.127420e-04 4.713917e-07
2281 1.127343e-04 4.692830e-07
2282 1.127267e-04 4.671837e-07
2283 1.127190e-04 4.650937e-07
2284 1.127114e-04 4.630131e-07
2285 1.127039e-04 4.609419e-07
2286 1.126964e-04 4.588799e-07
2287 1.126889e-04 4.568271e-07
2288 1.126815e-04 4.547835e-07
2289 1.126741e-04 4.527490e-07
2290 1.126667e-04 4.507237e-07
2291 1.126594e-04 4.487074e-07
2292 1.126521e-04 4.467001e-07
2293 1.126449e-04 4.447018e-07
2294 1.126377e-04 4.427124e-07
2295 1.126305e-04 4.407320e-07
2296 1.126234e-04 4.387604e-07
2297 1.126162e-04 4.367976e-07
2298 1.126092e-04 4.348436e-07
2299 1.126022e-04 4.328983e-07
2300 1.125952e-04 4.309618e-07
2301 1.125882e-04 4.290339e-07
2302 1.125813e-04 4.271146e-07
2303 1.125744e-04 4.252039e-07
2304 1.125675e-04 4.233018e-07
2305 1.125607e-04 4.214081e-07
2306 1.125539e-04 4.195230e-07
2307 1.125472e-04 4.176463e-07
2308 1.125405e-04 4.157779e-07
2309 1.125338e-04 4.139180e-07
2310 1.125271e-04 4.120663e-07
2311 1.125205e-04 4.102229e-07
2312 1.125139e-04 4.083878e-07
2313 1.125074e-04 4.065609e-07
2314 1.125008e-04 4.047422e-07
2315 1.124944e-04 4.029316e-07
2316 1.124879e-04 4.011291e-07
2317 1.124815e-04 3.993346e-07
2318 1.124751e-04 3.975482e-07
2319 1.124687e-04 3.957698e-07
2320 1.124624e-04 3.939993e-07
2321 1.124561e-04 3.922368e-07
2322 1.124499e-04 3.904821e-07
2323 1.124436e-04 3.887353e-07
2324 1.124374e-04 3.869963e-07
2325 1.124313e-04 3.852651e-07
2326 1.124251e-04 3.835416e-07
2327 1.124190e-04 3.818259e-07
2328 1.124130e-04 3.801178e-07
2329 1.124069e-04 3.784173e-07
2330 1.124009e-04 3.767245e-07
2331 1.123949e-04 3.750392e-07
2332 1.123889e-04 3.733615e-07
2333 1.123830e-04 3.716913e-07
2334 1.123771e-04 3.700285e-07
2335 1.123713e-04 3.683732e-07
2336 1.123654e-04 3.667253e-07
2337 1.123596e-04 3.650848e-07
2338 1.123538e-04 3.634516e-07
2339 1.123481e-04 3.618257e-07
2340 1.123424e-04 3.602071e-07
2341 1.123367e-04 3.585957e-07
2342 1.123310e-04 3.569915e-07
2343 1.123254e-04 3.553946e-07
2344 1.123197e-04 3.538047e-07
2345 1.123142e-04 3.522220e-07
2346 1.123086e-04 3.506463e-07
2347 1.123031e-04 3.490777e-07
2348 1.122976e-04 3.475161e-07
2349 1.122921e-04 3.459615e-07
2350 1.122867e-04 3.444139e-07
2351 1.122813e-04 3.428732e-07
2352 1.122759e-04 3.413393e-07
2353 1.122705e-04 3.398123e-07
2354 1.122652e-04 3.382922e-07
2355 1.122598e-04 3.367789e-07
2356 1.122546e-04 3.352723e-07
2357 1.122493e-04 3.337725e-07
2358 1.122441e-04 3.322793e-07
2359 1.122389e-04 3.307929e-07
2360 1.122337e-04 3.293131e-07
2361 1.122285e-04 3.278399e-07
2362 1.122234e-04 3.263734e-07
2363 1.122183e-04 3.249133e-07
2364 1.122132e-04 3.234598e-07
2365 1.122081e-04 3.220129e-07
2366 1.122031e-04 3.205723e-07
2367 1.121981e-04 3.191383e-07
2368 1.121931e-04 3.177106e-07
2369 1.121882e-04 3.162893e-07
2370 1.121832e-04 3.148744e-07
2371 1.121783e-04 3.134659e-07
2372 1.121734e-04 3.120636e-07
2373 1.121686e-04 3.106676e-07
2374 1.121637e-04 3.092778e-07
2375 1.121589e-04 3.078943e-07
2376 1.121541e-04 3.065169e-07
2377 1.121494e-04 3.051457e-07
2378 1.121446e-04 3.037807e-07
2379 1.121399e-04 3.024217e-07
2380 1.121352e-04 3.010688e-07
2381 1.121305e-04 2.997220e-07
2382 1.121259e-04 2.983812e-07
2383 1.121213e-04 2.970464e-07
2384 1.121167e-04 2.957176e-07
2385 1.121121e-04 2.943947e-07
2386 1.121075e-04 2.930777e-07
2387 1.121030e-04 2.917667e-07
2388 1.120985e-04 2.904614e-07
2389 1.120940e-04 2.891621e-07
2390 1.120895e-04 2.878685e-07
2391 1.120851e-04 2.865807e-07
2392 1.120806e-04 2.852987e-07
2393 1.120762e-04 2.840225e-07
2394 1.120718e-04 2.827519e-07
2395 1.120675e-04 2.814870e-07
2396 1.120631e-04 2.802278e-07
2397 1.120588e-04 2.789742e-07
2398 1.120545e-04 2.777262e-07
2399 1.120502e-04 2.764838e-07
2400 1.120460e-04 2.752470e-07
2401 1.120417e-04 2.740157e-07
2402 1.120375e-04 2.727899e-07
2403 1.120333e-04 2.715695e-07
2404 1.120291e-04 2.703547e-07
2405 1.120250e-04 2.691453e-07
2406 1.120209e-04 2.679412e-07
2407 1.120167e-04 2.667426e-07
2408 1.120126e-04 2.655494e-07
2409 1.120086e-04 2.643614e-07
2410 1.120045e-04 2.631788e-07
2411 1.120005e-04 2.620015e-07
2412 1.119965e-04 2.608294e-07
2413 1.119925e-04 2.596626e-07
2414 1.119885e-04 2.585010e-07
2415 1.119845e-04 2.573446e-07
2416 1.119806e-04 2.561934e-07
2417 1.119767e-04 2.550473e-07
2418 1.119728e-04 2.539064e-07
2419 1.119689e-04 2.527706e-07
2420 1.119650e-04 2.516398e-07
2421 1.119612e-04 2.505141e-07
2422 1.119573e-04 2.493934e-07
2423 1.119535e-04 2.482778e-07
2424 1.119497e-04 2.471671e-07
2425 1.119460e-04 2.460614e-07
2426 1.119422e-04 2.449607e-07
2427 1.119385e-04 2.438648e-07
2428 1.119348e-04 2.427739e-07
2429 1.119311e-04 2.416879e-07
2430 1.119274e-04 2.406067e-07
2431 1.119237e-04 2.395303e-07
2432 1.119201e-04 2.384588e-07
2433 1.119164e-04 2.373921e-07
2434 1.119128e-04 2.363301e-07
2435 1.119092e-04 2.352729e-07
2436 1.119057e-04 2.342204e-07
2437 1.119021e-04 2.331726e-07
2438 1.118986e-04 2.321295e-07
2439 1.118950e-04 2.310911e-07
2440 1.118915e-04 2.300573e-07
2441 1.118880e-04 2.290282e-07
2442 1.118846e-04 2.280036e-07
2443 1.118811e-04 2.269837e-07
2444 1.118777e-04 2.259683e-07
2445 1.118742e-04 2.249574e-07
2446 1.118708e-04 2.239511e-07
2447 1.118674e-04 2.229492e-07
2448 1.118641e-04 2.219519e-07
2449 1.118607e-04 2.209590e-07
2450 1.118574e-04 2.199705e-07
2451 1.118540e-04 2.189865e-07
2452 1.118507e-04 2.180068e-07
2453 1.118474e-04 2.170316e-07
2454 1.118441e-04 2.160607e-07
2455 1.118409e-04 2.150942e-07
2456 1.118376e-04 2.141320e-07
2457 1.118344e-04 2.131740e-07
2458 1.118312e-04 2.122204e-07
2459 1.118280e-04 2.112711e-07
2460 1.118248e-04 2.103259e-07
2461 1.118216e-04 2.093851e-07
2462 1.118185e-04 2.084484e-07
2463 1.118153e-04 2.075159e-07
2464 1.118122e-04 2.065876e-07
2465 1.118091e-04 2.056634e-07
2466 1.118060e-04 2.047434e-07
2467 1.118029e-04 2.038275e-07
2468 1.117998e-04 2.029157e-07
2469 1.117968e-04 2.020079e-07
2470 1.117938e-04 2.011042e-07
2471 1.117907e-04 2.002046e-07
2472 1.117877e-04 1.993090e-07
2473 1.117847e-04 1.984174e-07
2474 1.117817e-04 1.975298e-07
2475 1.117788e-04 1.966461e-07
2476 1.117758e-04 1.957664e-07
2477 1.117729e-04 1.948907e-07
2478 1.117700e-04 1.940189e-07
2479 1.117671e-04 1.931509e-07
2480 1.117642e-04 1.922869e-07
2481 1.117613e-04 1.914267e-07
2482 1.117584e-04 1.905703e-07
2483 1.117556e-04 1.897178e-07
2484 1.117527e-04 1.888691e-07
2485 1.117499e-04 1.880242e-07
2486 1.117471e-04 1.871831e-07
2487 1.117443e-04 1.863457e-07
2488 1.117415e-04 1.855121e-07
2489 1.117387e-04 1.846822e-07
2490 1.117359e-04 1.838561e-07
2491 1.117332e-04 1.830336e-07
2492 1.117305e-04 1.822148e-07
2493 1.117277e-04 1.813997e-07
2494 1.117250e-04 1.805882e-07
2495 1.117223e-04 1.797803e-07
2496 1.117197e-04 1.789761e-07
2497 1.117170e-04 1.781754e-07
2498 1.117143e-04 1.773784e-07
2499 1.117117e-04 1.765849e-07
2500 1.117090e-04 1.757949e-07
2501 1.117064e-04 1.750085e-07
2502 1.117038e-04 1.742256e-07
2503 1.117012e-04 1.734462e-07
2504 1.116986e-04 1.726703e-07
2505 1.116961e-04 1.718979e-07
2506 1.116935e-04 1.711289e-07
2507 1.116910e-04 1.703634e-07
2508 1.116884e-04 1.696013e-07
2509 1.116859e-04 1.688426e-07
2510 1.116834e-04 1.680872e-07
2511 1.116809e-04 1.673353e-07
2512 1.116784e-04 1.665867e-07
2513 1.116759e-04 1.658415e-07
2514 1.116735e-04 1.650996e-07
2515 1.116710e-04 1.643611e-07
2516 1.116686e-04 1.636258e-07
2517 1.116661e-04 1.628938e-07
2518 1.116637e-04 1.621651e-07
2519 1.116613e-04 1.614397e-07
2520 1.116589e-04 1.607175e-07
2521 1.116565e-04 1.599985e-07
2522 1.116542e-04 1.592828e-07
2523 1.116518e-04 1.585702e-07
2524 1.116494e-04 1.578609e-07
2525 1.116471e-04 1.571547e-07
2526 1.116448e-04 1.564517e-07
2527 1.116425e-04 1.557518e-07
2528 1.116401e-04 1.550550e-07
2529 1.116379e-04 1.543614e-07
2530 1.116356e-04 1.536709e-07
2531 1.116333e-04 1.529834e-07
2532 1.116310e-04 1.522990e-07
2533 1.116288e-04 1.516177e-07
2534 1.116265e-04 1.509395e-07
2535 1.116243e-04 1.502643e-07
2536 1.116221e-04 1.495921e-07
2537 1.116199e-04 1.489229e-07
2538 1.116177e-04 1.482567e-07
2539 1.116155e-04 1.475934e-07
2540 1.116133e-04 1.469332e-07
2541 1.116111e-04 1.462759e-07
2542 1.116090e-04 1.456215e-07
2543 1.116068e-04 1.449701e-07
2544 1.116047e-04 1.443216e-07
2545 1.116025e-04 1.436760e-07
2546 1.116004e-04 1.430332e-07
2547 1.115983e-04 1.423934e-07
2548 1.115962e-04 1.417564e-07
2549 1.115941e-04 1.411222e-07
2550 1.115921e-04 1.404909e-07
2551 1.115900e-04 1.398624e-07
2552 1.115879e-04 1.392368e-07
2553 1.115859e-04 1.386139e-07
2554 1.115838e-04 1.379938e-07
2555 1.115818e-04 1.373765e-07
2556 1.115798e-04 1.367620e-07
2557 1.115778e-04 1.361502e-07
2558 1.115758e-04 1.355411e-07
2559 1.115738e-04 1.349348e-07
2560 1.115718e-04 1.343311e-07
2561 1.115698e-04 1.337302e-07
2562 1.115678e-04 1.331320e-07
2563 1.115659e-04 1.325364e-07
2564 1.115639e-04 1.319435e-07
2565 1.115620e-04 1.313533e-07
2566 1.115601e-04 1.307657e-07
2567 1.115581e-04 1.301807e-07
2568 1.115562e-04 1.295983e-07
2569 1.115543e-04 1.290186e-07
2570 1.115524e-04 1.284414e-07
2571 1.115506e-04 1.278668e-07
2572 1.115487e-04 1.272948e-07
2573 1.115468e-04 1.267254e-07
2574 1.115450e-04 1.261585e-07
2575 1.115431e-04 1.255941e-07
2576 1.115413e-04 1.250323e-07
2577 1.115394e-04 1.244729e-07
2578 1.115376e-04 1.239161e-07
2579 1.115358e-04 1.233618e-07
2580 1.115340e-04 1.228099e-07
2581 1.115322e-04 1.222605e-07
2582 1.115304e-04 1.217136e-07
2583 1.115286e-04 1.211691e-07
2584 1.115268e-04 1.206271e-07
2585 1.115251e-04 1.200874e-07
2586 1.115233e-04 1.195502e-07
2587 1.115216e-04 1.190154e-07
2588 1.115198e-04 1.184830e-07
2589 1.115181e-04 1.179530e-07
2590 1.115164e-04 1.174253e-07
2591 1.115146e-04 1.169000e-07
2592 1.115129e-04 1.163771e-07
2593 1.115112e-04 1.158565e-07
2594 1.115095e-04 1.153382e-07
2595 1.115079e-04 1.148222e-07
2596 1.115062e-04 1.143086e-07
2597 1.115045e-04 1.137972e-07
2598 1.115028e-04 1.132882e-07
2599 1.115012e-04 1.127814e-07
2600 1.114995e-04 1.122768e-07
2601 1.114979e-04 1.117746e-07
2602 1.114963e-04 1.112746e-07
2603 1.114947e-04 1.107768e-07
2604 1.114930e-04 1.102812e-07
2605 1.114914e-04 1.097879e-07
2606 1.114898e-04 1.092967e-07
2607 1.114882e-04 1.088078e-07
2608 1.114866e-04 1.083211e-07
2609 1.114851e-04 1.078365e-07
2610 1.114835e-04 1.073541e-07
2611 1.114819e-04 1.068738e-07
2612 1.114804e-04 1.063957e-07
2613 1.114788e-04 1.059198e-07
2614 1.114773e-04 1.054460e-07
2615 1.114757e-04 1.049742e-07
2616 1.114742e-04 1.045046e-07
2617 1.114727e-04 1.040371e-07
2618 1.114712e-04 1.035717e-07
2619 1.114697e-04 1.031084e-07
2620 1.114682e-04 1.026472e-07
2621 1.114667e-04 1.021880e-07
2622 1.114652e-04 1.017308e-07
2623 1.114637e-04 1.012757e-07
2624 1.114622e-04 1.008227e-07
2625 1.114608e-04 1.003717e-07
2626 1.114593e-04 9.992266e-08
2627 1.114579e-04 9.947566e-08
2628 1.114564e-04 9.903066e-08
2629 1.114550e-04 9.858765e-08
2630 1.114535e-04 9.814662e-08
2631 1.114521e-04 9.770756e-08
2632 1.114507e-04 9.727047e-08
2633 1.114493e-04 9.683533e-08
2634 1.114479e-04 9.640214e-08
2635 1.114465e-04 9.597089e-08
2636 1.114451e-04 9.554157e-08
2637 1.114437e-04 9.511417e-08
2638 1.114423e-04 9.468867e-08
2639 1.114410e-04 9.426509e-08
2640 1.114396e-04 9.384340e-08
2641 1.114382e-04 9.342359e-08
2642 1.114369e-04 9.300566e-08
2643 1.114355e-04 9.258960e-08
2644 1.114342e-04 9.217541e-08
2645 1.114328e-04 9.176306e-08
2646 1.114315e-04 9.135256e-08
2647 1.114302e-04 9.094390e-08
2648 1.114289e-04 9.053707e-08
2649 1.114276e-04 9.013205e-08
2650 1.114263e-04 8.972885e-08
2651 1.114250e-04 8.932745e-08
2652 1.114237e-04 8.892785e-08
2653 1.114224e-04 8.853003e-08
2654 1.114211e-04 8.813399e-08
2655 1.114198e-04 8.773973e-08
2656 1.114185e-04 8.734723e-08
2657 1.114173e-04 8.695648e-08
2658 1.114160e-04 8.656749e-08
2659 1.114148e-04 8.618023e-08
2660 1.114135e-04 8.579470e-08
2661 1.114123e-04 8.541090e-08
2662 1.114110e-04 8.502882e-08
2663 1.114098e-04 8.464845e-08
2664 1.114086e-04 8.426977e-08
2665 1.114074e-04 8.389280e-08
2666 1.114062e-04 8.351750e-08
2667 1.114050e-04 8.314389e-08
2668 1.114038e-04 8.277195e-08
2669 1.114026e-04 8.240167e-08
2670 1.114014e-04 8.203305e-08
2671 1.114002e-04 8.166608e-08
2672 1.113990e-04 8.130075e-08
2673 1.113978e-04 8.093705e-08
2674 1.113967e-04 8.057498e-08
2675 1.113955e-04 8.021453e-08
2676 1.113943e-04 7.985569e-08
2677 1.113932e-04 7.949846e-08
2678 1.113920e-04 7.914283e-08
2679 1.113909e-04 7.878879e-08
2680 1.113898e-04 7.843633e-08
2681 1.113886e-04 7.808544e-08
2682 1.113875e-04 7.773613e-08
2683 1.113864e-04 7.738838e-08
2684 1.113853e-04 7.704219e-08
2685 1.113842e-04 7.669754e-08
2686 1.113830e-04 7.635444e-08
2687 1.113819e-04 7.601287e-08
2688 1.113808e-04 7.567282e-08
2689 1.113798e-04 7.533430e-08
2690 1.113787e-04 7.499730e-08
2691 1.113776e-04 7.466180e-08
2692 1.113765e-04 7.432780e-08
2693 1.113754e-04 7.399530e-08
2694 1.113744e-04 7.366428e-08
2695 1.113733e-04 7.333475e-08
2696 1.113723e-04 7.300669e-08
2697 1.113712e-04 7.268010e-08
2698 1.113702e-04 7.235496e-08
2699 1.113691e-04 7.203129e-08
2700 1.113681e-04 7.170906e-08
2701 1.113671e-04 7.138827e-08
2702 1.113660e-04 7.106891e-08
2703 1.113650e-04 7.075099e-08
2704 1.113640e-04 7.043449e-08
2705 1.113630e-04 7.011940e-08
2706 1.113620e-04 6.980572e-08
2707 1.113610e-04 6.949345e-08
2708 1.113600e-04 6.918257e-08
2709 1.113590e-04 6.887309e-08
2710 1.113580e-04 6.856499e-08
2711 1.113570e-04 6.825826e-08
2712 1.113560e-04 6.795291e-08
2713 1.113550e-04 6.764893e-08
2714 1.113541e-04 6.734630e-08
2715 1.113531e-04 6.704503e-08
2716 1.113521e-04 6.674510e-08
2717 1.113512e-04 6.644652e-08
2718 1.113502e-04 6.614928e-08
2719 1.113493e-04 6.585336e-08
2720 1.113483e-04 6.555877e-08
2721 1.113474e-04 6.526549e-08
2722 1.113464e-04 6.497353e-08
2723 1.113455e-04 6.468287e-08
2724 1.113446e-04 6.439351e-08
2725 1.113436e-04 6.410545e-08
2726 1.113427e-04 6.381868e-08
2727 1.113418e-04 6.353319e-08
2728 1.113409e-04 6.324897e-08
2729 1.113400e-04 6.296603e-08
2730 1.113391e-04 6.268435e-08
2731 1.113382e-04 6.240394e-08
2732 1.113373e-04 6.212477e-08
2733 1.113364e-04 6.184686e-08
2734 1.113355e-04 6.157019e-08
2735 1.113346e-04 6.129476e-08
2736 1.113338e-04 6.102056e-08
2737 1.113329e-04 6.074759e-08
2738 1.113320e-04 6.047583e-08
2739 1.113311e-04 6.020530e-08
2740 1.113303e-04 5.993597e-08
2741 1.113294e-04 5.966785e-08
2742 1.113286e-04 5.940093e-08
2743 1.113277e-04 5.913520e-08
2744 1.113269e-04 5.887066e-08
2745 1.113260e-04 5.860730e-08
2746 1.113252e-04 5.834512e-08
2747 1.113243e-04 5.808412e-08
2748 1.113235e-04 5.782428e-08
2749 1.113227e-04 5.756561e-08
2750 1.113219e-04 5.730809e-08
2751 1.113210e-04 5.705172e-08
2752 1.113202e-04 5.679650e-08
2753 1.113194e-04 5.654242e-08
2754 1.113186e-04 5.628948e-08
2755 1.113178e-04 5.603767e-08
2756 1.113170e-04 5.578699e-08
2757 1.113162e-04 5.553743e-08
2758 1.113154e-04 5.528899e-08
2759 1.113146e-04 5.504165e-08
2760 1.113138e-04 5.479542e-08
2761 1.113130e-04 5.455030e-08
2762 1.113122e-04 5.430627e-08
2763 1.113115e-04 5.406333e-08
2764 1.113107e-04 5.382148e-08
2765 1.113099e-04 5.358071e-08
2766 1.113092e-04 5.334102e-08
2767 1.113084e-04 5.310240e-08
2768 1.113076e-04 5.286485e-08
2769 1.113069e-04 5.262836e-08
2770 1.113061e-04 5.239293e-08
2771 1.113054e-04 5.215855e-08
2772 1.113046e-04 5.192522e-08
2773 1.113039e-04 5.169294e-08
2774 1.113032e-04 5.146169e-08
2775 1.113024e-04 5.123148e-08
2776 1.113017e-04 5.100229e-08
2777 1.113010e-04 5.077414e-08
2778 1.113002e-04 5.054700e-08
2779 1.112995e-04 5.032088e-08
2780 1.112988e-04 5.009577e-08
2781 1.112981e-04 4.987167e-08
2782 1.112974e-04 4.964857e-08
2783 1.112967e-04 4.942647e-08
2784 1.112959e-04 4.920536e-08
2785 1.112952e-04 4.898524e-08
2786 1.112945e-04 4.876611e-08
2787 1.112938e-04 4.854795e-08
2788 1.112932e-04 4.833078e-08
2789 1.112925e-04 4.811457e-08
2790 1.112918e-04 4.789933e-08
2791 1.112911e-04 4.768505e-08
2792 1.112904e-04 4.747174e-08
2793 1.112897e-04 4.725937e-08
2794 1.112891e-04 4.704796e-08
2795 1.112884e-04 4.683749e-08
2796 1.112877e-04 4.662797e-08
2797 1.112871e-04 4.641938e-08
2798 1.112864e-04 4.621172e-08
2799 1.112857e-04 4.600499e-08
2800 1.112851e-04 4.579919e-08
2801 1.112844e-04 4.559431e-08
2802 1.112838e-04 4.539035e-08
2803 1.112831e-04 4.518729e-08
2804 1.112825e-04 4.498515e-08
2805 1.112818e-04 4.478391e-08
2806 1.112812e-04 4.458357e-08
2807 1.112806e-04 4.438413e-08
2808 1.112799e-04 4.418558e-08
2809 1.112793e-04 4.398791e-08
2810 1.112787e-04 4.379114e-08
2811 1.112781e-04 4.359524e-08
2812 1.112774e-04 4.340022e-08
2813 1.112768e-04 4.320607e-08
2814 1.112762e-04 4.301278e-08
2815 1.112756e-04 4.282037e-08
2816 1.112750e-04 4.262881e-08
2817 1.112744e-04 4.243811e-08
2818 1.112738e-04 4.224827e-08
2819 1.112732e-04 4.205927e-08
2820 1.112726e-04 4.187112e-08
2821 1.112720e-04 4.168381e-08
2822 1.112714e-04 4.149734e-08
2823 1.112708e-04 4.131170e-08
2824 1.112702e-04 4.112690e-08
2825 1.112696e-04 4.094292e-08
2826 1.112690e-04 4.075976e-08
2827 1.112684e-04 4.057742e-08
2828 1.112679e-04 4.039590e-08
2829 1.112673e-04 4.021519e-08
2830 1.112667e-04 4.003529e-08
2831 1.112661e-04 3.985619e-08
2832 1.112656e-04 3.967790e-08
2833 1.112650e-04 3.950040e-08
2834 1.112644e-04 3.932370e-08
2835 1.112639e-04 3.914778e-08
2836 1.112633e-04 3.897266e-08
2837 1.112628e-04 3.879831e-08
2838 1.112622e-04 3.862475e-08
2839 1.112617e-04 3.845196e-08
2840 1.112611e-04 3.827995e-08
2841 1.112606e-04 3.810870e-08
2842 1.112600e-04 3.793823e-08
2843 1.112595e-04 3.776851e-08
2844 1.112590e-04 3.759955e-08
2845 1.112584e-04 3.743135e-08
2846 1.112579e-04 3.726391e-08
2847 1.112574e-04 3.709721e-08
2848 1.112568e-04 3.693125e-08
2849 1.112563e-04 3.676604e-08
2850 1.112558e-04 3.660157e-08
2851 1.112553e-04 3.643784e-08
2852 1.112548e-04 3.627483e-08
2853 1.112542e-04 3.611256e-08
2854 1.112537e-04 3.595101e-08
2855 1.112532e-04 3.579018e-08
2856 1.112527e-04 3.563008e-08
2857 1.112522e-04 3.547069e-08
2858 1.112517e-04 3.531201e-08
2859 1.112512e-04 3.515404e-08
2860 1.112507e-04 3.499678e-08
2861 1.112502e-04 3.484023e-08
2862 1.112497e-04 3.468437e-08
2863 1.112492e-04 3.452921e-08
2864 1.112487e-04 3.437474e-08
2865 1.112482e-04 3.422097e-08
2866 1.112477e-04 3.406788e-08
2867 1.112473e-04 3.391548e-08
2868 1.112468e-04 3.376376e-08
2869 1.112463e-04 3.361272e-08
2870 1.112458e-04 3.346235e-08
2871 1.112453e-04 3.331266e-08
2872 1.112449e-04 3.316364e-08
2873 1.112444e-04 3.301528e-08
2874 1.112439e-04 3.286759e-08
2875 1.112435e-04 3.272056e-08
2876 1.112430e-04 3.257418e-08
2877 1.112425e-04 3.242846e-08
2878 1.112421e-04 3.228340e-08
2879 1.112416e-04 3.213898e-08
2880 1.112412e-04 3.199520e-08
2881 1.112407e-04 3.185207e-08
2882 1.112403e-04 3.170958e-08
2883 1.112398e-04 3.156773e-08
2884 1.112394e-04 3.142652e-08
2885 1.112389e-04 3.128593e-08
2886 1.112385e-04 3.114597e-08
2887 1.112380e-04 3.100664e-08
2888 1.112376e-04 3.086794e-08
2889 1.112371e-04 3.072985e-08
2890 1.112367e-04 3.059238e-08
2891 1.112363e-04 3.045553e-08
2892 1.112358e-04 3.031928e-08
2893 1.112354e-04 3.018365e-08
2894 1.112350e-04 3.004863e-08
2895 1.112346e-04 2.991420e-08
2896 1.112341e-04 2.978038e-08
2897 1.112337e-04 2.964716e-08
2898 1.112333e-04 2.951454e-08
2899 1.112329e-04 2.938250e-08
2900 1.112325e-04 2.925106e-08
2901 1.112320e-04 2.912021e-08
2902 1.112316e-04 2.898994e-08
2903 1.112312e-04 2.886025e-08
2904 1.112308e-04 2.873115e-08
2905 1.112304e-04 2.860262e-08
2906 1.112300e-04 2.847467e-08
2907 1.112296e-04 2.834729e-08
2908 1.112292e-04 2.822048e-08
2909 1.112288e-04 2.809423e-08
2910 1.112284e-04 2.796855e-08
2911 1.112280e-04 2.784344e-08
2912 1.112276e-04 2.771888e-08
2913 1.112272e-04 2.759488e-08
2914 1.112268e-04 2.747144e-08
2915 1.112264e-04 2.734854e-08
2916 1.112260e-04 2.722620e-08
2917 1.112256e-04 2.710441e-08
2918 1.112253e-04 2.698316e-08
2919 1.112249e-04 2.686245e-08
2920 1.112245e-04 2.674228e-08
2921 1.112241e-04 2.662265e-08
2922 1.112237e-04 2.650355e-08
2923 1.112234e-04 2.638499e-08
2924 1.112230e-04 2.626696e-08
2925 1.112226e-04 2.614945e-08
2926 1.112223e-04 2.603247e-08
2927 1.112219e-04 2.591602e-08
2928 1.112215e-04 2.580008e-08
2929 1.112212e-04 2.568467e-08
2930 1.112208e-04 2.556977e-08
2931 1.112204e-04 2.545538e-08
2932 1.112201e-04 2.534151e-08
2933 1.112197e-04 2.522814e-08
2934 1.112193e-04 2.511529e-08
2935 1.112190e-04 2.500293e-08
2936 1.112186e-04 2.489108e-08
2937 1.112183e-04 2.477973e-08
2938 1.112179e-04 2.466888e-08
2939 1.112176e-04 2.455853e-08
2940 1.112172e-04 2.444867e-08
2941 1.112169e-04 2.433930e-08
2942 1.112165e-04 2.423041e-08
2943 1.112162e-04 2.412202e-08
2944 1.112159e-04 2.401411e-08
2945 1.112155e-04 2.390669e-08
2946 1.112152e-04 2.379974e-08
2947 1.112148e-04 2.369327e-08
2948 1.112145e-04 2.358728e-08
2949 1.112142e-04 2.348176e-08
2950 1.112138e-04 2.337672e-08
2951 1.112135e-04 2.327214e-08
2952 1.112132e-04 2.316804e-08
2953 1.112129e-04 2.306439e-08
2954 1.112125e-04 2.296122e-08
2955 1.112122e-04 2.285850e-08
2956 1.112119e-04 2.275624e-08
2957 1.112116e-04 2.265444e-08
2958 1.112112e-04 2.255310e-08
2959 1.112109e-04 2.245221e-08
2960 1.112106e-04 2.235177e-08
2961 1.112103e-04 2.225178e-08
2962 1.112100e-04 2.215224e-08
2963 1.112097e-04 2.205314e-08
2964 1.112093e-04 2.195449e-08
2965 1.112090e-04 2.185627e-08
2966 1.112087e-04 2.175850e-08
2967 1.112084e-04 2.166116e-08
2968 1.112081e-04 2.156426e-08
2969 1.112078e-04 2.146780e-08
2970 1.112075e-04 2.137176e-08
2971 1.112072e-04 2.127616e-08
2972 1.112069e-04 2.118098e-08
2973 1.112066e-04 2.108622e-08
2974 1.112063e-04 2.099190e-08
2975 1.112060e-04 2.089799e-08
2976 1.112057e-04 2.080450e-08
2977 1.112054e-04 2.071143e-08
2978 1.112051e-04 2.061878e-08
2979 1.112048e-04 2.052655e-08
2980 1.112045e-04 2.043472e-08
2981 1.112043e-04 2.034331e-08
2982 1.112040e-04 2.025230e-08
2983 1.112037e-04 2.016170e-08
2984 1.112034e-04 2.007151e-08
2985 1.112031e-04 1.998172e-08
2986 1.112028e-04 1.989233e-08
2987 1.112025e-04 1.980335e-08
2988 1.112023e-04 1.971476e-08
2989 1.112020e-04 1.962656e-08
2990 1.112017e-04 1.953876e-08
2991 1.112014e-04 1.945136e-08
2992 1.112012e-04 1.936434e-08
2993 1.112009e-04 1.927772e-08
2994 1.112006e-04 1.919148e-08
2995 1.112003e-04 1.910563e-08
2996 1.112001e-04 1.902016e-08
2997 1.111998e-04 1.893507e-08
2998 1.111995e-04 1.885037e-08
2999 1.111993e-04 1.876604e-08
3000 1.111990e-04 1.868209e-08
3001 1.111987e-04 1.859852e-08
3002 1.111985e-04 1.851532e-08
3003 1.111982e-04 1.843249e-08
3004 1.111980e-04 1.835003e-08
3005 1.111977e-04 1.826794e-08
3006 1.111974e-04 1.818622e-08
3007 1.111972e-04 1.810487e-08
3008 1.111969e-04 1.802387e-08
3009 1.111967e-04 1.794325e-08
3010 1.111964e-04 1.786298e-08
3011 1.111962e-04 1.778307e-08
3012 1.111959e-04 1.770352e-08
3013 1.111957e-04 1.762432e-08
3014 1.111954e-04 1.754548e-08
3015 1.111952e-04 1.746699e-08
3016 1.111949e-04 1.738885e-08
3017 1.111947e-04 1.731106e-08
3018 1.111944e-04 1.723362e-08
3019 1.111942e-04 1.715653e-08
3020 1.111939e-04 1.707978e-08
3021 1.111937e-04 1.700337e-08
3022 1.111935e-04 1.692731e-08
3023 1.111932e-04 1.685158e-08
3024 1.111930e-04 1.677620e-08
3025 1.111927e-04 1.670115e-08
3026 1.111925e-04 1.662644e-08
3027 1.111923e-04 1.655206e-08
3028 1.111920e-04 1.647802e-08
3029 1.111918e-04 1.640430e-08
3030 1.111916e-04 1.633092e-08
3031 1.111913e-04 1.625786e-08
3032 1.111911e-04 1.618513e-08
3033 1.111909e-04 1.611273e-08
3034 1.111907e-04 1.604065e-08
3035 1.111904e-04 1.596889e-08
3036 1.111902e-04 1.589746e-08
3037 1.111900e-04 1.582634e-08
3038 1.111898e-04 1.575554e-08
3039 1.111895e-04 1.568506e-08
3040 1.111893e-04 1.561489e-08
3041 1.111891e-04 1.554504e-08
3042 1.111889e-04 1.547550e-08
3043 1.111887e-04 1.540627e-08
3044 1.111884e-04 1.533735e-08
3045 1.111882e-04 1.526874e-08
3046 1.111880e-04 1.520044e-08
3047 1.111878e-04 1.513244e-08
3048 1.111876e-04 1.506474e-08
3049 1.111874e-04 1.499735e-08
3050 1.111872e-04 1.493026e-08
3051 1.111869e-04 1.486347e-08
3052 1.111867e-04 1.479698e-08
3053 1.111865e-04 1.473078e-08
3054 1.111863e-04 1.466489e-08
3055 1.111861e-04 1.459928e-08
3056 1.111859e-04 1.453397e-08
3057 1.111857e-04 1.446896e-08
3058 1.111855e-04 1.440423e-08
3059 1.111853e-04 1.433979e-08
3060 1.111851e-04 1.427565e-08
3061 1.111849e-04 1.421178e-08
3062 1.111847e-04 1.414821e-08
3063 1.111845e-04 1.408492e-08
3064 1.111843e-04 1.402191e-08
3065 1.111841e-04 1.395918e-08
3066 1.111839e-04 1.389674e-08
3067 1.111837e-04 1.383457e-08
3068 1.111835e-04 1.377268e-08
3069 1.111833e-04 1.371107e-08
3070 1.111831e-04 1.364973e-08
3071 1.111829e-04 1.358867e-08
3072 1.111827e-04 1.352788e-08
3073 1.111825e-04 1.346737e-08
3074 1.111824e-04 1.340712e-08
3075 1.111822e-04 1.334714e-08
3076 1.111820e-04 1.328744e-08
3077 1.111818e-04 1.322799e-08
3078 1.111816e-04 1.316882e-08
3079 1.111814e-04 1.310991e-08
3080 1.111812e-04 1.305126e-08
3081 1.111811e-04 1.299288e-08
3082 1.111809e-04 1.293475e-08
3083 1.111807e-04 1.287689e-08
3084 1.111805e-04 1.281929e-08
3085 1.111803e-04 1.276194e-08
3086 1.111801e-04 1.270485e-08
3087 1.111800e-04 1.264802e-08
3088 1.111798e-04 1.259143e-08
3089 1.111796e-04 1.253511e-08
3090 1.111794e-04 1.247903e-08
3091 1.111793e-04 1.242321e-08
3092 1.111791e-04 1.236763e-08
3093 1.111789e-04 1.231231e-08
3094 1.111787e-04 1.225723e-08
3095 1.111786e-04 1.220240e-08
3096 1.111784e-04 1.214781e-08
3097 1.111782e-04 1.209347e-08
3098 1.111780e-04 1.203937e-08
3099 1.111779e-04 1.198551e-08
3100 1.111777e-04 1.193189e-08
3101 1.111775e-04 1.187851e-08
3102 1.111774e-04 1.182538e-08
3103 1.111772e-04 1.177248e-08
3104 1.111770e-04 1.171981e-08
3105 1.111769e-04 1.166738e-08
3106 1.111767e-04 1.161519e-08
3107 1.111765e-04 1.156323e-08
3108 1.111764e-04 1.151150e-08
3109 1.111762e-04 1.146001e-08
3110 1.111761e-04 1.140874e-08
3111 1.111759e-04 1.135770e-08
3112 1.111757e-04 1.130689e-08
3113 1.111756e-04 1.125631e-08
3114 1.111754e-04 1.120596e-08
3115 1.111753e-04 1.115583e-08
3116 1.111751e-04 1.110592e-08
3117 1.111749e-04 1.105624e-08
3118 1.111748e-04 1.100678e-08
3119 1.111746e-04 1.095754e-08
3120 1.111745e-04 1.090853e-08
3121 1.111743e-04 1.085973e-08
3122 1.111742e-04 1.081115e-08
3123 1.111740e-04 1.076278e-08
3124 1.111739e-04 1.071464e-08
3125 1.111737e-04 1.066670e-08
3126 1.111736e-04 1.061899e-08
3127 1.111734e-04 1.057148e-08
3128 1.111733e-04 1.052419e-08
3129 1.111731e-04 1.047711e-08
3130 1.111730e-04 1.043024e-08
3131 1.111728e-04 1.038358e-08
3132 1.111727e-04 1.033713e-08
3133 1.111725e-04 1.029089e-08
3134 1.111724e-04 1.024485e-08
3135 1.111722e-04 1.019902e-08
3136 1.111721e-04 1.015340e-08
3137 1.111720e-04 1.010798e-08
3138 1.111718e-04 1.006276e-08
3139 1.111717e-04 1.001774e-08
3140 1.111715e-04 9.972931e-09
