err_l2 = 0.00011113635464955717
steps = 483
runtime_s = 1.541496992111206
err_max = 0.000570435693259097
mg_levels_used = 5
history_file = "history_nx64_ny64_nz64_M4_steps483.txt"
res_l2 = 9.956688e-9
exact_plot = "exact_nx64_ny64_nz64.png"
error_plot = "error_nx64_ny64_nz64_M4_steps483.png"

[mg_coarsest_grid]
nz = 4
nx = 4
ny = 4
