# step err_l2 res_l2
0 2.462974e-01 1.000000e+00
1 2.217259e-01 2.424276e-01
2 2.095898e-01 1.441260e-01
3 2.009042e-01 1.038432e-01
4 1.938979e-01 8.223422e-02
5 1.879267e-01 6.863823e-02
6 1.826746e-01 5.920708e-02
7 1.779596e-01 5.223165e-02
8 1.736651e-01 4.683485e-02
9 1.697114e-01 4.251793e-02
10 1.660412e-01 3.897508e-02
11 1.626113e-01 3.600770e-02
12 1.593884e-01 3.348085e-02
13 1.563464e-01 3.129941e-02
14 1.534640e-01 2.939426e-02
15 1.507237e-01 2.771392e-02
16 1.481110e-01 2.621918e-02
17 1.456136e-01 2.487962e-02
18 1.432211e-01 2.367125e-02
19 1.409244e-01 2.257488e-02
20 1.387157e-01 2.157497e-02
21 1.365881e-01 2.065880e-02
22 1.345356e-01 1.981581e-02
23 1.325528e-01 1.903721e-02
24 1.306350e-01 1.831559e-02
25 1.287777e-01 1.764467e-02
26 1.269773e-01 1.701907e-02
27 1.252301e-01 1.643418e-02
28 1.235330e-01 1.588600e-02
29 1.218831e-01 1.537109e-02
30 1.202778e-01 1.488640e-02
31 1.187146e-01 1.442929e-02
32 1.171913e-01 1.399743e-02
33 1.157059e-01 1.358874e-02
34 1.142564e-01 1.320139e-02
35 1.128410e-01 1.283376e-02
36 1.114582e-01 1.248438e-02
37 1.101064e-01 1.215194e-02
38 1.087841e-01 1.183527e-02
39 1.074901e-01 1.153331e-02
40 1.062231e-01 1.124509e-02
41 1.049820e-01 1.096974e-02
42 1.037656e-01 1.070647e-02
43 1.025730e-01 1.045453e-02
44 1.014032e-01 1.021328e-02
45 1.002552e-01 9.982079e-03
46 9.912824e-02 9.760379e-03
47 9.802152e-02 9.547650e-03
48 9.693425e-02 9.343407e-03
49 9.586574e-02 9.147200e-03
50 9.481531e-02 8.958607e-03
51 9.378232e-02 8.777237e-03
52 9.276616e-02 8.602722e-03
53 9.176628e-02 8.434717e-03
54 9.078212e-02 8.272900e-03
55 8.981318e-02 8.116965e-03
56 8.885897e-02 7.966627e-03
57 8.791903e-02 7.821614e-03
58 8.699292e-02 7.681672e-03
59 8.608024e-02 7.546558e-03
60 8.518058e-02 7.416045e-03
61 8.429357e-02 7.289914e-03
62 8.341886e-02 7.167960e-03
63 8.255611e-02 7.049990e-03
64 8.170499e-02 6.935816e-03
65 8.086520e-02 6.825265e-03
66 8.003644e-02 6.718168e-03
67 7.921844e-02 6.614368e-03
68 7.841094e-02 6.513712e-03
69 7.761366e-02 6.416059e-03
70 7.682639e-02 6.321271e-03
71 7.604887e-02 6.229219e-03
72 7.528090e-02 6.139780e-03
73 7.452226e-02 6.052836e-03
74 7.377274e-02 5.968276e-03
75 7.303216e-02 5.885994e-03
76 7.230032e-02 5.805889e-03
77 7.157706e-02 5.727865e-03
78 7.086219e-02 5.651832e-03
79 7.015555e-02 5.577702e-03
80 6.945700e-02 5.505394e-03
81 6.876636e-02 5.434829e-03
82 6.808351e-02 5.365933e-03
83 6.740829e-02 5.298636e-03
84 6.674058e-02 5.232869e-03
85 6.608024e-02 5.168570e-03
86 6.542715e-02 5.105678e-03
87 6.478119e-02 5.044135e-03
88 6.414224e-02 4.983888e-03
89 6.351019e-02 4.924883e-03
90 6.288492e-02 4.867072e-03
91 6.226634e-02 4.810409e-03
92 6.165434e-02 4.754847e-03
93 6.104882e-02 4.700347e-03
94 6.044969e-02 4.646867e-03
95 5.985685e-02 4.594369e-03
96 5.927021e-02 4.542818e-03
97 5.868969e-02 4.492179e-03
98 5.811520e-02 4.442419e-03
99 5.754666e-02 4.393509e-03
100 5.698399e-02 4.345417e-03
101 5.642710e-02 4.298117e-03
102 5.587593e-02 4.251582e-03
103 5.533039e-02 4.205787e-03
104 5.479042e-02 4.160707e-03
105 5.425595e-02 4.116320e-03
106 5.372690e-02 4.072605e-03
107 5.320321e-02 4.029541e-03
108 5.268481e-02 3.987107e-03
109 5.217164e-02 3.945287e-03
110 5.166363e-02 3.904061e-03
111 5.116073e-02 3.863413e-03
112 5.066287e-02 3.823328e-03
113 5.017000e-02 3.783788e-03
114 4.968205e-02 3.744781e-03
115 4.919897e-02 3.706292e-03
116 4.872070e-02 3.668308e-03
117 4.824719e-02 3.630816e-03
118 4.777839e-02 3.593804e-03
119 4.731424e-02 3.557260e-03
120 4.685469e-02 3.521174e-03
121 4.639969e-02 3.485535e-03
122 4.594918e-02 3.450332e-03
123 4.550313e-02 3.415557e-03
124 4.506148e-02 3.381200e-03
125 4.462419e-02 3.347251e-03
126 4.419120e-02 3.313704e-03
127 4.376248e-02 3.280549e-03
128 4.333797e-02 3.247778e-03
129 4.291764e-02 3.215385e-03
130 4.250143e-02 3.183361e-03
131 4.208930e-02 3.151701e-03
132 4.168122e-02 3.120397e-03
133 4.127714e-02 3.089442e-03
134 4.087701e-02 3.058832e-03
135 4.048080e-02 3.028560e-03
136 4.008847e-02 2.998619e-03
137 3.969997e-02 2.969005e-03
138 3.931527e-02 2.939713e-03
139 3.893433e-02 2.910736e-03
140 3.855711e-02 2.882070e-03
141 3.818357e-02 2.853711e-03
142 3.781368e-02 2.825653e-03
143 3.744739e-02 2.797893e-03
144 3.708468e-02 2.770425e-03
145 3.672550e-02 2.743245e-03
146 3.636982e-02 2.716350e-03
147 3.601761e-02 2.689734e-03
148 3.566882e-02 2.663396e-03
149 3.532343e-02 2.637329e-03
150 3.498140e-02 2.611532e-03
151 3.464270e-02 2.586000e-03
152 3.430729e-02 2.560730e-03
153 3.397515e-02 2.535718e-03
154 3.364624e-02 2.510961e-03
155 3.332052e-02 2.486456e-03
156 3.299797e-02 2.462200e-03
157 3.267855e-02 2.438190e-03
158 3.236224e-02 2.414422e-03
159 3.204900e-02 2.390893e-03
160 3.173880e-02 2.367601e-03
161 3.143161e-02 2.344544e-03
162 3.112741e-02 2.321717e-03
163 3.082616e-02 2.299119e-03
164 3.052784e-02 2.276746e-03
165 3.023241e-02 2.254597e-03
166 2.993985e-02 2.232668e-03
167 2.965012e-02 2.210958e-03
168 2.936321e-02 2.189463e-03
169 2.907908e-02 2.168182e-03
170 2.879771e-02 2.147111e-03
171 2.851907e-02 2.126249e-03
172 2.824313e-02 2.105593e-03
173 2.796987e-02 2.085141e-03
174 2.769925e-02 2.064891e-03
175 2.743127e-02 2.044840e-03
176 2.716587e-02 2.024987e-03
177 2.690306e-02 2.005330e-03
178 2.664279e-02 1.985865e-03
179 2.638504e-02 1.966592e-03
180 2.612980e-02 1.947509e-03
181 2.587702e-02 1.928612e-03
182 2.562670e-02 1.909901e-03
183 2.537880e-02 1.891372e-03
184 2.513331e-02 1.873026e-03
185 2.489020e-02 1.854859e-03
186 2.464944e-02 1.836870e-03
187 2.441101e-02 1.819056e-03
188 2.417490e-02 1.801417e-03
189 2.394107e-02 1.783950e-03
190 2.370951e-02 1.766653e-03
191 2.348020e-02 1.749525e-03
192 2.325310e-02 1.732565e-03
193 2.302821e-02 1.715770e-03
194 2.280549e-02 1.699138e-03
195 2.258493e-02 1.682669e-03
196 2.236651e-02 1.666360e-03
197 2.215021e-02 1.650210e-03
198 2.193600e-02 1.634217e-03
199 2.172387e-02 1.618379e-03
200 2.151379e-02 1.602696e-03
201 2.130574e-02 1.587166e-03
202 2.109972e-02 1.571786e-03
203 2.089568e-02 1.556556e-03
204 2.069363e-02 1.541474e-03
205 2.049353e-02 1.526539e-03
206 2.029537e-02 1.511749e-03
207 2.009913e-02 1.497102e-03
208 1.990479e-02 1.482598e-03
209 1.971233e-02 1.468235e-03
210 1.952174e-02 1.454011e-03
211 1.933299e-02 1.439926e-03
212 1.914607e-02 1.425977e-03
213 1.896096e-02 1.412163e-03
214 1.877765e-02 1.398484e-03
215 1.859611e-02 1.384937e-03
216 1.841633e-02 1.371522e-03
217 1.823828e-02 1.358237e-03
218 1.806197e-02 1.345081e-03
219 1.788736e-02 1.332052e-03
220 1.771444e-02 1.319150e-03
221 1.754320e-02 1.306373e-03
222 1.737362e-02 1.293720e-03
223 1.720568e-02 1.281190e-03
224 1.703936e-02 1.268781e-03
225 1.687466e-02 1.256492e-03
226 1.671155e-02 1.244323e-03
227 1.655002e-02 1.232272e-03
228 1.639005e-02 1.220337e-03
229 1.623164e-02 1.208518e-03
230 1.607476e-02 1.196814e-03
231 1.591939e-02 1.185223e-03
232 1.576554e-02 1.173744e-03
233 1.561317e-02 1.162377e-03
234 1.546228e-02 1.151120e-03
235 1.531285e-02 1.139972e-03
236 1.516486e-02 1.128932e-03
237 1.501831e-02 1.117999e-03
238 1.487318e-02 1.107172e-03
239 1.472946e-02 1.096450e-03
240 1.458712e-02 1.085831e-03
241 1.444617e-02 1.075316e-03
242 1.430658e-02 1.064903e-03
243 1.416834e-02 1.054590e-03
244 1.403144e-02 1.044377e-03
245 1.389587e-02 1.034263e-03
246 1.376161e-02 1.024248e-03
247 1.362865e-02 1.014329e-03
248 1.349697e-02 1.004506e-03
249 1.336658e-02 9.947787e-04
250 1.323744e-02 9.851454e-04
251 1.310956e-02 9.756054e-04
252 1.298291e-02 9.661578e-04
253 1.285749e-02 9.568017e-04
254 1.273329e-02 9.475363e-04
255 1.261029e-02 9.383606e-04
256 1.248848e-02 9.292738e-04
257 1.236785e-02 9.202750e-04
258 1.224838e-02 9.113634e-04
259 1.213008e-02 9.025380e-04
260 1.201292e-02 8.937982e-04
261 1.189689e-02 8.851430e-04
262 1.178199e-02 8.765716e-04
263 1.166820e-02 8.680832e-04
264 1.155552e-02 8.596771e-04
265 1.144392e-02 8.513523e-04
266 1.133341e-02 8.431082e-04
267 1.122396e-02 8.349440e-04
268 1.111558e-02 8.268587e-04
269 1.100824e-02 8.188518e-04
270 1.090195e-02 8.109225e-04
271 1.079668e-02 8.030699e-04
272 1.069243e-02 7.952934e-04
273 1.058920e-02 7.875922e-04
274 1.048696e-02 7.799656e-04
275 1.038571e-02 7.724128e-04
276 1.028545e-02 7.649332e-04
277 1.018615e-02 7.575260e-04
278 1.008782e-02 7.501905e-04
279 9.990434e-03 7.429261e-04
280 9.893996e-03 7.357320e-04
281 9.798491e-03 7.286076e-04
282 9.703912e-03 7.215522e-04
283 9.610248e-03 7.145651e-04
284 9.517492e-03 7.076457e-04
285 9.425634e-03 7.007933e-04
286 9.334665e-03 6.940072e-04
287 9.244577e-03 6.872869e-04
288 9.155362e-03 6.806316e-04
289 9.067011e-03 6.740408e-04
290 8.979516e-03 6.675138e-04
291 8.892868e-03 6.610500e-04
292 8.807059e-03 6.546488e-04
293 8.722082e-03 6.483096e-04
294 8.637927e-03 6.420318e-04
295 8.554587e-03 6.358147e-04
296 8.472055e-03 6.296579e-04
297 8.390321e-03 6.235607e-04
298 8.309380e-03 6.175225e-04
299 8.229222e-03 6.115428e-04
300 8.149840e-03 6.056211e-04
301 8.071228e-03 5.997566e-04
302 7.993377e-03 5.939490e-04
303 7.916279e-03 5.881975e-04
304 7.839929e-03 5.825018e-04
305 7.764318e-03 5.768613e-04
306 7.689439e-03 5.712753e-04
307 7.615286e-03 5.657435e-04
308 7.541850e-03 5.602652e-04
309 7.469126e-03 5.548399e-04
310 7.397107e-03 5.494672e-04
311 7.325784e-03 5.441465e-04
312 7.255153e-03 5.388774e-04
313 7.185206e-03 5.336593e-04
314 7.115936e-03 5.284917e-04
315 7.047337e-03 5.233741e-04
316 6.979403e-03 5.183061e-04
317 6.912126e-03 5.132872e-04
318 6.845501e-03 5.083168e-04
319 6.779522e-03 5.033946e-04
320 6.714181e-03 4.985201e-04
321 6.649474e-03 4.936928e-04
322 6.585393e-03 4.889122e-04
323 6.521933e-03 4.841779e-04
324 6.459087e-03 4.794894e-04
325 6.396851e-03 4.748464e-04
326 6.335217e-03 4.702483e-04
327 6.274180e-03 4.656947e-04
328 6.213734e-03 4.611852e-04
329 6.153874e-03 4.567194e-04
330 6.094593e-03 4.522969e-04
331 6.035887e-03 4.479171e-04
332 5.977750e-03 4.435798e-04
333 5.920175e-03 4.392845e-04
334 5.863159e-03 4.350307e-04
335 5.806694e-03 4.308182e-04
336 5.750777e-03 4.266464e-04
337 5.695401e-03 4.225151e-04
338 5.640561e-03 4.184237e-04
339 5.586253e-03 4.143720e-04
340 5.532471e-03 4.103595e-04
341 5.479210e-03 4.063859e-04
342 5.426465e-03 4.024507e-04
343 5.374231e-03 3.985536e-04
344 5.322503e-03 3.946943e-04
345 5.271275e-03 3.908724e-04
346 5.220545e-03 3.870874e-04
347 5.170305e-03 3.833391e-04
348 5.120552e-03 3.796271e-04
349 5.071282e-03 3.759511e-04
350 5.022488e-03 3.723106e-04
351 4.974168e-03 3.687054e-04
352 4.926315e-03 3.651351e-04
353 4.878926e-03 3.615994e-04
354 4.831996e-03 3.580979e-04
355 4.785521e-03 3.546304e-04
356 4.739496e-03 3.511964e-04
357 4.693917e-03 3.477956e-04
358 4.648779e-03 3.444278e-04
359 4.604079e-03 3.410926e-04
360 4.559812e-03 3.377897e-04
361 4.515974e-03 3.345188e-04
362 4.472560e-03 3.312795e-04
363 4.429567e-03 3.280716e-04
364 4.386991e-03 3.248948e-04
365 4.344827e-03 3.217487e-04
366 4.303072e-03 3.186331e-04
367 4.261721e-03 3.155477e-04
368 4.220771e-03 3.124922e-04
369 4.180218e-03 3.094662e-04
370 4.140058e-03 3.064696e-04
371 4.100287e-03 3.035019e-04
372 4.060901e-03 3.005630e-04
373 4.021897e-03 2.976526e-04
374 3.983271e-03 2.947703e-04
375 3.945019e-03 2.919159e-04
376 3.907138e-03 2.890892e-04
377 3.869624e-03 2.862899e-04
378 3.832473e-03 2.835176e-04
379 3.795682e-03 2.807723e-04
380 3.759248e-03 2.780535e-04
381 3.723168e-03 2.753610e-04
382 3.687436e-03 2.726946e-04
383 3.652051e-03 2.700540e-04
384 3.617009e-03 2.674390e-04
385 3.582307e-03 2.648493e-04
386 3.547941e-03 2.622846e-04
387 3.513908e-03 2.597449e-04
388 3.480205e-03 2.572297e-04
389 3.446828e-03 2.547388e-04
390 3.413775e-03 2.522721e-04
391 3.381043e-03 2.498293e-04
392 3.348627e-03 2.474101e-04
393 3.316526e-03 2.450144e-04
394 3.284736e-03 2.426418e-04
395 3.253254e-03 2.402922e-04
396 3.222078e-03 2.379654e-04
397 3.191203e-03 2.356611e-04
398 3.160628e-03 2.333791e-04
399 3.130349e-03 2.311192e-04
400 3.100364e-03 2.288812e-04
401 3.070670e-03 2.266649e-04
402 3.041263e-03 2.244700e-04
403 3.012142e-03 2.222964e-04
404 2.983302e-03 2.201439e-04
405 2.954743e-03 2.180121e-04
406 2.926460e-03 2.159011e-04
407 2.898452e-03 2.138104e-04
408 2.870715e-03 2.117400e-04
409 2.843247e-03 2.096897e-04
410 2.816046e-03 2.076592e-04
411 2.789108e-03 2.056484e-04
412 2.762431e-03 2.036570e-04
413 2.736014e-03 2.016849e-04
414 2.709852e-03 1.997319e-04
415 2.683944e-03 1.977979e-04
416 2.658287e-03 1.958825e-04
417 2.632880e-03 1.939857e-04
418 2.607718e-03 1.921073e-04
419 2.582801e-03 1.902471e-04
420 2.558125e-03 1.884049e-04
421 2.533689e-03 1.865805e-04
422 2.509490e-03 1.847738e-04
423 2.485525e-03 1.829845e-04
424 2.461793e-03 1.812126e-04
425 2.438292e-03 1.794579e-04
426 2.415018e-03 1.777202e-04
427 2.391970e-03 1.759992e-04
428 2.369146e-03 1.742950e-04
429 2.346543e-03 1.726072e-04
430 2.324159e-03 1.709358e-04
431 2.301993e-03 1.692806e-04
432 2.280041e-03 1.676414e-04
433 2.258303e-03 1.660181e-04
434 2.236776e-03 1.644105e-04
435 2.215458e-03 1.628184e-04
436 2.194346e-03 1.612418e-04
437 2.173440e-03 1.596804e-04
438 2.152736e-03 1.581342e-04
439 2.132233e-03 1.566029e-04
440 2.111930e-03 1.550865e-04
441 2.091823e-03 1.535848e-04
442 2.071912e-03 1.520975e-04
443 2.052194e-03 1.506247e-04
444 2.032667e-03 1.491662e-04
445 2.013330e-03 1.477218e-04
446 1.994181e-03 1.462913e-04
447 1.975218e-03 1.448747e-04
448 1.956439e-03 1.434719e-04
449 1.937842e-03 1.420826e-04
450 1.919426e-03 1.407068e-04
451 1.901188e-03 1.393443e-04
452 1.883128e-03 1.379949e-04
453 1.865244e-03 1.366587e-04
454 1.847533e-03 1.353354e-04
455 1.829994e-03 1.340249e-04
456 1.812625e-03 1.327271e-04
457 1.795426e-03 1.314418e-04
458 1.778393e-03 1.301690e-04
459 1.761526e-03 1.289086e-04
460 1.744823e-03 1.276603e-04
461 1.728282e-03 1.264241e-04
462 1.711902e-03 1.251999e-04
463 1.695681e-03 1.239876e-04
464 1.679618e-03 1.227870e-04
465 1.663711e-03 1.215980e-04
466 1.647959e-03 1.204205e-04
467 1.632360e-03 1.192544e-04
468 1.616912e-03 1.180997e-04
469 1.601615e-03 1.169561e-04
470 1.586467e-03 1.158236e-04
471 1.571465e-03 1.147020e-04
472 1.556610e-03 1.135913e-04
473 1.541900e-03 1.124914e-04
474 1.527332e-03 1.114021e-04
475 1.512906e-03 1.103233e-04
476 1.498621e-03 1.092550e-04
477 1.484474e-03 1.081971e-04
478 1.470465e-03 1.071494e-04
479 1.456593e-03 1.061118e-04
480 1.442856e-03 1.050843e-04
481 1.429252e-03 1.040667e-04
482 1.415781e-03 1.030590e-04
483 1.402441e-03 1.020611e-04
484 1.389231e-03 1.010728e-04
485 1.376149e-03 1.000941e-04
486 1.363195e-03 9.912482e-05
487 1.350367e-03 9.816496e-05
488 1.337664e-03 9.721440e-05
489 1.325085e-03 9.627304e-05
490 1.312629e-03 9.534080e-05
491 1.300293e-03 9.441758e-05
492 1.288079e-03 9.350331e-05
493 1.275983e-03 9.259789e-05
494 1.264005e-03 9.170123e-05
495 1.252144e-03 9.081326e-05
496 1.240398e-03 8.993389e-05
497 1.228767e-03 8.906303e-05
498 1.217250e-03 8.820060e-05
499 1.205845e-03 8.734653e-05
500 1.194551e-03 8.650072e-05
501 1.183367e-03 8.566311e-05
502 1.172293e-03 8.483361e-05
503 1.161327e-03 8.401214e-05
504 1.150467e-03 8.319862e-05
505 1.139714e-03 8.239298e-05
506 1.129066e-03 8.159514e-05
507 1.118522e-03 8.080503e-05
508 1.108081e-03 8.002257e-05
509 1.097741e-03 7.924769e-05
510 1.087503e-03 7.848031e-05
511 1.077365e-03 7.772036e-05
512 1.067326e-03 7.696777e-05
513 1.057385e-03 7.622246e-05
514 1.047542e-03 7.548438e-05
515 1.037795e-03 7.475344e-05
516 1.028143e-03 7.402958e-05
517 1.018585e-03 7.331273e-05
518 1.009121e-03 7.260281e-05
519 9.997497e-04 7.189978e-05
520 9.904701e-04 7.120355e-05
521 9.812814e-04 7.051406e-05
522 9.721827e-04 6.983125e-05
523 9.631731e-04 6.915506e-05
524 9.542517e-04 6.848541e-05
525 9.454178e-04 6.782224e-05
526 9.366706e-04 6.716550e-05
527 9.280090e-04 6.651511e-05
528 9.194325e-04 6.587102e-05
529 9.109400e-04 6.523317e-05
530 9.025309e-04 6.460150e-05
531 8.942043e-04 6.397594e-05
532 8.859594e-04 6.335644e-05
533 8.777955e-04 6.274294e-05
534 8.697118e-04 6.213538e-05
535 8.617075e-04 6.153371e-05
536 8.537819e-04 6.093786e-05
537 8.459341e-04 6.034778e-05
538 8.381635e-04 5.976341e-05
539 8.304694e-04 5.918470e-05
540 8.228509e-04 5.861160e-05
541 8.153074e-04 5.804404e-05
542 8.078381e-04 5.748198e-05
543 8.004424e-04 5.692537e-05
544 7.931196e-04 5.637414e-05
545 7.858688e-04 5.582825e-05
546 7.786896e-04 5.528765e-05
547 7.715811e-04 5.475228e-05
548 7.645427e-04 5.422210e-05
549 7.575737e-04 5.369705e-05
550 7.506735e-04 5.317708e-05
551 7.438414e-04 5.266215e-05
552 7.370768e-04 5.215221e-05
553 7.303790e-04 5.164720e-05
554 7.237473e-04 5.114709e-05
555 7.171813e-04 5.065181e-05
556 7.106801e-04 5.016134e-05
557 7.042433e-04 4.967561e-05
558 6.978702e-04 4.919458e-05
559 6.915601e-04 4.871822e-05
560 6.853126e-04 4.824646e-05
561 6.791269e-04 4.777928e-05
562 6.730026e-04 4.731661e-05
563 6.669390e-04 4.685843e-05
564 6.609355e-04 4.640469e-05
565 6.549917e-04 4.595534e-05
566 6.491068e-04 4.551034e-05
567 6.432804e-04 4.506965e-05
568 6.375119e-04 4.463322e-05
569 6.318007e-04 4.420102e-05
570 6.261464e-04 4.377301e-05
571 6.205483e-04 4.334914e-05
572 6.150059e-04 4.292938e-05
573 6.095187e-04 4.251368e-05
574 6.040863e-04 4.210201e-05
575 5.987079e-04 4.169432e-05
576 5.933833e-04 4.129058e-05
577 5.881118e-04 4.089075e-05
578 5.828929e-04 4.049479e-05
579 5.777261e-04 4.010267e-05
580 5.726110e-04 3.971434e-05
581 5.675471e-04 3.932978e-05
582 5.625338e-04 3.894893e-05
583 5.575708e-04 3.857178e-05
584 5.526574e-04 3.819828e-05
585 5.477933e-04 3.782839e-05
586 5.429780e-04 3.746209e-05
587 5.382111e-04 3.709933e-05
588 5.334920e-04 3.674008e-05
589 5.288203e-04 3.638432e-05
590 5.241956e-04 3.603200e-05
591 5.196174e-04 3.568309e-05
592 5.150853e-04 3.533756e-05
593 5.105989e-04 3.499537e-05
594 5.061577e-04 3.465650e-05
595 5.017613e-04 3.432091e-05
596 4.974092e-04 3.398857e-05
597 4.931012e-04 3.365945e-05
598 4.888367e-04 3.333351e-05
599 4.846153e-04 3.301073e-05
600 4.804366e-04 3.269108e-05
601 4.763003e-04 3.237452e-05
602 4.722059e-04 3.206103e-05
603 4.681531e-04 3.175057e-05
604 4.641414e-04 3.144312e-05
605 4.601705e-04 3.113865e-05
606 4.562399e-04 3.083712e-05
607 4.523494e-04 3.053852e-05
608 4.484984e-04 3.024280e-05
609 4.446868e-04 2.994995e-05
610 4.409140e-04 2.965994e-05
611 4.371797e-04 2.937273e-05
612 4.334836e-04 2.908831e-05
613 4.298253e-04 2.880663e-05
614 4.262045e-04 2.852769e-05
615 4.226208e-04 2.825145e-05
616 4.190738e-04 2.797788e-05
617 4.155632e-04 2.770696e-05
618 4.120887e-04 2.743867e-05
619 4.086499e-04 2.717297e-05
620 4.052465e-04 2.690985e-05
621 4.018782e-04 2.664927e-05
622 3.985446e-04 2.639122e-05
623 3.952454e-04 2.613566e-05
624 3.919803e-04 2.588258e-05
625 3.887490e-04 2.563195e-05
626 3.855511e-04 2.538375e-05
627 3.823864e-04 2.513795e-05
628 3.792545e-04 2.489453e-05
629 3.761552e-04 2.465347e-05
630 3.730881e-04 2.441474e-05
631 3.700529e-04 2.417833e-05
632 3.670493e-04 2.394420e-05
633 3.640771e-04 2.371234e-05
634 3.611359e-04 2.348273e-05
635 3.582254e-04 2.325534e-05
636 3.553454e-04 2.303015e-05
637 3.524956e-04 2.280714e-05
638 3.496757e-04 2.258629e-05
639 3.468854e-04 2.236758e-05
640 3.441245e-04 2.215099e-05
641 3.413926e-04 2.193649e-05
642 3.386895e-04 2.172408e-05
643 3.360150e-04 2.151371e-05
644 3.333687e-04 2.130539e-05
645 3.307504e-04 2.109908e-05
646 3.281598e-04 2.089477e-05
647 3.255968e-04 2.069244e-05
648 3.230609e-04 2.049207e-05
649 3.205520e-04 2.029364e-05
650 3.180699e-04 2.009713e-05
651 3.156142e-04 1.990252e-05
652 3.131847e-04 1.970980e-05
653 3.107812e-04 1.951895e-05
654 3.084034e-04 1.932994e-05
655 3.060512e-04 1.914276e-05
656 3.037242e-04 1.895739e-05
657 3.014222e-04 1.877382e-05
658 2.991449e-04 1.859203e-05
659 2.968923e-04 1.841200e-05
660 2.946640e-04 1.823371e-05
661 2.924597e-04 1.805715e-05
662 2.902794e-04 1.788229e-05
663 2.881226e-04 1.770913e-05
664 2.859893e-04 1.753765e-05
665 2.838793e-04 1.736783e-05
666 2.817922e-04 1.719965e-05
667 2.797278e-04 1.703310e-05
668 2.776861e-04 1.686816e-05
669 2.756666e-04 1.670482e-05
670 2.736694e-04 1.654306e-05
671 2.716940e-04 1.638287e-05
672 2.697404e-04 1.622423e-05
673 2.678082e-04 1.606713e-05
674 2.658974e-04 1.591155e-05
675 2.640078e-04 1.575747e-05
676 2.621390e-04 1.560488e-05
677 2.602909e-04 1.545378e-05
678 2.584634e-04 1.530413e-05
679 2.566562e-04 1.515594e-05
680 2.548691e-04 1.500918e-05
681 2.531019e-04 1.486384e-05
682 2.513545e-04 1.471991e-05
683 2.496267e-04 1.457737e-05
684 2.479183e-04 1.443621e-05
685 2.462290e-04 1.429642e-05
686 2.445588e-04 1.415799e-05
687 2.429074e-04 1.402089e-05
688 2.412746e-04 1.388512e-05
689 2.396603e-04 1.375067e-05
690 2.380643e-04 1.361752e-05
691 2.364865e-04 1.348565e-05
692 2.349265e-04 1.335507e-05
693 2.333844e-04 1.322575e-05
694 2.318598e-04 1.309768e-05
695 2.303527e-04 1.297085e-05
696 2.288628e-04 1.284525e-05
697 2.273900e-04 1.272086e-05
698 2.259342e-04 1.259768e-05
699 2.244951e-04 1.247569e-05
700 2.230726e-04 1.235489e-05
701 2.216666e-04 1.223525e-05
702 2.202768e-04 1.211677e-05
703 2.189032e-04 1.199944e-05
704 2.175455e-04 1.188325e-05
705 2.162036e-04 1.176818e-05
706 2.148774e-04 1.165423e-05
707 2.135667e-04 1.154137e-05
708 2.122713e-04 1.142961e-05
709 2.109911e-04 1.131894e-05
710 2.097260e-04 1.120933e-05
711 2.084757e-04 1.110079e-05
712 2.072402e-04 1.099330e-05
713 2.060192e-04 1.088685e-05
714 2.048128e-04 1.078143e-05
715 2.036206e-04 1.067703e-05
716 2.024426e-04 1.057364e-05
717 2.012786e-04 1.047125e-05
718 2.001285e-04 1.036985e-05
719 1.989921e-04 1.026944e-05
720 1.978693e-04 1.017000e-05
721 1.967600e-04 1.007152e-05
722 1.956640e-04 9.973990e-06
723 1.945812e-04 9.877409e-06
724 1.935114e-04 9.781763e-06
725 1.924546e-04 9.687043e-06
726 1.914105e-04 9.593240e-06
727 1.903791e-04 9.500346e-06
728 1.893603e-04 9.408351e-06
729 1.883538e-04 9.317247e-06
730 1.873596e-04 9.227025e-06
731 1.863775e-04 9.137677e-06
732 1.854074e-04 9.049194e-06
733 1.844492e-04 8.961568e-06
734 1.835028e-04 8.874790e-06
735 1.825680e-04 8.788853e-06
736 1.816447e-04 8.703747e-06
737 1.807328e-04 8.619466e-06
738 1.798322e-04 8.536001e-06
739 1.789427e-04 8.453344e-06
740 1.780642e-04 8.371488e-06
741 1.771967e-04 8.290424e-06
742 1.763400e-04 8.210145e-06
743 1.754939e-04 8.130644e-06
744 1.746584e-04 8.051912e-06
745 1.738333e-04 7.973943e-06
746 1.730186e-04 7.896729e-06
747 1.722141e-04 7.820262e-06
748 1.714198e-04 7.744536e-06
749 1.706354e-04 7.669543e-06
750 1.698609e-04 7.595277e-06
751 1.690962e-04 7.521729e-06
752 1.683411e-04 7.448894e-06
753 1.675957e-04 7.376764e-06
754 1.668596e-04 7.305333e-06
755 1.661330e-04 7.234593e-06
756 1.654156e-04 7.164538e-06
757 1.647073e-04 7.095161e-06
758 1.640081e-04 7.026457e-06
759 1.633178e-04 6.958417e-06
760 1.626364e-04 6.891037e-06
761 1.619637e-04 6.824309e-06
762 1.612996e-04 6.758227e-06
763 1.606441e-04 6.692785e-06
764 1.599970e-04 6.627976e-06
765 1.593582e-04 6.563795e-06
766 1.587277e-04 6.500236e-06
767 1.581054e-04 6.437292e-06
768 1.574911e-04 6.374958e-06
769 1.568848e-04 6.313227e-06
770 1.562863e-04 6.252094e-06
771 1.556957e-04 6.191553e-06
772 1.551127e-04 6.131599e-06
773 1.545373e-04 6.072224e-06
774 1.539694e-04 6.013425e-06
775 1.534090e-04 5.955195e-06
776 1.528559e-04 5.897529e-06
777 1.523100e-04 5.840421e-06
778 1.517713e-04 5.783867e-06
779 1.512396e-04 5.727860e-06
780 1.507150e-04 5.672395e-06
781 1.501972e-04 5.617468e-06
782 1.496862e-04 5.563072e-06
783 1.491820e-04 5.509203e-06
784 1.486845e-04 5.455855e-06
785 1.481935e-04 5.403025e-06
786 1.477090e-04 5.350705e-06
787 1.472309e-04 5.298893e-06
788 1.467592e-04 5.247582e-06
789 1.462937e-04 5.196768e-06
790 1.458344e-04 5.146446e-06
791 1.453812e-04 5.096611e-06
792 1.449340e-04 5.047259e-06
793 1.444928e-04 4.998385e-06
794 1.440575e-04 4.949984e-06
795 1.436279e-04 4.902052e-06
796 1.432041e-04 4.854584e-06
797 1.427860e-04 4.807575e-06
798 1.423734e-04 4.761022e-06
799 1.419664e-04 4.714920e-06
800 1.415648e-04 4.669263e-06
801 1.411685e-04 4.624050e-06
802 1.407776e-04 4.579273e-06
803 1.403920e-04 4.534931e-06
804 1.400115e-04 4.491018e-06
805 1.396361e-04 4.447530e-06
806 1.392657e-04 4.404463e-06
807 1.389004e-04 4.361813e-06
808 1.385399e-04 4.319576e-06
809 1.381843e-04 4.277748e-06
810 1.378335e-04 4.236326e-06
811 1.374874e-04 4.195304e-06
812 1.371460e-04 4.154680e-06
813 1.368092e-04 4.114448e-06
814 1.364769e-04 4.074607e-06
815 1.361491e-04 4.035151e-06
816 1.358257e-04 3.996078e-06
817 1.355067e-04 3.957382e-06
818 1.351921e-04 3.919062e-06
819 1.348816e-04 3.881112e-06
820 1.345754e-04 3.843530e-06
821 1.342733e-04 3.806312e-06
822 1.339752e-04 3.769454e-06
823 1.336813e-04 3.732953e-06
824 1.333912e-04 3.696806e-06
825 1.331052e-04 3.661009e-06
826 1.328229e-04 3.625558e-06
827 1.325445e-04 3.590451e-06
828 1.322699e-04 3.555683e-06
829 1.319990e-04 3.521252e-06
830 1.317318e-04 3.487155e-06
831 1.314681e-04 3.453388e-06
832 1.312081e-04 3.419947e-06
833 1.309516e-04 3.386831e-06
834 1.306985e-04 3.354035e-06
835 1.304489e-04 3.321557e-06
836 1.302026e-04 3.289393e-06
837 1.299597e-04 3.257541e-06
838 1.297201e-04 3.225997e-06
839 1.294837e-04 3.194759e-06
840 1.292505e-04 3.163823e-06
841 1.290205e-04 3.133187e-06
842 1.287936e-04 3.102847e-06
843 1.285698e-04 3.072801e-06
844 1.283489e-04 3.043046e-06
845 1.281311e-04 3.013580e-06
846 1.279162e-04 2.984398e-06
847 1.277043e-04 2.955499e-06
848 1.274952e-04 2.926880e-06
849 1.272889e-04 2.898538e-06
850 1.270854e-04 2.870471e-06
851 1.268846e-04 2.842675e-06
852 1.266866e-04 2.815149e-06
853 1.264913e-04 2.787889e-06
854 1.262985e-04 2.760893e-06
855 1.261084e-04 2.734158e-06
856 1.259208e-04 2.707682e-06
857 1.257358e-04 2.681463e-06
858 1.255533e-04 2.655498e-06
859 1.253732e-04 2.629784e-06
860 1.251955e-04 2.604319e-06
861 1.250202e-04 2.579100e-06
862 1.248473e-04 2.554126e-06
863 1.246767e-04 2.529393e-06
864 1.245084e-04 2.504901e-06
865 1.243424e-04 2.480645e-06
866 1.241786e-04 2.456624e-06
867 1.240170e-04 2.432836e-06
868 1.238575e-04 2.409278e-06
869 1.237002e-04 2.385948e-06
870 1.235450e-04 2.362844e-06
871 1.233919e-04 2.339964e-06
872 1.232408e-04 2.317305e-06
873 1.230918e-04 2.294866e-06
874 1.229447e-04 2.272644e-06
875 1.227996e-04 2.250637e-06
876 1.226564e-04 2.228844e-06
877 1.225152e-04 2.207261e-06
878 1.223758e-04 2.185888e-06
879 1.222383e-04 2.164721e-06
880 1.221026e-04 2.143759e-06
881 1.219687e-04 2.123001e-06
882 1.218365e-04 2.102443e-06
883 1.217062e-04 2.082084e-06
884 1.215775e-04 2.061923e-06
885 1.214506e-04 2.041957e-06
886 1.213254e-04 2.022184e-06
887 1.212018e-04 2.002602e-06
888 1.210798e-04 1.983210e-06
889 1.209595e-04 1.964006e-06
890 1.208407e-04 1.944988e-06
891 1.207235e-04 1.926154e-06
892 1.206078e-04 1.907503e-06
893 1.204937e-04 1.889032e-06
894 1.203811e-04 1.870740e-06
895 1.202699e-04 1.852625e-06
896 1.201602e-04 1.834685e-06
897 1.200520e-04 1.816919e-06
898 1.199452e-04 1.799326e-06
899 1.198397e-04 1.781902e-06
900 1.197357e-04 1.764647e-06
901 1.196330e-04 1.747560e-06
902 1.195316e-04 1.730638e-06
903 1.194316e-04 1.713879e-06
904 1.193328e-04 1.697283e-06
905 1.192354e-04 1.680848e-06
906 1.191392e-04 1.664572e-06
907 1.190442e-04 1.648453e-06
908 1.189505e-04 1.632491e-06
909 1.188581e-04 1.616683e-06
910 1.187668e-04 1.601028e-06
911 1.186766e-04 1.585525e-06
912 1.185877e-04 1.570171e-06
913 1.184999e-04 1.554967e-06
914 1.184132e-04 1.539910e-06
915 1.183277e-04 1.524998e-06
916 1.182432e-04 1.510231e-06
917 1.181599e-04 1.495607e-06
918 1.180776e-04 1.481125e-06
919 1.179963e-04 1.466783e-06
920 1.179161e-04 1.452579e-06
921 1.178369e-04 1.438513e-06
922 1.177588e-04 1.424584e-06
923 1.176816e-04 1.410789e-06
924 1.176054e-04 1.397128e-06
925 1.175302e-04 1.383599e-06
926 1.174560e-04 1.370201e-06
927 1.173827e-04 1.356933e-06
928 1.173103e-04 1.343794e-06
929 1.172388e-04 1.330781e-06
930 1.171683e-04 1.317895e-06
931 1.170986e-04 1.305133e-06
932 1.170298e-04 1.292495e-06
933 1.169619e-04 1.279980e-06
934 1.168948e-04 1.267585e-06
935 1.168286e-04 1.255311e-06
936 1.167632e-04 1.243155e-06
937 1.166987e-04 1.231117e-06
938 1.166349e-04 1.219196e-06
939 1.165720e-04 1.207390e-06
940 1.165098e-04 1.195699e-06
941 1.164484e-04 1.184120e-06
942 1.163878e-04 1.172654e-06
943 1.163279e-04 1.161299e-06
944 1.162688e-04 1.150054e-06
945 1.162104e-04 1.138917e-06
946 1.161528e-04 1.127889e-06
947 1.160958e-04 1.116967e-06
948 1.160396e-04 1.106151e-06
949 1.159840e-04 1.095440e-06
950 1.159292e-04 1.084833e-06
951 1.158750e-04 1.074328e-06
952 1.158215e-04 1.063925e-06
953 1.157687e-04 1.053622e-06
954 1.157165e-04 1.043420e-06
955 1.156649e-04 1.033316e-06
956 1.156140e-04 1.023310e-06
957 1.155637e-04 1.013401e-06
958 1.155140e-04 1.003588e-06
959 1.154649e-04 9.938700e-07
960 1.154164e-04 9.842460e-07
961 1.153686e-04 9.747152e-07
962 1.153213e-04 9.652768e-07
963 1.152745e-04 9.559297e-07
964 1.152284e-04 9.466731e-07
965 1.151828e-04 9.375062e-07
966 1.151377e-04 9.284280e-07
967 1.150932e-04 9.194377e-07
968 1.150493e-04 9.105345e-07
969 1.150059e-04 9.017175e-07
970 1.149630e-04 8.929859e-07
971 1.149206e-04 8.843389e-07
972 1.148787e-04 8.757755e-07
973 1.148373e-04 8.672951e-07
974 1.147964e-04 8.588968e-07
975 1.147561e-04 8.505799e-07
976 1.147162e-04 8.423434e-07
977 1.146767e-04 8.341867e-07
978 1.146378e-04 8.261090e-07
979 1.145993e-04 8.181096e-07
980 1.145613e-04 8.101876e-07
981 1.145237e-04 8.023423e-07
982 1.144866e-04 7.945729e-07
983 1.144499e-04 7.868788e-07
984 1.144136e-04 7.792592e-07
985 1.143778e-04 7.717134e-07
986 1.143424e-04 7.642407e-07
987 1.143074e-04 7.568403e-07
988 1.142728e-04 7.495116e-07
989 1.142387e-04 7.422538e-07
990 1.142049e-04 7.350663e-07
991 1.141716e-04 7.279484e-07
992 1.141386e-04 7.208995e-07
993 1.141060e-04 7.139188e-07
994 1.140738e-04 7.070057e-07
995 1.140420e-04 7.001595e-07
996 1.140105e-04 6.933797e-07
997 1.139795e-04 6.866654e-07
998 1.139487e-04 6.800162e-07
999 1.139184e-04 6.734314e-07
1000 1.138884e-04 6.669104e-07
1001 1.138587e-04 6.604525e-07
1002 1.138294e-04 6.540571e-07
1003 1.138004e-04 6.477237e-07
1004 1.137718e-04 6.414516e-07
1005 1.137435e-04 6.352402e-07
1006 1.137155e-04 6.290889e-07
1007 1.136878e-04 6.229973e-07
1008 1.136605e-04 6.169646e-07
1009 1.136335e-04 6.109903e-07
1010 1.136068e-04 6.050739e-07
1011 1.135804e-04 5.992148e-07
1012 1.135542e-04 5.934124e-07
1013 1.135284e-04 5.876662e-07
1014 1.135029e-04 5.819756e-07
1015 1.134777e-04 5.763402e-07
1016 1.134528e-04 5.707593e-07
1017 1.134282e-04 5.652325e-07
1018 1.134038e-04 5.597591e-07
1019 1.133797e-04 5.543388e-07
1020 1.133559e-04 5.489710e-07
1021 1.133324e-04 5.436551e-07
1022 1.133091e-04 5.383907e-07
1023 1.132861e-04 5.331773e-07
1024 1.132633e-04 5.280144e-07
1025 1.132408e-04 5.229015e-07
1026 1.132186e-04 5.178381e-07
1027 1.131966e-04 5.128237e-07
1028 1.131749e-04 5.078578e-07
1029 1.131534e-04 5.029401e-07
1030 1.131321e-04 4.980700e-07
1031 1.131111e-04 4.932470e-07
1032 1.130904e-04 4.884707e-07
1033 1.130698e-04 4.837407e-07
1034 1.130495e-04 4.790565e-07
1035 1.130294e-04 4.744176e-07
1036 1.130096e-04 4.698237e-07
1037 1.129899e-04 4.652742e-07
1038 1.129705e-04 4.607688e-07
1039 1.129513e-04 4.563071e-07
1040 1.129323e-04 4.518885e-07
1041 1.129135e-04 4.475127e-07
1042 1.128950e-04 4.431793e-07
1043 1.128766e-04 4.388879e-07
1044 1.128585e-04 4.346380e-07
1045 1.128405e-04 4.304292e-07
1046 1.128227e-04 4.262613e-07
1047 1.128052e-04 4.221336e-07
1048 1.127878e-04 4.180460e-07
1049 1.127706e-04 4.139979e-07
1050 1.127537e-04 4.099890e-07
1051 1.127369e-04 4.060190e-07
1052 1.127203e-04 4.020874e-07
1053 1.127038e-04 3.981938e-07
1054 1.126876e-04 3.943380e-07
1055 1.126715e-04 3.905195e-07
1056 1.126556e-04 3.867380e-07
1057 1.126399e-04 3.829931e-07
1058 1.126243e-04 3.792844e-07
1059 1.126090e-04 3.756117e-07
1060 1.125937e-04 3.719745e-07
1061 1.125787e-04 3.683726e-07
1062 1.125638e-04 3.648055e-07
1063 1.125491e-04 3.612730e-07
1064 1.125345e-04 3.577747e-07
1065 1.125201e-04 3.543102e-07
1066 1.125059e-04 3.508793e-07
1067 1.124918e-04 3.474816e-07
1068 1.124779e-04 3.441169e-07
1069 1.124641e-04 3.407847e-07
1070 1.124505e-04 3.374848e-07
1071 1.124370e-04 3.342168e-07
1072 1.124236e-04 3.309805e-07
1073 1.124104e-04 3.277755e-07
1074 1.123974e-04 3.246015e-07
1075 1.123845e-04 3.214583e-07
1076 1.123717e-04 3.183455e-07
1077 1.123591e-04 3.152629e-07
1078 1.123465e-04 3.122101e-07
1079 1.123342e-04 3.091869e-07
1080 1.123219e-04 3.061929e-07
1081 1.123098e-04 3.032279e-07
1082 1.122979e-04 3.002917e-07
1083 1.122860e-04 2.973839e-07
1084 1.122743e-04 2.945042e-07
1085 1.122627e-04 2.916524e-07
1086 1.122512e-04 2.888283e-07
1087 1.122399e-04 2.860314e-07
1088 1.122287e-04 2.832617e-07
1089 1.122176e-04 2.805188e-07
1090 1.122066e-04 2.778024e-07
1091 1.121957e-04 2.751124e-07
1092 1.121850e-04 2.724484e-07
1093 1.121743e-04 2.698102e-07
1094 1.121638e-04 2.671975e-07
1095 1.121534e-04 2.646102e-07
1096 1.121431e-04 2.620479e-07
1097 1.121329e-04 2.595104e-07
1098 1.121228e-04 2.569975e-07
1099 1.121128e-04 2.545089e-07
1100 1.121029e-04 2.520444e-07
1101 1.120932e-04 2.496038e-07
1102 1.120835e-04 2.471868e-07
1103 1.120739e-04 2.447932e-07
1104 1.120645e-04 2.424228e-07
1105 1.120551e-04 2.400753e-07
1106 1.120458e-04 2.377506e-07
1107 1.120367e-04 2.354484e-07
1108 1.120276e-04 2.331685e-07
1109 1.120186e-04 2.309106e-07
1110 1.120097e-04 2.286746e-07
1111 1.120009e-04 2.264603e-07
1112 1.119922e-04 2.242674e-07
1113 1.119836e-04 2.220958e-07
1114 1.119751e-04 2.199451e-07
1115 1.119667e-04 2.178153e-07
1116 1.119583e-04 2.157062e-07
1117 1.119501e-04 2.136174e-07
1118 1.119419e-04 2.115489e-07
1119 1.119338e-04 2.095004e-07
1120 1.119258e-04 2.074717e-07
1121 1.119179e-04 2.054627e-07
1122 1.119101e-04 2.034732e-07
1123 1.119024e-04 2.015029e-07
1124 1.118947e-04 1.995516e-07
1125 1.118871e-04 1.976193e-07
1126 1.118796e-04 1.957057e-07
1127 1.118722e-04 1.938106e-07
1128 1.118648e-04 1.919339e-07
1129 1.118575e-04 1.900753e-07
1130 1.118503e-04 1.882348e-07
1131 1.118432e-04 1.864121e-07
1132 1.118361e-04 1.846070e-07
1133 1.118292e-04 1.828194e-07
1134 1.118223e-04 1.810491e-07
1135 1.118154e-04 1.792959e-07
1136 1.118086e-04 1.775597e-07
1137 1.118020e-04 1.758404e-07
1138 1.117953e-04 1.741376e-07
1139 1.117888e-04 1.724514e-07
1140 1.117823e-04 1.707815e-07
1141 1.117758e-04 1.691278e-07
1142 1.117695e-04 1.674901e-07
1143 1.117632e-04 1.658682e-07
1144 1.117570e-04 1.642620e-07
1145 1.117508e-04 1.626714e-07
1146 1.117447e-04 1.610962e-07
1147 1.117387e-04 1.595363e-07
1148 1.117327e-04 1.579915e-07
1149 1.117268e-04 1.564616e-07
1150 1.117209e-04 1.549465e-07
1151 1.117151e-04 1.534461e-07
1152 1.117094e-04 1.519602e-07
1153 1.117037e-04 1.504888e-07
1154 1.116981e-04 1.490315e-07
1155 1.116925e-04 1.475884e-07
1156 1.116870e-04 1.461593e-07
1157 1.116816e-04 1.447440e-07
1158 1.116762e-04 1.433424e-07
1159 1.116709e-04 1.419543e-07
1160 1.116656e-04 1.405797e-07
1161 1.116603e-04 1.392185e-07
1162 1.116552e-04 1.378704e-07
1163 1.116500e-04 1.365353e-07
1164 1.116450e-04 1.352132e-07
1165 1.116400e-04 1.339039e-07
1166 1.116350e-04 1.326073e-07
1167 1.116301e-04 1.313232e-07
1168 1.116252e-04 1.300515e-07
1169 1.116204e-04 1.287922e-07
1170 1.116156e-04 1.275451e-07
1171 1.116109e-04 1.263100e-07
1172 1.116062e-04 1.250869e-07
1173 1.116016e-04 1.238757e-07
1174 1.115970e-04 1.226761e-07
1175 1.115925e-04 1.214882e-07
1176 1.115880e-04 1.203118e-07
1177 1.115836e-04 1.191468e-07
1178 1.115792e-04 1.179931e-07
1179 1.115748e-04 1.168505e-07
1180 1.115705e-04 1.157190e-07
1181 1.115663e-04 1.145985e-07
1182 1.115620e-04 1.134888e-07
1183 1.115579e-04 1.123898e-07
1184 1.115537e-04 1.113015e-07
1185 1.115496e-04 1.102237e-07
1186 1.115456e-04 1.091564e-07
1187 1.115416e-04 1.080994e-07
1188 1.115376e-04 1.070527e-07
1189 1.115337e-04 1.060160e-07
1190 1.115298e-04 1.049894e-07
1191 1.115259e-04 1.039728e-07
1192 1.115221e-04 1.029660e-07
1193 1.115183e-04 1.019689e-07
1194 1.115146e-04 1.009815e-07
1195 1.115109e-04 1.000037e-07
1196 1.115073e-04 9.903534e-08
1197 1.115036e-04 9.807635e-08
1198 1.115000e-04 9.712664e-08
1199 1.114965e-04 9.618614e-08
1200 1.114930e-04 9.525473e-08
1201 1.114895e-04 9.433235e-08
1202 1.114860e-04 9.341890e-08
1203 1.114826e-04 9.251430e-08
1204 1.114793e-04 9.161845e-08
1205 1.114759e-04 9.073128e-08
1206 1.114726e-04 8.985270e-08
1207 1.114693e-04 8.898263e-08
1208 1.114661e-04 8.812098e-08
1209 1.114629e-04 8.726768e-08
1210 1.114597e-04 8.642264e-08
1211 1.114565e-04 8.558578e-08
1212 1.114534e-04 8.475703e-08
1213 1.114503e-04 8.393630e-08
1214 1.114473e-04 8.312352e-08
1215 1.114443e-04 8.231861e-08
1216 1.114413e-04 8.152149e-08
1217 1.114383e-04 8.073209e-08
1218 1.114354e-04 7.995034e-08
1219 1.114325e-04 7.917615e-08
1220 1.114296e-04 7.840946e-08
1221 1.114268e-04 7.765020e-08
1222 1.114239e-04 7.689829e-08
1223 1.114211e-04 7.615366e-08
1224 1.114184e-04 7.541624e-08
1225 1.114156e-04 7.468596e-08
1226 1.114129e-04 7.396275e-08
1227 1.114103e-04 7.324655e-08
1228 1.114076e-04 7.253728e-08
1229 1.114050e-04 7.183487e-08
1230 1.114024e-04 7.113928e-08
1231 1.113998e-04 7.045041e-08
1232 1.113973e-04 6.976822e-08
1233 1.113947e-04 6.909263e-08
1234 1.113922e-04 6.842358e-08
1235 1.113898e-04 6.776102e-08
1236 1.113873e-04 6.710487e-08
1237 1.113849e-04 6.645507e-08
1238 1.113825e-04 6.581156e-08
1239 1.113801e-04 6.517429e-08
1240 1.113777e-04 6.454318e-08
1241 1.113754e-04 6.391819e-08
1242 1.113731e-04 6.329925e-08
1243 1.113708e-04 6.268631e-08
1244 1.113686e-04 6.207929e-08
1245 1.113663e-04 6.147816e-08
1246 1.113641e-04 6.088285e-08
1247 1.113619e-04 6.029330e-08
1248 1.113597e-04 5.970946e-08
1249 1.113576e-04 5.913128e-08
1250 1.113555e-04 5.855869e-08
1251 1.113534e-04 5.799165e-08
1252 1.113513e-04 5.743010e-08
1253 1.113492e-04 5.687398e-08
1254 1.113471e-04 5.632325e-08
1255 1.113451e-04 5.577786e-08
1256 1.113431e-04 5.523774e-08
1257 1.113411e-04 5.470286e-08
1258 1.113392e-04 5.417315e-08
1259 1.113372e-04 5.364858e-08
1260 1.113353e-04 5.312908e-08
1261 1.113334e-04 5.261461e-08
1262 1.113315e-04 5.210513e-08
1263 1.113296e-04 5.160058e-08
1264 1.113278e-04 5.110092e-08
1265 1.113259e-04 5.060609e-08
1266 1.113241e-04 5.011605e-08
1267 1.113223e-04 4.963076e-08
1268 1.113205e-04 4.915017e-08
1269 1.113188e-04 4.867424e-08
1270 1.113170e-04 4.820291e-08
1271 1.113153e-04 4.773615e-08
1272 1.113136e-04 4.727390e-08
1273 1.113119e-04 4.681613e-08
1274 1.113102e-04 4.636280e-08
1275 1.113085e-04 4.591385e-08
1276 1.113069e-04 4.546925e-08
1277 1.113053e-04 4.502896e-08
1278 1.113037e-04 4.459293e-08
1279 1.113021e-04 4.416112e-08
1280 1.113005e-04 4.373350e-08
1281 1.112989e-04 4.331001e-08
1282 1.112974e-04 4.289063e-08
1283 1.112958e-04 4.247530e-08
1284 1.112943e-04 4.206400e-08
1285 1.112928e-04 4.165668e-08
1286 1.112913e-04 4.125331e-08
1287 1.112898e-04 4.085384e-08
1288 1.112884e-04 4.045824e-08
1289 1.112869e-04 4.006647e-08
1290 1.112855e-04 3.967849e-08
1291 1.112841e-04 3.929427e-08
1292 1.112827e-04 3.891377e-08
1293 1.112813e-04 3.853696e-08
1294 1.112799e-04 3.816379e-08
1295 1.112785e-04 3.779424e-08
1296 1.112772e-04 3.742827e-08
1297 1.112759e-04 3.706584e-08
1298 1.112745e-04 3.670692e-08
1299 1.112732e-04 3.635147e-08
1300 1.112719e-04 3.599947e-08
1301 1.112706e-04 3.565088e-08
1302 1.112694e-04 3.530566e-08
1303 1.112681e-04 3.496378e-08
1304 1.112669e-04 3.462522e-08
1305 1.112656e-04 3.428993e-08
1306 1.112644e-04 3.395789e-08
1307 1.112632e-04 3.362906e-08
1308 1.112620e-04 3.330342e-08
1309 1.112608e-04 3.298094e-08
1310 1.112596e-04 3.266157e-08
1311 1.112585e-04 3.234530e-08
1312 1.112573e-04 3.203209e-08
1313 1.112562e-04 3.172191e-08
1314 1.112550e-04 3.141474e-08
1315 1.112539e-04 3.111054e-08
1316 1.112528e-04 3.080929e-08
1317 1.112517e-04 3.051095e-08
1318 1.112506e-04 3.021550e-08
1319 1.112495e-04 2.992292e-08
1320 1.112485e-04 2.963316e-08
1321 1.112474e-04 2.934622e-08
1322 1.112464e-04 2.906205e-08
1323 1.112453e-04 2.878063e-08
1324 1.112443e-04 2.850194e-08
1325 1.112433e-04 2.822595e-08
1326 1.112423e-04 2.795263e-08
1327 1.112413e-04 2.768195e-08
1328 1.112403e-04 2.741390e-08
1329 1.112394e-04 2.714844e-08
1330 1.112384e-04 2.688555e-08
1331 1.112374e-04 2.662521e-08
1332 1.112365e-04 2.636739e-08
1333 1.112355e-04 2.611207e-08
1334 1.112346e-04 2.585922e-08
1335 1.112337e-04 2.560881e-08
1336 1.112328e-04 2.536084e-08
1337 1.112319e-04 2.511526e-08
1338 1.112310e-04 2.487206e-08
1339 1.112301e-04 2.463122e-08
1340 1.112292e-04 2.439270e-08
1341 1.112284e-04 2.415650e-08
1342 1.112275e-04 2.392259e-08
1343 1.112267e-04 2.369094e-08
1344 1.112258e-04 2.346153e-08
1345 1.112250e-04 2.323434e-08
1346 1.112242e-04 2.300936e-08
1347 1.112233e-04 2.278655e-08
1348 1.112225e-04 2.256590e-08
1349 1.112217e-04 2.234739e-08
1350 1.112209e-04 2.213099e-08
1351 1.112202e-04 2.191669e-08
1352 1.112194e-04 2.170446e-08
1353 1.112186e-04 2.149429e-08
1354 1.112178e-04 2.128616e-08
1355 1.112171e-04 2.108004e-08
1356 1.112163e-04 2.087591e-08
1357 1.112156e-04 2.067376e-08
1358 1.112149e-04 2.047357e-08
1359 1.112141e-04 2.027532e-08
1360 1.112134e-04 2.007899e-08
1361 1.112127e-04 1.988456e-08
1362 1.112120e-04 1.969201e-08
1363 1.112113e-04 1.950133e-08
1364 1.112106e-04 1.931249e-08
1365 1.112099e-04 1.912548e-08
1366 1.112093e-04 1.894028e-08
1367 1.112086e-04 1.875688e-08
1368 1.112079e-04 1.857525e-08
1369 1.112073e-04 1.839538e-08
1370 1.112066e-04 1.821725e-08
1371 1.112060e-04 1.804085e-08
1372 1.112053e-04 1.786615e-08
1373 1.112047e-04 1.769315e-08
1374 1.112041e-04 1.752182e-08
1375 1.112034e-04 1.735215e-08
1376 1.112028e-04 1.718412e-08
1377 1.112022e-04 1.701772e-08
1378 1.112016e-04 1.685294e-08
1379 1.112010e-04 1.668974e-08
1380 1.112004e-04 1.652813e-08
1381 1.111998e-04 1.636808e-08
1382 1.111993e-04 1.620959e-08
1383 1.111987e-04 1.605262e-08
1384 1.111981e-04 1.589718e-08
1385 1.111976e-04 1.574324e-08
1386 1.111970e-04 1.559080e-08
1387 1.111964e-04 1.543983e-08
1388 1.111959e-04 1.529032e-08
1389 1.111954e-04 1.514226e-08
1390 1.111948e-04 1.499563e-08
1391 1.111943e-04 1.485042e-08
1392 1.111938e-04 1.470662e-08
1393 1.111932e-04 1.456421e-08
1394 1.111927e-04 1.442318e-08
1395 1.111922e-04 1.428352e-08
1396 1.111917e-04 1.414521e-08
1397 1.111912e-04 1.400823e-08
1398 1.111907e-04 1.387259e-08
1399 1.111902e-04 1.373825e-08
1400 1.111897e-04 1.360522e-08
1401 1.111893e-04 1.347348e-08
1402 1.111888e-04 1.334301e-08
1403 1.111883e-04 1.321381e-08
1404 1.111878e-04 1.308585e-08
1405 1.111874e-04 1.295914e-08
1406 1.111869e-04 1.283365e-08
1407 1.111865e-04 1.270938e-08
1408 1.111860e-04 1.258631e-08
1409 1.111856e-04 1.246443e-08
1410 1.111851e-04 1.234374e-08
1411 1.111847e-04 1.222421e-08
1412 1.111843e-04 1.210584e-08
1413 1.111838e-04 1.198861e-08
1414 1.111834e-04 1.187252e-08
1415 1.111830e-04 1.175756e-08
1416 1.111826e-04 1.164370e-08
1417 1.111822e-04 1.153096e-08
1418 1.111818e-04 1.141930e-08
1419 1.111814e-04 1.130872e-08
1420 1.111810e-04 1.119921e-08
1421 1.111806e-04 1.109077e-08
1422 1.111802e-04 1.098337e-08
1423 1.111798e-04 1.087702e-08
1424 1.111794e-04 1.077169e-08
1425 1.111790e-04 1.066739e-08
1426 1.111786e-04 1.056409e-08
1427 1.111783e-04 1.046180e-08
1428 1.111779e-04 1.036049e-08
1429 1.111775e-04 1.026017e-08
1430 1.111772e-04 1.016081e-08
1431 1.111768e-04 1.006242e-08
1432 1.111765e-04 9.964987e-09
