err_l2 = 6.170093984940578e-5
steps = 3518
runtime_s = 9.205035924911499
err_max = 0.00014121222338681072
history_file = "history_nx64_ny64_nz64_M2_steps3518.txt"
mg_levels = 5
res_l2 = 9.990682e-9
exact_plot = "exact_nx64_ny64_nz64.png"
error_plot = "error_nx64_ny64_nz64_M2_steps3518.png"

[mg_coarsest_grid]
nz = 4
nx = 4
ny = 4
