# step err_l2 res_l2
0 2.463645e-01 1.000000e+00
1 2.301914e-01 1.196411e-01
2 2.242166e-01 7.287847e-02
3 2.196482e-01 5.311688e-02
4 2.158222e-01 4.213073e-02
5 2.124779e-01 3.518442e-02
6 2.094792e-01 3.038909e-02
7 2.067441e-01 2.686515e-02
8 2.042186e-01 2.415478e-02
9 2.018647e-01 2.199760e-02
10 1.996549e-01 2.023464e-02
11 1.975682e-01 1.876324e-02
12 1.955884e-01 1.751404e-02
13 1.937024e-01 1.643838e-02
14 1.918995e-01 1.550108e-02
15 1.901713e-01 1.467603e-02
16 1.885102e-01 1.394342e-02
17 1.869101e-01 1.328795e-02
18 1.853658e-01 1.269757e-02
19 1.838726e-01 1.216273e-02
20 1.824267e-01 1.167572e-02
21 1.810244e-01 1.123029e-02
22 1.796627e-01 1.082133e-02
23 1.783389e-01 1.044470e-02
24 1.770506e-01 1.009706e-02
25 1.757955e-01 9.775795e-03
26 1.745716e-01 9.479006e-03
27 1.733772e-01 9.205519e-03
28 1.722107e-01 8.955007e-03
29 1.710705e-01 8.728180e-03
30 1.699553e-01 8.527095e-03
31 1.688639e-01 8.355614e-03
32 1.677951e-01 8.220057e-03
33 1.667478e-01 8.130063e-03
34 1.657211e-01 8.099677e-03
35 1.647141e-01 8.148554e-03
36 1.637259e-01 8.303094e-03
37 1.627558e-01 8.597158e-03
38 1.618030e-01 9.072014e-03
39 1.608668e-01 9.775431e-03
40 1.599467e-01 1.076040e-02
41 1.590420e-01 1.208440e-02
42 1.581521e-01 1.381013e-02
43 1.572766e-01 1.600790e-02
44 1.564151e-01 1.875922e-02
45 1.555670e-01 2.216123e-02
46 1.547321e-01 2.633128e-02
47 1.539101e-01 3.141201e-02
48 1.531008e-01 3.757679e-02
49 1.523040e-01 4.503606e-02
50 1.515199e-01 5.404469e-02
51 1.507488e-01 6.491079e-02
52 1.499912e-01 7.800635e-02
53 1.492481e-01 9.377991e-02
54 1.485212e-01 1.127720e-01
55 1.478130e-01 1.356338e-01
56 1.471272e-01 1.631490e-01
57 1.464695e-01 1.962612e-01
58 1.458483e-01 2.361061e-01
59 1.452756e-01 2.840501e-01
60 1.447694e-01 3.417378e-01
61 1.443554e-01 4.111479e-01
62 1.440711e-01 4.946611e-01
63 1.439704e-01 5.951423e-01
64 1.441310e-01 7.160380e-01
65 1.446633e-01 8.614954e-01
66 1.457233e-01 1.036504e+00
67 1.475290e-01 1.247067e+00
68 1.503791e-01 1.500408e+00
69 1.546743e-01 1.805218e+00
70 1.609368e-01 2.171952e+00
71 1.698242e-01 2.613191e+00
72 1.821337e-01 3.144071e+00
73 1.987961e-01 3.782805e+00
74 2.208666e-01 4.551304e+00
75 2.495242e-01 5.475932e+00
76 2.860886e-01 6.588408e+00
77 3.320620e-01 7.926897e+00
78 3.891903e-01 9.537317e+00
79 4.595408e-01 1.147491e+01
80 5.455907e-01 1.380616e+01
81 6.503272e-01 1.661104e+01
82 7.773605e-01 1.998576e+01
83 9.310549e-01 2.404612e+01
84 1.116683e+00 2.893141e+01
85 1.340609e+00 3.480923e+01
86 1.610508e+00 4.188123e+01
87 1.935632e+00 5.039005e+01
88 2.327125e+00 6.062760e+01
89 2.798407e+00 7.294511e+01
90 3.365633e+00 8.776519e+01
91 4.048250e+00 1.055963e+02
92 4.869657e+00 1.270502e+02
93 5.858017e+00 1.528629e+02
94 7.047212e+00 1.839201e+02
95 8.478013e+00 2.212874e+02
96 1.019948e+01 2.662467e+02
97 1.227062e+01 3.203407e+02
98 1.476245e+01 3.854254e+02
99 1.776040e+01 4.637338e+02
100 2.136727e+01 5.579527e+02
101 2.570671e+01 6.713149e+02
102 3.092750e+01 8.077100e+02
103 3.720866e+01 9.718180e+02
104 4.476553e+01 1.169269e+03
105 5.385722e+01 1.406840e+03
106 6.479545e+01 1.692680e+03
107 7.795528e+01 2.036598e+03
108 9.378791e+01 2.450394e+03
109 1.128362e+02 2.948268e+03
110 1.357533e+02 3.547302e+03
111 1.633250e+02 4.268051e+03
112 1.964966e+02 5.135247e+03
113 2.364056e+02 6.178647e+03
114 2.844204e+02 7.434053e+03
115 3.421875e+02 8.944543e+03
116 4.116875e+02 1.076195e+04
117 4.953035e+02 1.294863e+04
118 5.959029e+02 1.557963e+04
119 7.169351e+02 1.874523e+04
120 8.625503e+02 2.255405e+04
121 1.037742e+03 2.713680e+04
122 1.248517e+03 3.265073e+04
123 1.502103e+03 3.928506e+04
124 1.807196e+03 4.726746e+04
125 2.174259e+03 5.687184e+04
126 2.615877e+03 6.842781e+04
127 3.147196e+03 8.233191e+04
128 3.786435e+03 9.906130e+04
129 4.555514e+03 1.191901e+05
130 5.480808e+03 1.434090e+05
131 6.594047e+03 1.725492e+05
132 7.933407e+03 2.076108e+05
133 9.544819e+03 2.497969e+05
134 1.148354e+04 3.005553e+05
135 1.381607e+04 3.616279e+05
136 1.662238e+04 4.351108e+05
137 1.999872e+04 5.235256e+05
138 2.406087e+04 6.299069e+05
139 2.894816e+04 7.579053e+05
140 3.482817e+04 9.119139e+05
141 4.190258e+04 1.097218e+06
142 5.041399e+04 1.320178e+06
143 6.065430e+04 1.588444e+06
144 7.297472e+04 1.911225e+06
145 8.779777e+04 2.299599e+06
146 1.056318e+05 2.766894e+06
147 1.270886e+05 3.329148e+06
148 1.529038e+05 4.005660e+06
149 1.839630e+05 4.819647e+06
150 2.213313e+05 5.799047e+06
151 2.662903e+05 6.977475e+06
152 3.203822e+05 8.395378e+06
153 3.854619e+05 1.010142e+07
154 4.637617e+05 1.215416e+07
155 5.579671e+05 1.462405e+07
156 6.713090e+05 1.759586e+07
157 8.076751e+05 2.117160e+07
158 9.717423e+05 2.547400e+07
159 1.169138e+06 3.065073e+07
160 1.406633e+06 3.687948e+07
161 1.692373e+06 4.437404e+07
162 2.036158e+06 5.339166e+07
163 2.449781e+06 6.424186e+07
164 2.947428e+06 7.729707e+07
165 3.546170e+06 9.300542e+07
166 4.266542e+06 1.119061e+08
167 5.133255e+06 1.346479e+08
168 6.176037e+06 1.620113e+08
169 7.430656e+06 1.949358e+08
170 8.940148e+06 2.345514e+08
171 1.075629e+07 2.822180e+08
172 1.294138e+07 3.395719e+08
173 1.557037e+07 4.085817e+08
174 1.873344e+07 4.916165e+08
175 2.253909e+07 5.915264e+08
176 2.711787e+07 7.117412e+08
177 3.262683e+07 8.563875e+08
178 3.925496e+07 1.030431e+09
179 4.722961e+07 1.239845e+09
180 5.682436e+07 1.491820e+09
181 6.836832e+07 1.795005e+09
182 8.225752e+07 2.159808e+09
183 9.896839e+07 2.598752e+09
184 1.190742e+08 3.126906e+09
185 1.432647e+08 3.762401e+09
186 1.723697e+08 4.527053e+09
187 2.073876e+08 5.447112e+09
188 2.495198e+08 6.554164e+09
189 3.002116e+08 7.886213e+09
190 3.612020e+08 9.488989e+09
191 4.345834e+08 1.141752e+10
192 5.228732e+08 1.373800e+10
193 6.291003e+08 1.653011e+10
194 7.569090e+08 1.988970e+10
195 9.106839e+08 2.393211e+10
196 1.095701e+09 2.879612e+10
197 1.318307e+09 3.464872e+10
198 1.586139e+09 4.169084e+10
199 1.908386e+09 5.016426e+10
200 2.296104e+09 6.035987e+10
201 2.762595e+09 7.262774e+10
202 3.323862e+09 8.738904e+10
203 3.999163e+09 1.051506e+11
204 4.811665e+09 1.265222e+11
205 5.789246e+09 1.522376e+11
206 6.965445e+09 1.831797e+11
207 8.380616e+09 2.204108e+11
208 1.008331e+10 2.652094e+11
209 1.213196e+10 3.191134e+11
210 1.459684e+10 3.839737e+11
211 1.756252e+10 4.620172e+11
212 2.113077e+10 5.559236e+11
213 2.542401e+10 6.689170e+11
214 3.058954e+10 8.048773e+11
215 3.680460e+10 9.684726e+11
216 4.428243e+10 1.165320e+12
217 5.327962e+10 1.402179e+12
218 6.410488e+10 1.687181e+12
219 7.712963e+10 2.030114e+12
220 9.280080e+10 2.442752e+12
221 1.116561e+11 2.939263e+12
222 1.343425e+11 3.536697e+12
223 1.616384e+11 4.255568e+12
224 1.944805e+11 5.120559e+12
225 2.339956e+11 6.161373e+12
226 2.815398e+11 7.413748e+12
227 3.387443e+11 8.920690e+12
228 4.075721e+11 1.073394e+13
229 4.903851e+11 1.291577e+13
230 5.900248e+11 1.554110e+13
231 7.099103e+11 1.870007e+13
232 8.541557e+11 2.250117e+13
233 1.027710e+12 2.707492e+13
234 1.236530e+12 3.257838e+13
235 1.487781e+12 3.920055e+13
236 1.790085e+12 4.716881e+13
237 2.153815e+12 5.675681e+13
238 2.591454e+12 6.829380e+13
239 3.118019e+12 8.217596e+13
240 3.751581e+12 9.888003e+13
241 4.513882e+12 1.189796e+14
242 5.431080e+12 1.431650e+14
243 6.534653e+12 1.722667e+14
244 7.862472e+12 2.072842e+14
245 9.460105e+12 2.494199e+14
246 1.138238e+13 3.001210e+14
247 1.369526e+13 3.611285e+14
248 1.647813e+13 4.345378e+14
249 1.982649e+13 5.228697e+14
250 2.385525e+13 6.291580e+14
251 2.870267e+13 7.570528e+14
252 3.453512e+13 9.109464e+14
253 4.155275e+13 1.096124e+15
254 4.999642e+13 1.318946e+15
255 6.015591e+13 1.587064e+15
256 7.237989e+13 1.909686e+15
257 8.708789e+13 2.297893e+15
258 1.047847e+14 2.765018e+15
259 1.260777e+14 3.327104e+15
260 1.516977e+14 4.003455e+15
261 1.825239e+14 4.817302e+15
262 2.196145e+14 5.796595e+15
263 2.642423e+14 6.974969e+15
264 3.179392e+14 8.392896e+15
265 3.825480e+14 1.009908e+16
266 4.602864e+14 1.215211e+16
267 5.538224e+14 1.462251e+16
268 6.663666e+14 1.759513e+16
269 8.017817e+14 2.117207e+16
270 9.647156e+14 2.547618e+16
271 1.160761e+15 3.065530e+16
272 1.396646e+15 3.688731e+16
273 1.680468e+15 4.438628e+16
274 2.021969e+15 5.340977e+16
275 2.432870e+15 6.426772e+16
276 2.927276e+15 7.733309e+16
277 3.522156e+15 9.305464e+16
278 4.237930e+15 1.119724e+17
279 5.099167e+15 1.347361e+17
280 6.135428e+15 1.621278e+17
281 7.382285e+15 1.950882e+17
282 8.882537e+15 2.347497e+17
283 1.068768e+16 2.824744e+17
284 1.285968e+16 3.399018e+17
285 1.547309e+16 4.090044e+17
286 1.861763e+16 4.921560e+17
287 2.240123e+16 5.922129e+17
288 2.695377e+16 7.126120e+17
289 3.243153e+16 8.574891e+17
290 3.902255e+16 1.031821e+18
291 4.695308e+16 1.241596e+18
292 5.649536e+16 1.494021e+18
293 6.797696e+16 1.797766e+18
294 8.179202e+16 2.163265e+18
295 9.841480e+16 2.603075e+18
296 1.184159e+17 3.132304e+18
297 1.424820e+17 3.769131e+18
298 1.714393e+17 4.535434e+18
299 2.062817e+17 5.457538e+18
300 2.482055e+17 6.567118e+18
301 2.986499e+17 7.902294e+18
302 3.593466e+17 9.508932e+18
303 4.323794e+17 1.144223e+19
304 5.202556e+17 1.376859e+19
305 6.259919e+17 1.656795e+19
306 7.532183e+17 1.993648e+19
307 9.063028e+17 2.398988e+19
308 1.090501e+18 2.886743e+19
309 1.312136e+18 3.473668e+19
310 1.578818e+18 4.179927e+19
311 1.899703e+18 5.029785e+19
312 2.285806e+18 6.052437e+19
313 2.750383e+18 7.283019e+19
314 3.309386e+18 8.763807e+19
315 3.982005e+18 1.054568e+20
316 4.791335e+18 1.268984e+20
317 5.765161e+18 1.526997e+20
318 6.936919e+18 1.837471e+20
319 8.346840e+18 2.211073e+20
320 1.004333e+19 2.660638e+20
321 1.208464e+19 3.201613e+20
322 1.454085e+19 3.852583e+20
323 1.749630e+19 4.635915e+20
324 2.105246e+19 5.578522e+20
325 2.533144e+19 6.712790e+20
326 3.048014e+19 8.077690e+20
327 3.667536e+19 9.720119e+20
328 4.412980e+19 1.169651e+21
329 5.309943e+19 1.407476e+21
330 6.389223e+19 1.693659e+21
331 7.687877e+19 2.038034e+21
332 9.250496e+19 2.452431e+21
333 1.113074e+20 2.951091e+21
334 1.339316e+20 3.551146e+21
335 1.611545e+20 4.273215e+21
336 1.939108e+20 5.142108e+21
337 2.333253e+20 6.187680e+21
338 2.807514e+20 7.445857e+21
339 3.378176e+20 8.959872e+21
340 4.064835e+20 1.078175e+22
341 4.891069e+20 1.297408e+22
342 5.885249e+20 1.561221e+22
343 7.081515e+20 1.878679e+22
344 8.520944e+20 2.260689e+22
345 1.025297e+21 2.720378e+22
346 1.233706e+21 3.273542e+22
347 1.484478e+21 3.939189e+22
348 1.786226e+21 4.740193e+22
349 2.149311e+21 5.704077e+22
350 2.586201e+21 6.863964e+22
351 3.111899e+21 8.259711e+22
352 3.744459e+21 9.939279e+22
353 4.505602e+21 1.196038e+23
354 5.421467e+21 1.439248e+23
355 6.523506e+21 1.731914e+23
356 7.849565e+21 2.084094e+23
357 9.445181e+21 2.507890e+23
358 1.136515e+22 3.017866e+23
359 1.367541e+22 3.631546e+23
360 1.645531e+22 4.370020e+23
361 1.980029e+22 5.258665e+23
362 2.382526e+22 6.328019e+23
363 2.866842e+22 7.614831e+23
364 3.449612e+22 9.163324e+23
365 4.150849e+22 1.102671e+24
366 4.994635e+22 1.326903e+24
367 6.009951e+22 1.596734e+24
368 7.231666e+22 1.921437e+24
369 8.701737e+22 2.312172e+24
370 1.047065e+23 2.782365e+24
371 1.259917e+23 3.348178e+24
372 1.516039e+23 4.029053e+24
373 1.824227e+23 4.848392e+24
374 2.195067e+23 5.834353e+24
375 2.641295e+23 7.020821e+24
376 3.178236e+23 8.448572e+24
377 3.824333e+23 1.016667e+25
378 4.601776e+23 1.223418e+25
379 5.537268e+23 1.472214e+25
380 6.662938e+23 1.771606e+25
381 8.017451e+23 2.131884e+25
382 9.647329e+23 2.565431e+25
383 1.160855e+24 3.087147e+25
384 1.396848e+24 3.714963e+25
385 1.680818e+24 4.470457e+25
386 2.022518e+24 5.379594e+25
387 2.433685e+24 6.473622e+25
388 2.928442e+24 7.790142e+25
389 3.523782e+24 9.374404e+25
390 4.240154e+24 1.128086e+26
391 5.102166e+24 1.357503e+26
392 6.139425e+24 1.633578e+26
393 7.387561e+24 1.965798e+26
394 8.889446e+24 2.365583e+26
395 1.069667e+25 2.846674e+26
396 1.287131e+25 3.425607e+26
397 1.548806e+25 4.122281e+26
398 1.863681e+25 4.960641e+26
399 2.242571e+25 5.969504e+26
400 2.698493e+25 7.183547e+26
401 3.247107e+25 8.644498e+26
402 3.907258e+25 1.040258e+27
403 4.701623e+25 1.251821e+27
404 5.657490e+25 1.506412e+27
405 6.807694e+25 1.812781e+27
406 8.191745e+25 2.181461e+27
407 9.857190e+25 2.625122e+27
408 1.186124e+26 3.159017e+27
409 1.427273e+26 3.801496e+27
410 1.717452e+26 4.574644e+27
411 2.066627e+26 5.505039e+27
412 2.486795e+26 6.624660e+27
413 2.992390e+26 7.971996e+27
414 3.600779e+26 9.593360e+27
415 4.332864e+26 1.154449e+28
416 5.213793e+26 1.389245e+28
417 6.273831e+26 1.671795e+28
418 7.549394e+26 2.011813e+28
419 9.084302e+26 2.420986e+28
420 1.093129e+27 2.913380e+28
421 1.315380e+27 3.505923e+28
422 1.582820e+27 4.218982e+28
423 1.904635e+27 5.077072e+28
424 2.291883e+27 6.109689e+28
425 2.757867e+27 7.352332e+28
426 3.318597e+27 8.847719e+28
427 3.993336e+27 1.064726e+29
428 4.805266e+27 1.281281e+29
429 5.782282e+27 1.541882e+29
430 6.957950e+27 1.855489e+29
431 8.372662e+27 2.232881e+29
432 1.007502e+28 2.687033e+29
433 1.212352e+28 3.233558e+29
434 1.458854e+28 3.891245e+29
435 1.755476e+28 4.682704e+29
436 2.112411e+28 5.635144e+29
437 2.541921e+28 6.781309e+29
438 3.058764e+28 8.160604e+29
439 3.680697e+28 9.820447e+29
440 4.429089e+28 1.181790e+30
441 5.329654e+28 1.422164e+30
442 6.413334e+28 1.711431e+30
443 7.717362e+28 2.059535e+30
444 9.286544e+28 2.478444e+30
445 1.117480e+29 2.982561e+30
446 1.344700e+29 3.589217e+30
447 1.618122e+29 4.319269e+30
448 1.947141e+29 5.197818e+30
449 2.343063e+29 6.255069e+30
450 2.819490e+29 7.527371e+30
451 3.392793e+29 9.058469e+30
452 4.082672e+29 1.090100e+31
453 4.912831e+29 1.311832e+31
454 5.911795e+29 1.578666e+31
455 7.113890e+29 1.899777e+31
456 8.560422e+29 2.286204e+31
457 1.030109e+30 2.751235e+31
458 1.239572e+30 3.310858e+31
459 1.491628e+30 3.984315e+31
460 1.794938e+30 4.794761e+31
461 2.159924e+30 5.770061e+31
462 2.599130e+30 6.943750e+31
463 3.127645e+30 8.356184e+31
464 3.763634e+30 1.005593e+32
465 4.528948e+30 1.210142e+32
466 5.449889e+30 1.456300e+32
467 6.558101e+30 1.752531e+32
468 7.891668e+30 2.109019e+32
469 9.496417e+30 2.538023e+32
470 1.142749e+31 3.054295e+32
471 1.375125e+31 3.675585e+32
472 1.654756e+31 4.423257e+32
473 1.991250e+31 5.323020e+32
474 2.396171e+31 6.405812e+32
475 2.883435e+31 7.708867e+32
476 3.469785e+31 9.276989e+32
477 4.175374e+31 1.116410e+33
478 5.024447e+31 1.343509e+33
479 6.046185e+31 1.616806e+33
480 7.275701e+31 1.945697e+33
481 8.755249e+31 2.341492e+33
482 1.053567e+32 2.817802e+33
483 1.267816e+32 3.391004e+33
484 1.525635e+32 4.080811e+33
485 1.835884e+32 4.910942e+33
486 2.209225e+32 5.909943e+33
487 2.658489e+32 7.112168e+33
488 3.199116e+32 8.558959e+33
489 3.849687e+32 1.030007e+34
490 4.632560e+32 1.239537e+34
491 5.574641e+32 1.491691e+34
492 6.708307e+32 1.795141e+34
493 8.072522e+32 2.160322e+34
494 9.714170e+32 2.599792e+34
495 1.168967e+33 3.128664e+34
496 1.406693e+33 3.765125e+34
497 1.692764e+33 4.531063e+34
498 2.037013e+33 5.452818e+34
499 2.451272e+33 6.562089e+34
500 2.949778e+33 7.897023e+34
501 3.549665e+33 9.503528e+34
502 4.271551e+33 1.143685e+35
503 5.140248e+33 1.376349e+35
504 6.185613e+33 1.656344e+35
505 7.443576e+33 1.993300e+35
506 8.957375e+33 2.398807e+35
507 1.077904e+34 2.886808e+35
508 1.297119e+34 3.474087e+35
509 1.560916e+34 4.180842e+35
510 1.878363e+34 5.031379e+35
511 2.260370e+34 6.054948e+35
512 2.720070e+34 7.286753e+35
513 3.273261e+34 8.769158e+35
514 3.938960e+34 1.055314e+36
515 4.740047e+34 1.270007e+36
516 5.704058e+34 1.528377e+36
517 6.864129e+34 1.839311e+36
518 8.260135e+34 2.213502e+36
519 9.940062e+34 2.663820e+36
520 1.196165e+35 3.205752e+36
521 1.439440e+35 3.857939e+36
522 1.732193e+35 4.642810e+36
523 2.084486e+35 5.587360e+36
524 2.508430e+35 6.724075e+36
525 3.018597e+35 8.092052e+36
526 3.632525e+35 9.738341e+36
527 4.371317e+35 1.171956e+37
528 5.260368e+35 1.410387e+37
529 6.330241e+35 1.697325e+37
530 7.617712e+35 2.042641e+37
531 9.167038e+35 2.458212e+37
532 1.103148e+36 2.958331e+37
533 1.327513e+36 3.560201e+37
534 1.597511e+36 4.284521e+37
535 1.922424e+36 5.156207e+37
536 2.313421e+36 6.205239e+37
537 2.783944e+36 7.467701e+37
538 3.350167e+36 8.987015e+37
539 4.031556e+36 1.081544e+38
540 4.851534e+36 1.301587e+38
541 5.838291e+36 1.566399e+38
542 7.025748e+36 1.885088e+38
543 8.454728e+36 2.268617e+38
544 1.017435e+37 2.730178e+38
545 1.224375e+37 3.285646e+38
546 1.473405e+37 3.954129e+38
547 1.773086e+37 4.758621e+38
548 2.133723e+37 5.726794e+38
549 2.567712e+37 6.891951e+38
550 3.089974e+37 8.294171e+38
551 3.718464e+37 9.981688e+38
552 4.474788e+37 1.201255e+39
553 5.384949e+37 1.445661e+39
554 6.480238e+37 1.739795e+39
555 7.798310e+37 2.093774e+39
556 9.384481e+37 2.519775e+39
557 1.129328e+38 3.032452e+39
558 1.359034e+38 3.649440e+39
559 1.635463e+38 4.391963e+39
560 1.968119e+38 5.285564e+39
561 2.368439e+38 6.360982e+39
562 2.850186e+38 7.655211e+39
563 3.429923e+38 9.212773e+39
564 4.127583e+38 1.108725e+40
565 4.967152e+38 1.334312e+40
566 5.977496e+38 1.605799e+40
567 7.193352e+38 1.932525e+40
568 8.656525e+38 2.325729e+40
569 1.041732e+39 2.798939e+40
570 1.253628e+39 3.368433e+40
571 1.508626e+39 4.053802e+40
572 1.815493e+39 4.878625e+40
573 2.184781e+39 5.871275e+40
574 2.629186e+39 7.065903e+40
575 3.163989e+39 8.503604e+40
576 3.807579e+39 1.023384e+41
577 4.582083e+39 1.231613e+41
578 5.514133e+39 1.482212e+41
579 6.635776e+39 1.783801e+41
580 7.985579e+39 2.146756e+41
581 9.609954e+39 2.583563e+41
582 1.156475e+40 3.109250e+41
583 1.391720e+40 3.741903e+41
584 1.674816e+40 4.503286e+41
585 2.015501e+40 5.419593e+41
586 2.425486e+40 6.522349e+41
587 2.918871e+40 7.849492e+41
588 3.512621e+40 9.446680e+41
589 4.227151e+40 1.136886e+42
590 5.087032e+40 1.368218e+42
591 6.121832e+40 1.646620e+42
592 7.367133e+40 1.981672e+42
593 8.865757e+40 2.384901e+42
594 1.066924e+41 2.870180e+42
595 1.283959e+41 3.454205e+42
596 1.545144e+41 4.157068e+42
597 1.859461e+41 5.002953e+42
598 2.237718e+41 6.020962e+42
599 2.692923e+41 7.246120e+42
600 3.240728e+41 8.720579e+42
601 3.899972e+41 1.049507e+43
602 4.693325e+41 1.263064e+43
603 5.648068e+41 1.520078e+43
604 6.797033e+41 1.829390e+43
605 8.179732e+41 2.201643e+43
606 9.843714e+41 2.649646e+43
607 1.184620e+42 3.188811e+43
608 1.425606e+42 3.837691e+43
609 1.715615e+42 4.618611e+43
610 2.064622e+42 5.558440e+43
611 2.484628e+42 6.689515e+43
612 2.990078e+42 8.050753e+43
613 3.598353e+42 9.688991e+43
614 4.330372e+42 1.166060e+44
615 5.211310e+42 1.403341e+44
616 6.271462e+42 1.688907e+44
617 7.547287e+42 2.032584e+44
618 9.082661e+42 2.446197e+44
619 1.093039e+43 2.943977e+44
620 1.315401e+43 3.543054e+44
621 1.583000e+43 4.264039e+44
622 1.905040e+43 5.131741e+44
623 2.292595e+43 6.176017e+44
624 2.758994e+43 7.432799e+44
625 3.320277e+43 8.945333e+44
626 3.995748e+43 1.076566e+45
627 4.808638e+43 1.295643e+45
628 5.786904e+43 1.559300e+45
629 6.964191e+43 1.876612e+45
630 8.380988e+43 2.258497e+45
631 1.008602e+44 2.718095e+45
632 1.213794e+44 3.271221e+45
633 1.460731e+44 3.936908e+45
634 1.757905e+44 4.738064e+45
635 2.115539e+44 5.702256e+45
636 2.545931e+44 6.862662e+45
637 3.063886e+44 8.259214e+45
638 3.687217e+44 9.939969e+45
639 4.437364e+44 1.196276e+46
640 5.340126e+44 1.439720e+46
641 6.426554e+44 1.732706e+46
642 7.734016e+44 2.085315e+46
643 9.307480e+44 2.509683e+46
644 1.120107e+45 3.020412e+46
645 1.347990e+45 3.635076e+46
646 1.622237e+45 4.374830e+46
647 1.952281e+45 5.265128e+46
648 2.349472e+45 6.336608e+46
649 2.827473e+45 7.626142e+46
650 3.402725e+45 9.178108e+46
651 4.095014e+45 1.104591e+47
652 4.928152e+45 1.329383e+47
653 5.930797e+45 1.599922e+47
654 7.137436e+45 1.925519e+47
655 8.589572e+45 2.317378e+47
656 1.033715e+46 2.788984e+47
657 1.244030e+46 3.356568e+47
658 1.497134e+46 4.039662e+47
659 1.801734e+46 4.861773e+47
660 2.168308e+46 5.851195e+47
661 2.609464e+46 7.041977e+47
662 3.140378e+46 8.475099e+47
663 3.779312e+46 1.019988e+48
664 4.548244e+46 1.227568e+48
665 5.473623e+46 1.477394e+48
666 6.587282e+46 1.778063e+48
667 7.927529e+46 2.139923e+48
668 9.540465e+46 2.575427e+48
669 1.148157e+47 3.099564e+48
670 1.381763e+47 3.730372e+48
671 1.662899e+47 4.489559e+48
672 2.001236e+47 5.403256e+48
673 2.408413e+47 6.502906e+48
674 2.898436e+47 7.826356e+48
675 3.488163e+47 9.419153e+48
676 4.197880e+47 1.133612e+49
677 5.052000e+47 1.364322e+49
678 6.079907e+47 1.641986e+49
679 7.316960e+47 1.976162e+49
680 8.805714e+47 2.378349e+49
681 1.059738e+48 2.862390e+49
682 1.275361e+48 3.444943e+49
683 1.534855e+48 4.146060e+49
684 1.847150e+48 4.989871e+49
685 2.222987e+48 6.005416e+49
686 2.675296e+48 7.227650e+49
687 3.219638e+48 8.698638e+49
688 3.874739e+48 1.046901e+50
689 4.663135e+48 1.259969e+50
690 5.611949e+48 1.516403e+50
691 6.753822e+48 1.825027e+50
692 8.128038e+48 2.196465e+50
693 9.781872e+48 2.643500e+50
694 1.177222e+49 3.181520e+50
695 1.416756e+49 3.829041e+50
696 1.705029e+49 4.608351e+50
697 2.051960e+49 5.546273e+50
698 2.469483e+49 6.675089e+50
699 2.971962e+49 8.033653e+50
700 3.576686e+49 9.668725e+50
701 4.304458e+49 1.163658e+51
702 5.180317e+49 1.400496e+51
703 6.234396e+49 1.685538e+51
704 7.502960e+49 2.028595e+51
705 9.029652e+49 2.441475e+51
706 1.086700e+50 2.938389e+51
707 1.307821e+50 3.536441e+51
708 1.573937e+50 4.256218e+51
709 1.894202e+50 5.122493e+51
710 2.279637e+50 6.165084e+51
711 2.743501e+50 7.419879e+51
712 3.301754e+50 8.930068e+51
713 3.973603e+50 1.074763e+52
714 4.782164e+50 1.293514e+52
715 5.755255e+50 1.556788e+52
716 6.926357e+50 1.873649e+52
717 8.335764e+50 2.255001e+52
718 1.003197e+51 2.713974e+52
719 1.207332e+51 3.266365e+52
720 1.453008e+51 3.931188e+52
721 1.748675e+51 4.731329e+52
722 2.104507e+51 5.694330e+52
723 2.532748e+51 6.853339e+52
724 3.048131e+51 8.248253e+52
725 3.668390e+51 9.927087e+52
726 4.414866e+51 1.194763e+53
727 5.313244e+51 1.437944e+53
728 6.394435e+51 1.730623e+53
729 7.695639e+51 2.082873e+53
730 9.261630e+51 2.506822e+53
731 1.114629e+52 3.017062e+53
732 1.341447e+52 3.631159e+53
733 1.614420e+52 4.370250e+53
734 1.942943e+52 5.259779e+53
735 2.338318e+52 6.330366e+53
736 2.814151e+52 7.618866e+53
737 3.386813e+52 9.169634e+53
738 4.076011e+52 1.103605e+54
739 4.905459e+52 1.328237e+54
740 5.903697e+52 1.598593e+54
741 7.105074e+52 1.923978e+54
742 8.550931e+52 2.315594e+54
743 1.029102e+53 2.786923e+54
744 1.238521e+53 3.354189e+54
745 1.490557e+53 4.036922e+54
746 1.793883e+53 4.858624e+54
747 2.158936e+53 5.847583e+54
748 2.598277e+53 7.037843e+54
749 3.127025e+53 8.470381e+54
750 3.763375e+53 1.019451e+55
751 4.529223e+53 1.226959e+55
752 5.450924e+53 1.476706e+55
753 6.560195e+53 1.777288e+55
754 7.895207e+53 2.139055e+55
755 9.501899e+53 2.574460e+55
756 1.143556e+54 3.098493e+55
757 1.376274e+54 3.729194e+55
758 1.656350e+54 4.488277e+55
759 1.993424e+54 5.401874e+55
760 2.399095e+54 6.501437e+55
761 2.887323e+54 7.824821e+55
762 3.474909e+54 9.417586e+55
763 4.182074e+54 1.133457e+56
764 5.033153e+54 1.364176e+56
765 6.057434e+54 1.641860e+56
766 7.290166e+54 1.976068e+56
767 8.773771e+54 2.378306e+56
768 1.055931e+55 2.862422e+56
769 1.270822e+55 3.445084e+56
770 1.529445e+55 4.146352e+56
771 1.840702e+55 4.990369e+56
772 2.215303e+55 6.006192e+56
773 2.666141e+55 7.228795e+56
774 3.208729e+55 8.700271e+56
775 3.861742e+55 1.047128e+57
776 4.647652e+55 1.260280e+57
777 5.593506e+55 1.516820e+57
778 6.731855e+55 1.825583e+57
779 8.101876e+55 2.197198e+57
780 9.750717e+55 2.644459e+57
781 1.173512e+56 3.182765e+57
782 1.412339e+56 3.830651e+57
783 1.699771e+56 4.610422e+57
784 2.045701e+56 5.548925e+57
785 2.462033e+56 6.678474e+57
786 2.963096e+56 8.037957e+57
787 3.566136e+56 9.674183e+57
788 4.291905e+56 1.164349e+58
789 5.165383e+56 1.401367e+58
790 6.216632e+56 1.686635e+58
791 7.481830e+56 2.029972e+58
792 9.004524e+56 2.443202e+58
793 1.083712e+57 2.940552e+58
794 1.304268e+57 3.539145e+58
795 1.569713e+57 4.259593e+58
796 1.889182e+57 5.126700e+58
797 2.273670e+57 6.170323e+58
798 2.736411e+57 7.426394e+58
799 3.293330e+57 8.938161e+58
800 3.963597e+57 1.075768e+59
801 4.770278e+57 1.294759e+59
802 5.741141e+57 1.558331e+59
803 6.909598e+57 1.875557e+59
804 8.315867e+57 2.257362e+59
805 1.000835e+58 2.716891e+59
806 1.204530e+58 3.269967e+59
807 1.449682e+58 3.935634e+59
808 1.744729e+58 4.736811e+59
809 2.099827e+58 5.701086e+59
810 2.527198e+58 6.861661e+59
811 3.041551e+58 8.258497e+59
812 3.660590e+58 9.939692e+59
813 4.405622e+58 1.196313e+60
814 5.302291e+58 1.439850e+60
815 6.381459e+58 1.732964e+60
816 7.680271e+58 2.085748e+60
817 9.243433e+58 2.510351e+60
818 1.112475e+59 3.021392e+60
819 1.338897e+59 3.636470e+60
820 1.611404e+59 4.376762e+60
821 1.939375e+59 5.267760e+60
822 2.334099e+59 6.340145e+60
823 2.809163e+59 7.630843e+60
824 3.380919e+59 9.184298e+60
825 4.069047e+59 1.105400e+61
826 4.897233e+59 1.330434e+61
827 5.893985e+59 1.601279e+61
828 7.093612e+59 1.927263e+61
829 8.537407e+59 2.319611e+61
830 1.027507e+60 2.791832e+61
831 1.236641e+60 3.360189e+61
832 1.488341e+60 4.044251e+61
833 1.791273e+60 4.867576e+61
834 2.155862e+60 5.858513e+61
835 2.594660e+60 7.051188e+61
836 3.122770e+60 8.486668e+61
837 3.758372e+60 1.021439e+62
838 4.523344e+60 1.229384e+62
839 5.444020e+60 1.479663e+62
840 6.552090e+60 1.780895e+62
841 7.885699e+60 2.143453e+62
842 9.490753e+60 2.579821e+62
843 1.142250e+61 3.105027e+62
844 1.374745e+61 3.737157e+62
845 1.654562e+61 4.497979e+62
846 1.991333e+61 5.413693e+62
847 2.396653e+61 6.515833e+62
848 2.884473e+61 7.842354e+62
849 3.471587e+61 9.438935e+62
850 4.178204e+61 1.136056e+63
851 5.028650e+61 1.367340e+63
852 6.052201e+61 1.645710e+63
853 7.284092e+61 1.980754e+63
854 8.766731e+61 2.384008e+63
855 1.055116e+62 2.869359e+63
856 1.269880e+62 3.453523e+63
857 1.528358e+62 4.156616e+63
858 1.839450e+62 5.002850e+63
859 2.213864e+62 6.021370e+63
860 2.664489e+62 7.247249e+63
861 3.206839e+62 8.722705e+63
862 3.859584e+62 1.049855e+64
863 4.645196e+62 1.263594e+64
864 5.590719e+62 1.520849e+64
865 6.728704e+62 1.830478e+64
866 8.098328e+62 2.203145e+64
867 9.746741e+62 2.651684e+64
868 1.173069e+63 3.191543e+64
869 1.411848e+63 3.841312e+64
870 1.699231e+63 4.623370e+64
871 2.045112e+63 5.564650e+64
872 2.461398e+63 6.697569e+64
873 2.962421e+63 8.061143e+64
874 3.565429e+63 9.702333e+64
875 4.291183e+63 1.167766e+65
876 5.164667e+63 1.405516e+65
877 6.215955e+63 1.691670e+65
878 7.481237e+63 2.036083e+65
879 9.004077e+63 2.450619e+65
880 1.083690e+64 2.949551e+65
881 1.304281e+64 3.550065e+65
882 1.569774e+64 4.272842e+65
883 1.889311e+64 5.142774e+65
884 2.273893e+64 6.189822e+65
885 2.736759e+64 7.450046e+65
886 3.293846e+64 8.966850e+65
887 3.964333e+64 1.079247e+66
888 4.771304e+64 1.298979e+66
889 5.742543e+64 1.563448e+66
890 6.911487e+64 1.881763e+66
891 8.318382e+64 2.264886e+66
892 1.001167e+65 2.726013e+66
893 1.204964e+65 3.281026e+66
894 1.450247e+65 3.949041e+66
895 1.745460e+65 4.753063e+66
896 2.100767e+65 5.720785e+66
897 2.528402e+65 6.885538e+66
898 3.043087e+65 8.287435e+66
899 3.662545e+65 9.974763e+66
900 4.408101e+65 1.200563e+67
901 5.305426e+65 1.445000e+67
902 6.385415e+65 1.739204e+67
903 7.685253e+65 2.093309e+67
904 9.249693e+65 2.519512e+67
905 1.113260e+66 3.032491e+67
906 1.339880e+66 3.649914e+67
907 1.612633e+66 4.393049e+67
908 1.940909e+66 5.287488e+67
909 2.336012e+66 6.364041e+67
910 2.811545e+66 7.659786e+67
911 3.383881e+66 9.219352e+67
912 4.072727e+66 1.109645e+68
913 4.901800e+66 1.335575e+68
914 5.899648e+66 1.607505e+68
915 7.100627e+66 1.934802e+68
916 8.546090e+66 2.328739e+68
917 1.028581e+67 2.802885e+68
918 1.237968e+67 3.373570e+68
919 1.489980e+67 4.060452e+68
920 1.793295e+67 4.887189e+68
921 2.158356e+67 5.882257e+68
922 2.597734e+67 7.079930e+68
923 3.126556e+67 8.521461e+68
924 3.763033e+67 1.025650e+69
925 4.529079e+67 1.234481e+69
926 5.451073e+67 1.485833e+69
927 6.560760e+67 1.788362e+69
928 7.896351e+67 2.152489e+69
929 9.503834e+67 2.590757e+69
930 1.143856e+68 3.118262e+69
931 1.376715e+68 3.753172e+69
932 1.656979e+68 4.517358e+69
933 1.994297e+68 5.437142e+69
934 2.400285e+68 6.544205e+69
935 2.888924e+68 7.876681e+69
936 3.477038e+68 9.480467e+69
937 4.184878e+68 1.141081e+70
938 5.036820e+68 1.373419e+70
939 6.062198e+68 1.653064e+70
940 7.296321e+68 1.989650e+70
941 8.781686e+68 2.394769e+70
942 1.056944e+69 2.882377e+70
943 1.272114e+69 3.469268e+70
944 1.531089e+69 4.175661e+70
945 1.842786e+69 5.025886e+70
946 2.217939e+69 6.049230e+70
947 2.669465e+69 7.280945e+70
948 3.212914e+69 8.763457e+70
949 3.866999e+69 1.054783e+71
950 4.654243e+69 1.269554e+71
951 5.601757e+69 1.528056e+71
952 6.742169e+69 1.839193e+71
953 8.114749e+69 2.213684e+71
954 9.766763e+69 2.664428e+71
955 1.175510e+70 3.206951e+71
956 1.414823e+70 3.859943e+71
957 1.702857e+70 4.645897e+71
958 2.049529e+70 5.591886e+71
959 2.466780e+70 6.730497e+71
960 2.968976e+70 8.100953e+71
961 3.573412e+70 9.750461e+71
962 4.300903e+70 1.173584e+72
963 5.176501e+70 1.412549e+72
964 6.230360e+70 1.700172e+72
965 7.498770e+70 2.046361e+72
966 9.025413e+70 2.463043e+72
967 1.086286e+71 2.964569e+72
968 1.307439e+71 3.568217e+72
969 1.573617e+71 4.294782e+72
970 1.893985e+71 5.169293e+72
971 2.279576e+71 6.221874e+72
972 2.743670e+71 7.488785e+72
973 3.302249e+71 9.013669e+72
974 3.974548e+71 1.084906e+73
975 4.783722e+71 1.305817e+73
976 5.757635e+71 1.571712e+73
977 6.929829e+71 1.891749e+73
978 8.340671e+71 2.276954e+73
979 1.003875e+72 2.740597e+73
980 1.208254e+72 3.298649e+73
981 1.454244e+72 3.970335e+73
982 1.750315e+72 4.778794e+73
983 2.106664e+72 5.751877e+73
984 2.535563e+72 6.923105e+73
985 3.051783e+72 8.332826e+73
986 3.673103e+72 1.002961e+74
987 4.420920e+72 1.207190e+74
988 5.320989e+72 1.453005e+74
989 6.404306e+72 1.748876e+74
990 7.708183e+72 2.104994e+74
991 9.277523e+72 2.533629e+74
992 1.116637e+73 3.049545e+74
993 1.343979e+73 3.670517e+74
994 1.617606e+73 4.417938e+74
995 1.946943e+73 5.317555e+74
996 2.343332e+73 6.400361e+74
997 2.820425e+73 7.703659e+74
998 3.394653e+73 9.272349e+74
999 4.085792e+73 1.116047e+75
1000 4.917647e+73 1.343307e+75
1001 5.918866e+73 1.616845e+75
1002 7.123932e+73 1.946083e+75
1003 8.574350e+73 2.342365e+75
1004 1.032007e+74 2.819343e+75
1005 1.242122e+74 3.393448e+75
1006 1.495017e+74 4.084460e+75
1007 1.799401e+74 4.916184e+75
1008 2.165758e+74 5.917275e+75
1009 2.606705e+74 7.122222e+75
1010 3.137431e+74 8.572536e+75
1011 3.776213e+74 1.031818e+76
1012 4.545052e+74 1.241930e+76
1013 5.470429e+74 1.494828e+76
1014 6.584215e+74 1.799225e+76
1015 7.924772e+74 2.165608e+76
1016 9.538271e+74 2.606599e+76
1017 1.148028e+75 3.137391e+76
1018 1.381770e+75 3.776271e+76
1019 1.663102e+75 4.545250e+76
1020 2.001715e+75 5.470822e+76
1021 2.409271e+75 6.584873e+76
1022 2.899808e+75 7.925785e+76
1023 3.490220e+75 9.539757e+76
1024 4.200844e+75 1.148239e+77
1025 5.056156e+75 1.382062e+77
1026 6.085614e+75 1.663500e+77
1027 7.324677e+75 2.002250e+77
1028 8.816023e+75 2.409982e+77
1029 1.061102e+76 2.900743e+77
1030 1.277149e+76 3.491443e+77
1031 1.537184e+76 4.202432e+77
1032 1.850165e+76 5.058206e+77
1033 2.226872e+76 6.088249e+77
1034 2.680280e+76 7.328049e+77
1035 3.226005e+76 8.820323e+77
1036 3.882846e+76 1.061648e+78
1037 4.673426e+76 1.277841e+78
1038 5.624975e+76 1.538060e+78
1039 6.770270e+76 1.851270e+78
1040 8.148759e+76 2.228262e+78
1041 9.807924e+76 2.682025e+78
1042 1.180491e+77 3.228194e+78
1043 1.420851e+77 3.885585e+78
1044 1.710151e+77 4.676848e+78
1045 2.058356e+77 5.629246e+78
1046 2.477460e+77 6.775593e+78
1047 2.981899e+77 8.155385e+78
1048 3.589048e+77 9.816162e+78
1049 4.319821e+77 1.181514e+79
1050 5.199389e+77 1.422121e+79
1051 6.258049e+77 1.711725e+79
1052 7.532268e+77 2.060305e+79
1053 9.065935e+77 2.479872e+79
1054 1.091188e+78 2.984881e+79
1055 1.313369e+78 3.592732e+79
1056 1.580789e+78 4.324369e+79
1057 1.902660e+78 5.205000e+79
1058 2.290069e+78 6.264968e+79
1059 2.756361e+78 7.540793e+79
1060 3.317597e+78 9.076435e+79
1061 3.993111e+78 1.092480e+80
1062 4.806171e+78 1.314959e+80
1063 5.784784e+78 1.582744e+80
1064 6.962659e+78 1.905063e+80
1065 8.380371e+78 2.293020e+80
1066 1.008676e+79 2.759985e+80
1067 1.214059e+79 3.322045e+80
1068 1.461263e+79 3.998568e+80
1069 1.758801e+79 4.812864e+80
1070 2.116925e+79 5.792988e+80
1071 2.547969e+79 6.972714e+80
1072 3.066783e+79 8.392689e+80
1073 3.691237e+79 1.010184e+81
1074 4.442843e+79 1.215906e+81
1075 5.347492e+79 1.463523e+81
1076 6.436346e+79 1.761567e+81
1077 7.746914e+79 2.120307e+81
1078 9.324341e+79 2.552105e+81
1079 1.122297e+80 3.071839e+81
1080 1.350820e+80 3.697417e+81
1081 1.625875e+80 4.450394e+81
1082 1.956938e+80 5.356715e+81
1083 2.355412e+80 6.447609e+81
1084 2.835025e+80 7.760666e+81
1085 3.412299e+80 9.341129e+81
1086 4.107120e+80 1.124345e+82
1087 4.943422e+80 1.353319e+82
1088 5.950016e+80 1.628924e+82
1089 7.161577e+80 1.960657e+82
1090 8.619842e+80 2.359947e+82
1091 1.037505e+81 2.840555e+82
1092 1.248766e+81 3.419039e+82
1093 1.503045e+81 4.115334e+82
1094 1.809101e+81 4.953432e+82
1095 2.177479e+81 5.962211e+82
1096 2.620869e+81 7.176432e+82
1097 3.154544e+81 8.637935e+82
1098 3.796890e+81 1.039708e+83
1099 4.570035e+81 1.251448e+83
1100 5.500614e+81 1.506310e+83
1101 6.620684e+81 1.813076e+83
1102 7.968832e+81 2.182316e+83
1103 9.591501e+81 2.626755e+83
1104 1.154459e+82 3.161705e+83
1105 1.389539e+82 3.805602e+83
1106 1.672488e+82 4.580632e+83
1107 2.013053e+82 5.513501e+83
1108 2.422968e+82 6.636356e+83
1109 2.916353e+82 7.987887e+83
1110 3.510206e+82 9.614668e+83
1111 4.224987e+82 1.157275e+84
1112 5.085318e+82 1.392962e+84
1113 6.120839e+82 1.676648e+84
1114 7.367225e+82 2.018108e+84
1115 8.867414e+82 2.429110e+84
1116 1.067309e+83 2.923816e+84
1117 1.284646e+83 3.519272e+84
1118 1.546239e+83 4.235999e+84
1119 1.861102e+83 5.098693e+84
1120 2.240081e+83 6.137083e+84
1121 2.696232e+83 7.386951e+84
1122 3.245271e+83 8.891365e+84
1123 3.906113e+83 1.070217e+85
1124 4.701525e+83 1.288176e+85
1125 5.658909e+83 1.550525e+85
1126 6.811250e+83 1.866304e+85
1127 8.198247e+83 2.246394e+85
1128 9.867685e+83 2.703894e+85
1129 1.187708e+84 3.254569e+85
1130 1.429566e+84 3.917395e+85
1131 1.720674e+84 4.715213e+85
1132 2.071063e+84 5.675516e+85
1133 2.492803e+84 6.831395e+85
1134 3.000425e+84 8.222684e+85
1135 3.611418e+84 9.897325e+85
1136 4.346831e+84 1.191303e+86
1137 5.232001e+84 1.433925e+86
1138 6.297425e+84 1.725961e+86
1139 7.579810e+84 2.077474e+86
1140 9.123336e+84 2.500577e+86
1141 1.098118e+85 3.009850e+86
1142 1.321736e+85 3.622844e+86
1143 1.590891e+85 4.360683e+86
1144 1.914856e+85 5.248793e+86
1145 2.304793e+85 6.317778e+86
1146 2.774136e+85 7.604479e+86
1147 3.339056e+85 9.153234e+86
1148 4.019017e+85 1.101742e+87
1149 4.837445e+85 1.326127e+87
1150 5.822537e+85 1.596211e+87
1151 7.008235e+85 1.921303e+87
1152 8.435388e+85 2.312604e+87
1153 1.015317e+86 2.783600e+87
1154 1.222076e+86 3.350522e+87
1155 1.470940e+86 4.032907e+87
1156 1.770483e+86 4.854271e+87
1157 2.131025e+86 5.842919e+87
1158 2.564989e+86 7.032922e+87
1159 3.087327e+86 8.465289e+87
1160 3.716035e+86 1.018938e+88
1161 4.472774e+86 1.226462e+88
1162 5.383619e+86 1.476251e+88
1163 6.479951e+86 1.776914e+88
1164 7.799544e+86 2.138813e+88
1165 9.387864e+86 2.574419e+88
1166 1.129964e+87 3.098744e+88
1167 1.360073e+87 3.729858e+88
1168 1.637043e+87 4.489510e+88
1169 1.970416e+87 5.403879e+88
1170 2.371679e+87 6.504477e+88
1171 2.854658e+87 7.829233e+88
1172 3.435993e+87 9.423801e+88
1173 4.135714e+87 1.134313e+89
1174 4.977931e+87 1.365338e+89
1175 5.991662e+87 1.643415e+89
1176 7.211836e+87 1.978128e+89
1177 8.680494e+87 2.381013e+89
1178 1.044824e+88 2.865953e+89
1179 1.257598e+88 3.449661e+89
1180 1.513703e+88 4.152253e+89
1181 1.821964e+88 4.997944e+89
1182 2.193000e+88 6.015877e+89
1183 2.639598e+88 7.241135e+89
1184 3.177145e+88 8.715943e+89
1185 3.824162e+88 1.049113e+90
1186 4.602944e+88 1.262787e+90
1187 5.540323e+88 1.519980e+90
1188 6.668599e+88 1.829557e+90
1189 8.026648e+88 2.202186e+90
1190 9.661263e+88 2.650710e+90
1191 1.162877e+89 3.190585e+90
1192 1.399695e+89 3.840419e+90
1193 1.684742e+89 4.622607e+90
1194 2.027839e+89 5.564106e+90
1195 2.440808e+89 6.697363e+90
1196 2.937878e+89 8.061436e+90
1197 3.536178e+89 9.703334e+90
1198 4.256322e+89 1.167965e+91
1199 5.123124e+89 1.405848e+91
1200 6.166452e+89 1.692182e+91
1201 7.422257e+89 2.036836e+91
1202 8.933808e+89 2.451687e+91
1203 1.075319e+90 2.951032e+91
1204 1.294310e+90 3.552083e+91
1205 1.557898e+90 4.275552e+91
1206 1.875168e+90 5.146374e+91
1207 2.257050e+90 6.194562e+91
1208 2.716704e+90 7.456241e+91
1209 3.269969e+90 8.974894e+91
1210 3.935908e+90 1.080286e+92
1211 4.737468e+90 1.300314e+92
1212 5.702270e+90 1.565157e+92
1213 6.863559e+90 1.883942e+92
1214 8.261349e+90 2.267656e+92
1215 9.943807e+90 2.729525e+92
1216 1.196891e+91 3.285465e+92
1217 1.440643e+91 3.954638e+92
1218 1.734037e+91 4.760107e+92
1219 2.087182e+91 5.729632e+92
1220 2.512248e+91 6.896629e+92
1221 3.023881e+91 8.301317e+92
1222 3.639711e+91 9.992111e+92
1223 4.380959e+91 1.202728e+93
1224 5.273168e+91 1.447698e+93
1225 6.347083e+91 1.742562e+93
1226 7.639707e+91 2.097484e+93
1227 9.195585e+91 2.524697e+93
1228 1.106833e+92 3.038924e+93
1229 1.332247e+92 3.657889e+93
1230 1.603569e+92 4.402925e+93
1231 1.930149e+92 5.299709e+93
1232 2.323238e+92 6.379151e+93
1233 2.796385e+92 7.678454e+93
1234 3.365891e+92 9.242400e+93
1235 4.051383e+92 1.112489e+94
1236 4.876483e+92 1.339081e+94
1237 5.869622e+92 1.611826e+94
1238 7.065023e+92 1.940123e+94
1239 8.503881e+92 2.335288e+94
1240 1.023578e+93 2.810942e+94
1241 1.232039e+93 3.383477e+94
1242 1.482956e+93 4.072628e+94
1243 1.784975e+93 4.902146e+94
1244 2.148504e+93 5.900622e+94
1245 2.586069e+93 7.102471e+94
1246 3.112750e+93 8.549115e+94
1247 3.746696e+93 1.029042e+95
1248 4.509752e+93 1.238639e+95
1249 5.428214e+93 1.490928e+95
1250 6.533733e+93 1.794604e+95
1251 7.864404e+93 2.160133e+95
1252 9.466084e+93 2.600115e+95
1253 1.139397e+94 3.129715e+95
1254 1.371449e+94 3.767185e+95
1255 1.650762e+94 4.534497e+95
1256 1.986961e+94 5.458100e+95
1257 2.391631e+94 6.569825e+95
1258 2.878718e+94 7.907992e+95
1259 3.465008e+94 9.518723e+95
1260 4.170704e+94 1.145754e+96
1261 5.020125e+94 1.379126e+96
1262 6.042544e+94 1.660032e+96
1263 7.273194e+94 1.998155e+96
1264 8.754484e+94 2.405149e+96
1265 1.053746e+95 2.895041e+96
1266 1.268357e+95 3.484718e+96
1267 1.526677e+95 4.194504e+96
1268 1.837608e+95 5.048863e+96
1269 2.211866e+95 6.077244e+96
1270 2.662346e+95 7.315092e+96
1271 3.204575e+95 8.805073e+96
1272 3.857238e+95 1.059854e+97
1273 4.642827e+95 1.275732e+97
1274 5.588415e+95 1.535581e+97
1275 6.726589e+95 1.848359e+97
1276 8.096571e+95 2.224845e+97
1277 9.745575e+95 2.678016e+97
1278 1.173043e+96 3.223493e+97
1279 1.411953e+96 3.880078e+97
1280 1.699523e+96 4.670400e+97
1281 2.045660e+96 5.621702e+97
1282 2.462296e+96 6.766774e+97
1283 2.963787e+96 8.145083e+97
1284 3.567417e+96 9.804138e+97
1285 4.293987e+96 1.180112e+98
1286 5.168538e+96 1.420487e+98
1287 6.221209e+96 1.709824e+98
1288 7.488277e+96 2.058096e+98
1289 9.013408e+96 2.477307e+98
1290 1.084916e+97 2.981907e+98
1291 1.305881e+97 3.589288e+98
1292 1.571850e+97 4.320388e+98
1293 1.891988e+97 5.200405e+98
1294 2.277330e+97 6.259672e+98
1295 2.741155e+97 7.534703e+98
1296 3.299448e+97 9.069445e+98
1297 3.971449e+97 1.091680e+99
1298 4.780318e+97 1.314044e+99
1299 5.753930e+97 1.581702e+99
1300 6.925841e+97 1.903880e+99
1301 8.336438e+97 2.291682e+99
1302 1.003434e+98 2.758477e+99
1303 1.207805e+98 3.320353e+99
1304 1.453801e+98 3.996679e+99
1305 1.749900e+98 4.810767e+99
1306 2.106306e+98 5.790679e+99
1307 2.535303e+98 6.970190e+99
1308 3.051676e+98 8.389959e+99
1309 3.673220e+98 1.009892e+100
1310 4.421356e+98 1.215599e+100
1311 5.321869e+98 1.463207e+100
1312 6.405793e+98 1.761251e+100
1313 7.710485e+98 2.120005e+100
1314 9.280910e+98 2.551834e+100
1315 1.117119e+99 3.071623e+100
1316 1.344648e+99 3.697291e+100
1317 1.618518e+99 4.450402e+100
1318 1.948169e+99 5.356919e+100
1319 2.344962e+99 6.448086e+100
1320 2.822573e+99 7.761519e+100
1321 3.397461e+99 9.342490e+100
1322 4.089440e+99 1.124550e+101
1323 4.922359e+99 1.353613e+101
1324 5.924924e+99 1.629336e+101
1325 7.131688e+99 1.961222e+101
1326 8.584243e+99 2.360712e+101
1327 1.033265e+100 2.841576e+101
1328 1.243717e+100 3.420389e+101
1329 1.497033e+100 4.117104e+101
1330 1.801944e+100 4.955736e+101
1331 2.168958e+100 5.965195e+101
1332 2.610725e+100 7.180275e+101
1333 3.142471e+100 8.642863e+101
1334 3.782522e+100 1.040337e+102
1335 4.552937e+100 1.252249e+102
1336 5.480270e+100 1.507327e+102
1337 6.596480e+100 1.814363e+102
1338 7.940040e+100 2.183942e+102
1339 9.557254e+100 2.628802e+102
1340 1.150386e+101 3.164279e+102
1341 1.384695e+101 3.808831e+102
1342 1.666729e+101 4.584677e+102
1343 2.006206e+101 5.518560e+102
1344 2.414829e+101 6.642672e+102
1345 2.906680e+101 7.995764e+102
1346 3.498712e+101 9.624477e+102
1347 4.211328e+101 1.158496e+103
1348 5.069092e+101 1.394478e+103
1349 6.101565e+101 1.678530e+103
1350 7.344333e+101 2.020442e+103
1351 8.840231e+101 2.432001e+103
1352 1.064081e+102 2.927395e+103
1353 1.280814e+102 3.523699e+103
1354 1.541692e+102 4.241470e+103
1355 1.855705e+102 5.105450e+103
1356 2.233678e+102 6.145422e+103
1357 2.688637e+102 7.397236e+103
1358 3.236263e+102 8.904043e+103
1359 3.895431e+102 1.071779e+104
1360 4.688860e+102 1.290099e+104
1361 5.643897e+102 1.552891e+104
1362 6.793458e+102 1.869213e+104
1363 8.177167e+102 2.249971e+104
1364 9.842714e+102 2.708288e+104
1365 1.184751e+103 3.259966e+104
1366 1.426064e+103 3.924020e+104
1367 1.716529e+103 4.723342e+104
1368 2.066158e+103 5.685487e+104
1369 2.487000e+103 6.843621e+104
1370 2.993561e+103 8.237668e+104
1371 3.603301e+103 9.915684e+104
1372 4.337235e+103 1.193551e+105
1373 5.220661e+103 1.436679e+105
1374 6.284028e+103 1.729331e+105
1375 7.563986e+103 2.081598e+105
1376 9.104654e+103 2.505621e+105
1377 1.095913e+104 3.016019e+105
1378 1.319134e+104 3.630386e+105
1379 1.587822e+104 4.369901e+105
1380 1.911238e+104 5.260056e+105
1381 2.300530e+104 6.331539e+105
1382 2.769114e+104 7.621284e+105
1383 3.333144e+104 9.173755e+105
1384 4.012058e+104 1.104247e+106
1385 4.829258e+104 1.329184e+106
1386 5.812911e+104 1.599942e+106
1387 6.996922e+104 1.925854e+106
1388 8.422101e+104 2.318156e+106
1389 1.013757e+105 2.790370e+106
1390 1.220246e+105 3.358777e+106
1391 1.468794e+105 4.042969e+106
1392 1.767969e+105 4.866535e+106
1393 2.128082e+105 5.857864e+106
1394 2.561545e+105 7.051130e+106
1395 3.083300e+105 8.487469e+106
1396 3.711331e+105 1.021640e+107
1397 4.467284e+105 1.229752e+107
1398 5.377217e+105 1.480257e+107
1399 6.472493e+105 1.781791e+107
1400 7.790864e+105 2.144749e+107
1401 9.377774e+105 2.581643e+107
1402 1.128792e+106 3.107535e+107
1403 1.358714e+106 3.740554e+107
1404 1.635470e+106 4.502521e+107
1405 1.968597e+106 5.419706e+107
1406 2.369579e+106 6.523726e+107
1407 2.852238e+106 7.852642e+107
1408 3.433209e+106 9.452265e+107
1409 4.132519e+106 1.137774e+108
1410 4.974271e+106 1.369545e+108
1411 5.987481e+106 1.648528e+108
1412 7.207072e+106 1.984343e+108
1413 8.675083e+106 2.388564e+108
1414 1.044212e+107 2.875129e+108
1415 1.256908e+107 3.460810e+108
1416 1.512928e+107 4.165797e+108
1417 1.821098e+107 5.014396e+108
1418 2.192040e+107 6.035860e+108
1419 2.638539e+107 7.265403e+108
1420 3.175987e+107 8.745412e+108
1421 3.822909e+107 1.052691e+109
1422 4.601604e+107 1.267131e+109
1423 5.538913e+107 1.525255e+109
1424 6.667145e+107 1.835960e+109
1425 8.025191e+107 2.209958e+109
1426 9.659860e+107 2.660142e+109
1427 1.162750e+108 3.202033e+109
1428 1.399594e+108 3.854310e+109
1429 1.684681e+108 4.639463e+109
1430 2.027838e+108 5.584557e+109
1431 2.440895e+108 6.722174e+109
1432 2.938089e+108 8.091535e+109
1433 3.536558e+108 9.739845e+109
1434 4.256932e+108 1.172393e+110
1435 5.124041e+108 1.411219e+110
1436 6.167777e+108 1.698696e+110
1437 7.424115e+108 2.044735e+110
1438 8.936363e+108 2.461265e+110
1439 1.075665e+109 2.962647e+110
1440 1.294772e+109 3.566164e+110
1441 1.558510e+109 4.292624e+110
1442 1.875970e+109 5.167070e+110
1443 2.258095e+109 6.219649e+110
1444 2.718057e+109 7.486650e+110
1445 3.271712e+109 9.011751e+110
1446 3.938144e+109 1.084753e+111
1447 4.740326e+109 1.305728e+111
1448 5.705909e+109 1.571717e+111
1449 6.868178e+109 1.891891e+111
1450 8.267196e+109 2.277288e+111
1451 9.951190e+109 2.741195e+111
1452 1.197821e+110 3.299604e+111
1453 1.441812e+110 3.971768e+111
1454 1.735504e+110 4.780858e+111
1455 2.089020e+110 5.754769e+111
1456 2.514547e+110 6.927077e+111
1457 3.026752e+110 8.338197e+111
1458 3.643291e+110 1.003678e+112
1459 4.385419e+110 1.208138e+112
1460 5.278716e+110 1.454249e+112
1461 6.353977e+110 1.750496e+112
1462 7.648265e+110 2.107092e+112
1463 9.206198e+110 2.536330e+112
1464 1.108148e+111 3.053010e+112
1465 1.333875e+111 3.674944e+112
1466 1.605583e+111 4.423573e+112
1467 1.932637e+111 5.324707e+112
1468 2.326312e+111 6.409413e+112
1469 2.800178e+111 7.715088e+112
1470 3.370570e+111 9.286745e+112
1471 4.057151e+111 1.117857e+113
1472 4.883587e+111 1.345578e+113
1473 5.878369e+111 1.619689e+113
1474 7.075787e+111 1.949640e+113
1475 8.517119e+111 2.346807e+113
1476 1.025205e+112 2.824881e+113
1477 1.234039e+112 3.400346e+113
1478 1.485412e+112 4.093041e+113
1479 1.787990e+112 4.926847e+113
1480 2.152203e+112 5.930511e+113
1481 2.590607e+112 7.138635e+113
1482 3.118314e+112 8.592871e+113
1483 3.753515e+112 1.034336e+114
1484 4.518107e+112 1.245044e+114
1485 5.438448e+112 1.498676e+114
1486 6.546264e+112 1.803977e+114
1487 7.879743e+112 2.171473e+114
1488 9.484853e+112 2.613832e+114
1489 1.141693e+113 3.146307e+114
1490 1.374257e+113 3.787255e+114
1491 1.654195e+113 4.558773e+114
1492 1.991157e+113 5.487461e+114
1493 2.396758e+113 6.605337e+114
1494 2.884982e+113 7.950941e+114
1495 3.472658e+113 9.570665e+114
1496 4.180045e+113 1.152035e+115
1497 5.031529e+113 1.386722e+115
1498 6.056462e+113 1.669218e+115
1499 7.290178e+113 2.009263e+115
1500 8.775205e+113 2.418581e+115
1501 1.056274e+114 2.911283e+115
1502 1.271439e+114 3.504357e+115
1503 1.530435e+114 4.218249e+115
1504 1.842189e+114 5.077572e+115
1505 2.217449e+114 6.111954e+115
1506 2.669150e+114 7.357056e+115
1507 3.212865e+114 8.855806e+115
1508 3.867337e+114 1.065988e+116
1509 4.655127e+114 1.283147e+116
1510 5.603394e+114 1.544544e+116
1511 6.744827e+114 1.859193e+116
1512 8.118774e+114 2.237942e+116
1513 9.772602e+114 2.693848e+116
1514 1.176332e+115 3.242629e+116
1515 1.415956e+115 3.903207e+116
1516 1.704393e+115 4.698356e+116
1517 2.051585e+115 5.655491e+116
1518 2.469503e+115 6.807612e+116
1519 2.972552e+115 8.194439e+116
1520 3.578076e+115 9.863788e+116
1521 4.306948e+115 1.187321e+117
1522 5.184296e+115 1.429199e+117
1523 6.240364e+115 1.720352e+117
1524 7.511560e+115 2.070819e+117
1525 9.041706e+115 2.492681e+117
1526 1.088355e+116 3.000485e+117
1527 1.310060e+116 3.611737e+117
1528 1.576926e+116 4.347513e+117
1529 1.898156e+116 5.233181e+117
1530 2.284822e+116 6.299275e+117
1531 2.750254e+116 7.582553e+117
1532 3.310499e+116 9.127258e+117
1533 3.984869e+116 1.098665e+118
1534 4.796613e+116 1.322484e+118
1535 5.773715e+116 1.591898e+118
1536 6.949860e+116 1.916198e+118
1537 8.365595e+116 2.306563e+118
1538 1.006973e+117 2.776454e+118
1539 1.212100e+117 3.342071e+118
1540 1.459014e+117 4.022915e+118
1541 1.756226e+117 4.842460e+118
1542 2.113982e+117 5.828963e+118
1543 2.544617e+117 7.016436e+118
1544 3.062975e+117 8.445821e+118
1545 3.686927e+117 1.016640e+119
1546 4.437984e+117 1.223750e+119
1547 5.342037e+117 1.473052e+119
1548 6.430255e+117 1.773142e+119
1549 7.740151e+117 2.134366e+119
1550 9.316886e+117 2.569180e+119
1551 1.121482e+118 3.092573e+119
1552 1.349937e+118 3.722593e+119
1553 1.624931e+118 4.480961e+119
1554 1.955944e+118 5.393825e+119
1555 2.354388e+118 6.492658e+119
1556 2.833998e+118 7.815347e+119
1557 3.411310e+118 9.407495e+119
1558 4.106226e+118 1.132400e+120
1559 4.942703e+118 1.363093e+120
1560 5.949579e+118 1.640784e+120
1561 7.161566e+118 1.975046e+120
1562 8.620448e+118 2.377405e+120
1563 1.037652e+119 2.861733e+120
1564 1.249032e+119 3.444729e+120
1565 1.503473e+119 4.146494e+120
1566 1.809745e+119 4.991225e+120
1567 2.178409e+119 6.008045e+120
1568 2.622174e+119 7.232014e+120
1569 3.156339e+119 8.705333e+120
1570 3.799319e+119 1.047880e+121
1571 4.573282e+119 1.261356e+121
1572 5.504909e+119 1.518322e+121
1573 6.626320e+119 1.827638e+121
1574 7.976176e+119 2.199969e+121
1575 9.601013e+119 2.648152e+121
1576 1.155685e+120 3.187639e+121
1577 1.391111e+120 3.837033e+121
1578 1.674497e+120 4.618724e+121
1579 2.015611e+120 5.559662e+121
1580 2.426215e+120 6.692292e+121
1581 2.920464e+120 8.055665e+121
1582 3.515398e+120 9.696789e+121
1583 4.231527e+120 1.167225e+122
1584 5.093541e+120 1.405015e+122
1585 6.131158e+120 1.691250e+122
1586 7.380151e+120 2.035797e+122
1587 8.883581e+120 2.450536e+122
1588 1.069328e+121 2.949767e+122
1589 1.287164e+121 3.550704e+122
1590 1.549376e+121 4.274067e+122
1591 1.865003e+121 5.144796e+122
1592 2.244929e+121 6.192913e+122
1593 2.702251e+121 7.454557e+122
1594 3.252735e+121 8.973229e+122
1595 3.915361e+121 1.080129e+123
1596 4.712973e+121 1.300177e+123
1597 5.673070e+121 1.565055e+123
1598 6.828753e+121 1.883895e+123
1599 8.219864e+121 2.267690e+123
1600 9.894365e+121 2.729674e+123
1601 1.190999e+122 3.285775e+123
1602 1.433622e+122 3.955169e+123
1603 1.725671e+122 4.760934e+123
1604 2.077215e+122 5.730855e+123
1605 2.500374e+122 6.898372e+123
1606 3.009737e+122 8.303742e+123
1607 3.622864e+122 9.995423e+123
1608 4.360895e+122 1.203174e+124
1609 5.249274e+122 1.448291e+124
1610 6.318630e+122 1.743344e+124
1611 7.605830e+122 2.098508e+124
1612 9.155253e+122 2.526027e+124
1613 1.102032e+123 3.040643e+124
1614 1.326533e+123 3.660100e+124
1615 1.596768e+123 4.405757e+124
1616 1.922054e+123 5.303323e+124
1617 2.313607e+123 6.383746e+124
1618 2.784925e+123 7.684281e+124
1619 3.352259e+123 9.249769e+124
1620 4.035167e+123 1.113419e+125
1621 4.857196e+123 1.340251e+125
1622 5.846685e+123 1.613296e+125
1623 7.037751e+123 1.941966e+125
1624 8.471456e+123 2.337596e+125
1625 1.019723e+124 2.813826e+125
1626 1.227458e+124 3.387077e+125
1627 1.477511e+124 4.077115e+125
1628 1.778505e+124 4.907732e+125
1629 2.140816e+124 5.907569e+125
1630 2.576937e+124 7.111099e+125
1631 3.101903e+124 8.559822e+125
1632 3.733814e+124 1.030369e+126
1633 4.494456e+124 1.240283e+126
1634 5.410055e+124 1.492962e+126
1635 6.512178e+124 1.797119e+126
1636 7.838823e+124 2.163241e+126
1637 9.435730e+124 2.603953e+126
1638 1.135796e+125 3.134450e+126
1639 1.367177e+125 3.773023e+126
1640 1.645696e+125 4.541693e+126
1641 1.980954e+125 5.466961e+126
1642 2.384510e+125 6.580733e+126
1643 2.870278e+125 7.921411e+126
1644 3.455007e+125 9.535224e+126
1645 4.158855e+125 1.147782e+127
1646 5.006091e+125 1.381617e+127
1647 6.025925e+125 1.663091e+127
1648 7.253518e+125 2.001910e+127
1649 8.731196e+125 2.409755e+127
1650 1.050991e+126 2.900691e+127
1651 1.265097e+126 3.491644e+127
1652 1.522822e+126 4.202992e+127
1653 1.833050e+126 5.059261e+127
1654 2.206477e+126 6.089978e+127
1655 2.655979e+126 7.330681e+127
1656 3.197054e+126 8.824152e+127
1657 3.848356e+126 1.062189e+128
1658 4.632342e+126 1.278587e+128
1659 5.576042e+126 1.539073e+128
1660 6.711992e+126 1.852627e+128
1661 8.079358e+126 2.230061e+128
1662 9.725285e+126 2.684389e+128
1663 1.170652e+127 3.231278e+128
1664 1.409138e+127 3.889584e+128
1665 1.696208e+127 4.682007e+128
1666 2.041760e+127 5.635870e+128
1667 2.457708e+127 6.784064e+128
1668 2.958393e+127 8.166179e+128
1669 3.561079e+127 9.829873e+128
1670 4.286545e+127 1.183251e+129
1671 5.159803e+127 1.424315e+129
1672 6.210963e+127 1.714490e+129
1673 7.476266e+127 2.063783e+129
1674 8.999340e+127 2.484238e+129
1675 1.083270e+128 2.990353e+129
1676 1.303955e+128 3.599578e+129
1677 1.569598e+128 4.332921e+129
1678 1.889359e+128 5.215669e+129
1679 2.274262e+128 6.278259e+129
1680 2.737578e+128 7.557332e+129
1681 3.295282e+128 9.096992e+129
1682 3.966603e+128 1.095033e+130
1683 4.774687e+128 1.318125e+130
1684 5.747396e+128 1.586667e+130
1685 6.918267e+128 1.909920e+130
1686 8.327671e+128 2.299030e+130
1687 1.002420e+129 2.767414e+130
1688 1.206636e+129 3.331222e+130
1689 1.452454e+129 4.009896e+130
1690 1.748352e+129 4.826837e+130
1691 2.104531e+129 5.810215e+130
1692 2.533272e+129 6.993938e+130
1693 3.049357e+129 8.418823e+130
1694 3.670580e+129 1.013400e+131
1695 4.418361e+129 1.219862e+131
1696 5.318483e+129 1.468386e+131
1697 6.401981e+129 1.767543e+131
1698 7.706213e+129 2.127648e+131
1699 9.276148e+129 2.561117e+131
1700 1.116592e+130 3.082899e+131
1701 1.344068e+130 3.710984e+131
1702 1.617886e+130 4.467030e+131
1703 1.947487e+130 5.377107e+131
1704 2.344236e+130 6.472597e+131
1705 2.821813e+130 7.791274e+131
1706 3.396684e+130 9.378608e+131
1707 4.088670e+130 1.128933e+132
1708 4.921630e+130 1.358934e+132
1709 5.924285e+130 1.635793e+132
1710 7.131205e+130 1.969057e+132
1711 8.584004e+130 2.370218e+132
1712 1.033277e+131 2.853109e+132
1713 1.243781e+131 3.434381e+132
1714 1.497170e+131 4.134077e+132
1715 1.802181e+131 4.976324e+132
1716 2.169329e+131 5.990166e+132
1717 2.611275e+131 7.210560e+132
1718 3.143257e+131 8.679590e+132
1719 3.783617e+131 1.044791e+133
1720 4.554434e+131 1.257650e+133
1721 5.482287e+131 1.513875e+133
1722 6.599166e+131 1.822301e+133
1723 7.943583e+131 2.193565e+133
1724 9.561893e+131 2.640468e+133
1725 1.150989e+132 3.178420e+133
1726 1.385475e+132 3.825970e+133
1727 1.667732e+132 4.605449e+133
1728 2.007492e+132 5.543735e+133
1729 2.416469e+132 6.673181e+133
1730 2.908767e+132 8.032734e+133
1731 3.501358e+132 9.669274e+133
1732 4.214675e+132 1.163923e+134
1733 5.073314e+132 1.401054e+134
1734 6.106881e+132 1.686497e+134
1735 7.351013e+132 2.030094e+134
1736 8.848608e+132 2.443693e+134
1737 1.065130e+133 2.941557e+134
1738 1.282125e+133 3.540854e+134
1739 1.543328e+133 4.262247e+134
1740 1.857745e+133 5.130614e+134
1741 2.236218e+133 6.175897e+134
1742 2.691795e+133 7.434141e+134
1743 3.240186e+133 8.948734e+134
1744 3.900299e+133 1.077190e+135
1745 4.694896e+133 1.296651e+135
1746 5.651373e+133 1.560824e+135
1747 6.802711e+133 1.878819e+135
1748 8.188608e+133 2.261600e+135
1749 9.856852e+133 2.722367e+135
1750 1.186496e+134 3.277008e+135
1751 1.428218e+134 3.944650e+135
1752 1.719185e+134 4.748314e+135
1753 2.069431e+134 5.715713e+135
1754 2.491031e+134 6.880206e+135
1755 2.998524e+134 8.281947e+135
1756 3.609406e+134 9.969274e+135
1757 4.344743e+134 1.200037e+136
1758 5.229889e+134 1.444527e+136
1759 6.295364e+134 1.738829e+136
1760 7.577907e+134 2.093090e+136
1761 9.121740e+134 2.519527e+136
1762 1.098010e+135 3.032845e+136
1763 1.321705e+135 3.650745e+136
1764 1.590974e+135 4.394533e+136
1765 1.915101e+135 5.289857e+136
1766 2.305262e+135 6.367591e+136
1767 2.774910e+135 7.664900e+136
1768 3.340239e+135 9.226517e+136
1769 4.020742e+135 1.110629e+137
1770 4.839883e+135 1.336905e+137
1771 5.825907e+135 1.609281e+137
1772 7.012813e+135 1.937150e+137
1773 8.441528e+135 2.331818e+137
1774 1.016131e+136 2.806894e+137
1775 1.223147e+136 3.378761e+137
1776 1.472338e+136 4.067138e+137
1777 1.772296e+136 4.895764e+137
1778 2.133365e+136 5.893211e+137
1779 2.567995e+136 7.093874e+137
1780 3.091171e+136 8.539158e+137
1781 3.720935e+136 1.027890e+138
1782 4.479000e+136 1.237309e+138
1783 5.391506e+136 1.489395e+138
1784 6.489917e+136 1.792840e+138
1785 7.812107e+136 2.158108e+138
1786 9.403668e+136 2.597794e+138
1787 1.131948e+137 3.127062e+138
1788 1.362560e+137 3.764161e+138
1789 1.640154e+137 4.531061e+138
1790 1.974304e+137 5.454208e+138
1791 2.376529e+137 6.565434e+138
1792 2.860700e+137 7.903060e+138
1793 3.443512e+137 9.513210e+138
1794 4.145061e+137 1.145141e+139
1795 4.989537e+137 1.378449e+139
1796 6.006060e+137 1.659291e+139
1797 7.229679e+137 1.997352e+139
1798 8.702588e+137 2.404288e+139
1799 1.047557e+138 2.894132e+139
1800 1.260977e+138 3.483777e+139
1801 1.517878e+138 4.193555e+139
1802 1.827117e+138 5.047941e+139
1803 2.199357e+138 6.076399e+139
1804 2.647435e+138 7.314394e+139
1805 3.186801e+138 8.804616e+139
1806 3.836052e+138 1.059845e+140
1807 4.617577e+138 1.275776e+140
1808 5.558323e+138 1.535701e+140
1809 6.690729e+138 1.848582e+140
1810 8.053843e+138 2.225210e+140
1811 9.694666e+138 2.678571e+140
1812 1.166978e+139 3.224299e+140
1813 1.404728e+139 3.881213e+140
1814 1.690916e+139 4.671967e+140
1815 2.035410e+139 5.623827e+140
1816 2.450089e+139 6.769619e+140
1817 2.949251e+139 8.148854e+140
1818 3.550108e+139 9.809092e+140
1819 4.273380e+139 1.180759e+141
1820 5.144005e+139 1.421325e+141
1821 6.192006e+139 1.710905e+141
1822 7.453519e+139 2.059483e+141
1823 8.972043e+139 2.479080e+141
1824 1.079994e+140 2.984166e+141
1825 1.300024e+140 3.592158e+141
1826 1.564882e+140 4.324022e+141
1827 1.883700e+140 5.204996e+141
1828 2.267471e+140 6.265458e+141
1829 2.729430e+140 7.541980e+141
1830 3.285505e+140 9.078579e+141
1831 3.954871e+140 1.092825e+142
1832 4.760609e+140 1.315476e+142
1833 5.730503e+140 1.583491e+142
1834 6.897997e+140 1.906111e+142
1835 8.303349e+140 2.294462e+142
1836 9.995019e+140 2.761935e+142
1837 1.203134e+141 3.324651e+142
1838 1.448253e+141 4.002015e+142
1839 1.743310e+141 4.817386e+142
1840 2.098481e+141 5.798880e+142
1841 2.526013e+141 6.980344e+142
1842 3.040647e+141 8.402521e+142
1843 3.660129e+141 1.011445e+143
1844 4.405822e+141 1.217517e+143
1845 5.303437e+141 1.465575e+143
1846 6.383928e+141 1.764171e+143
1847 7.684552e+141 2.123604e+143
1848 9.250158e+141 2.556268e+143
1849 1.113473e+142 3.077084e+143
1850 1.340326e+142 3.704010e+143
1851 1.613396e+142 4.458667e+143
1852 1.942100e+142 5.367079e+143
1853 2.337773e+142 6.460572e+143
1854 2.814058e+142 7.776853e+143
1855 3.387379e+142 9.361315e+143
1856 4.077506e+142 1.126860e+144
1857 4.908236e+142 1.356447e+144
1858 5.908214e+142 1.632811e+144
1859 7.111923e+142 1.965481e+144
1860 8.560870e+142 2.365931e+144
1861 1.030502e+143 2.847968e+144
1862 1.240451e+143 3.428216e+144
1863 1.493175e+143 4.126685e+144
1864 1.797387e+143 4.967460e+144
1865 2.163578e+143 5.979537e+144
1866 2.604375e+143 7.197816e+144
1867 3.134978e+143 8.664308e+144
1868 3.773684e+143 1.042959e+145
1869 4.542517e+143 1.255453e+145
1870 5.467989e+143 1.511240e+145
1871 6.582012e+143 1.819143e+145
1872 7.923003e+143 2.189778e+145
1873 9.537201e+143 2.635927e+145
1874 1.148027e+144 3.172975e+145
1875 1.381921e+144 3.819442e+145
1876 1.663468e+144 4.597622e+145
1877 2.002376e+144 5.534350e+145
1878 2.410332e+144 6.661929e+145
1879 2.901404e+144 8.019243e+145
1880 3.492525e+144 9.653099e+145
1881 4.204078e+144 1.161984e+146
1882 5.060601e+144 1.398729e+146
1883 6.091629e+144 1.683709e+146
1884 7.332715e+144 2.026752e+146
1885 8.826656e+144 2.439687e+146
1886 1.062497e+145 2.936754e+146
1887 1.278966e+145 3.535095e+146
1888 1.539538e+145 4.255343e+146
1889 1.853199e+145 5.122337e+146
1890 2.230763e+145 6.165974e+146
1891 2.685251e+145 7.422244e+146
1892 3.232336e+145 8.934471e+146
1893 3.890882e+145 1.075480e+147
1894 4.683598e+145 1.294601e+147
1895 5.637820e+145 1.558367e+147
1896 6.786452e+145 1.875873e+147
1897 8.169104e+145 2.258068e+147
1898 9.833454e+145 2.718133e+147
1899 1.183689e+146 3.271933e+147
1900 1.424851e+146 3.938567e+147
1901 1.715146e+146 Inf
