# step err_l2 res_l2
0 2.460291e-01 1.000000e+00
1 2.166028e-01 1.276688e+00
2 1.924530e-01 8.477607e-01
3 1.747203e-01 4.620540e-01
4 1.628590e-01 3.570645e-01
5 1.530678e-01 2.369042e-01
6 1.448968e-01 1.548960e-01
7 1.380188e-01 1.271165e-01
8 1.318088e-01 1.022463e-01
9 1.262274e-01 8.554066e-02
10 1.211730e-01 7.649798e-02
11 1.165020e-01 6.890609e-02
12 1.121778e-01 6.261101e-02
13 1.081542e-01 5.768189e-02
14 1.043804e-01 5.341442e-02
15 1.008293e-01 4.964126e-02
16 9.747501e-02 4.638440e-02
17 9.429314e-02 4.351335e-02
18 9.126609e-02 4.095442e-02
19 8.837845e-02 3.868602e-02
20 8.561660e-02 3.665987e-02
21 8.296956e-02 3.483777e-02
22 8.042787e-02 3.319573e-02
23 7.798330e-02 3.170750e-02
24 7.562890e-02 3.035071e-02
25 7.335864e-02 2.910807e-02
26 7.116725e-02 2.796380e-02
27 6.905014e-02 2.690444e-02
28 6.700327e-02 2.591895e-02
29 6.502304e-02 2.499782e-02
30 6.310624e-02 2.413296e-02
31 6.124999e-02 2.331766e-02
32 5.945169e-02 2.254619e-02
33 5.770893e-02 2.181373e-02
34 5.601954e-02 2.111622e-02
35 5.438150e-02 2.045021e-02
36 5.279292e-02 1.981280e-02
37 5.125206e-02 1.920150e-02
38 4.975725e-02 1.861419e-02
39 4.830697e-02 1.804907e-02
40 4.689972e-02 1.750456e-02
41 4.553412e-02 1.697933e-02
42 4.420884e-02 1.647218e-02
43 4.292262e-02 1.598209e-02
44 4.167422e-02 1.550815e-02
45 4.046250e-02 1.504955e-02
46 3.928632e-02 1.460555e-02
47 3.814461e-02 1.417552e-02
48 3.703633e-02 1.375885e-02
49 3.596048e-02 1.335500e-02
50 3.491608e-02 1.296348e-02
51 3.390221e-02 1.258382e-02
52 3.291795e-02 1.221560e-02
53 3.196244e-02 1.185841e-02
54 3.103482e-02 1.151188e-02
55 3.013427e-02 1.117564e-02
56 2.925999e-02 1.084937e-02
57 2.841122e-02 1.053274e-02
58 2.758720e-02 1.022545e-02
59 2.678722e-02 9.927195e-03
60 2.601056e-02 9.637706e-03
61 2.525654e-02 9.356711e-03
62 2.452451e-02 9.083951e-03
63 2.381382e-02 8.819177e-03
64 2.312385e-02 8.562149e-03
65 2.245399e-02 8.312636e-03
66 2.180365e-02 8.070413e-03
67 2.117227e-02 7.835263e-03
68 2.055930e-02 7.606978e-03
69 1.996419e-02 7.385355e-03
70 1.938643e-02 7.170197e-03
71 1.882551e-02 6.961315e-03
72 1.828093e-02 6.758523e-03
73 1.775223e-02 6.561644e-03
74 1.723894e-02 6.370503e-03
75 1.674062e-02 6.184934e-03
76 1.625681e-02 6.004773e-03
77 1.578712e-02 5.829862e-03
78 1.533111e-02 5.660048e-03
79 1.488840e-02 5.495182e-03
80 1.445859e-02 5.335119e-03
81 1.404132e-02 5.179719e-03
82 1.363621e-02 5.028847e-03
83 1.324291e-02 4.882370e-03
84 1.286108e-02 4.740159e-03
85 1.249038e-02 4.602092e-03
86 1.213050e-02 4.468046e-03
87 1.178111e-02 4.337905e-03
88 1.144191e-02 4.211555e-03
89 1.111260e-02 4.088885e-03
90 1.079290e-02 3.969789e-03
91 1.048252e-02 3.854161e-03
92 1.018121e-02 3.741902e-03
93 9.888678e-03 3.632912e-03
94 9.604686e-03 3.527097e-03
95 9.328982e-03 3.424364e-03
96 9.061325e-03 3.324624e-03
97 8.801481e-03 3.227788e-03
98 8.549223e-03 3.133774e-03
99 8.304330e-03 3.042497e-03
100 8.066589e-03 2.953879e-03
101 7.835791e-03 2.867842e-03
102 7.611734e-03 2.784312e-03
103 7.394224e-03 2.703214e-03
104 7.183069e-03 2.624478e-03
105 6.978086e-03 2.548036e-03
106 6.779094e-03 2.473820e-03
107 6.585921e-03 2.401766e-03
108 6.398397e-03 2.331811e-03
109 6.216358e-03 2.263893e-03
110 6.039646e-03 2.197953e-03
111 5.868105e-03 2.133934e-03
112 5.701586e-03 2.071780e-03
113 5.539944e-03 2.011436e-03
114 5.383036e-03 1.952849e-03
115 5.230726e-03 1.895970e-03
116 5.082880e-03 1.840746e-03
117 4.939370e-03 1.787132e-03
118 4.800069e-03 1.735078e-03
119 4.664857e-03 1.684541e-03
120 4.533614e-03 1.635476e-03
121 4.406226e-03 1.587840e-03
122 4.282582e-03 1.541592e-03
123 4.162572e-03 1.496691e-03
124 4.046094e-03 1.453097e-03
125 3.933044e-03 1.410773e-03
126 3.823323e-03 1.369682e-03
127 3.716836e-03 1.329788e-03
128 3.613489e-03 1.291056e-03
129 3.513192e-03 1.253452e-03
130 3.415856e-03 1.216943e-03
131 3.321398e-03 1.181497e-03
132 3.229734e-03 1.147084e-03
133 3.140783e-03 1.113673e-03
134 3.054469e-03 1.081236e-03
135 2.970714e-03 1.049743e-03
136 2.889446e-03 1.019168e-03
137 2.810594e-03 9.894828e-04
138 2.734087e-03 9.606625e-04
139 2.659860e-03 9.326816e-04
140 2.587847e-03 9.055157e-04
141 2.517984e-03 8.791411e-04
142 2.450211e-03 8.535347e-04
143 2.384467e-03 8.286741e-04
144 2.320695e-03 8.045376e-04
145 2.258839e-03 7.811041e-04
146 2.198843e-03 7.583532e-04
147 2.140656e-03 7.362649e-04
148 2.084226e-03 7.148200e-04
149 2.029503e-03 6.939997e-04
150 1.976438e-03 6.737858e-04
151 1.924985e-03 6.541607e-04
152 1.875098e-03 6.351072e-04
153 1.826733e-03 6.166087e-04
154 1.779846e-03 5.986489e-04
155 1.734397e-03 5.812123e-04
156 1.690344e-03 5.642835e-04
157 1.647648e-03 5.478479e-04
158 1.606271e-03 5.318909e-04
159 1.566176e-03 5.163987e-04
160 1.527326e-03 5.013577e-04
161 1.489688e-03 4.867549e-04
162 1.453226e-03 4.725774e-04
163 1.417908e-03 4.588128e-04
164 1.383701e-03 4.454491e-04
165 1.350575e-03 4.324747e-04
166 1.318499e-03 4.198781e-04
167 1.287444e-03 4.076485e-04
168 1.257380e-03 3.957751e-04
169 1.228281e-03 3.842475e-04
170 1.200119e-03 3.730556e-04
171 1.172867e-03 3.621898e-04
172 1.146501e-03 3.516404e-04
173 1.120994e-03 3.413983e-04
174 1.096323e-03 3.314545e-04
175 1.072465e-03 3.218004e-04
176 1.049396e-03 3.124274e-04
177 1.027093e-03 3.033274e-04
178 1.005535e-03 2.944925e-04
179 9.847013e-04 2.859150e-04
180 9.645702e-04 2.775872e-04
181 9.451219e-04 2.695020e-04
182 9.263367e-04 2.616524e-04
183 9.081953e-04 2.540313e-04
184 8.906790e-04 2.466322e-04
185 8.737695e-04 2.394487e-04
186 8.574491e-04 2.324743e-04
187 8.417002e-04 2.257031e-04
188 8.265060e-04 2.191292e-04
189 8.118498e-04 2.127467e-04
190 7.977154e-04 2.065501e-04
191 7.840871e-04 2.005340e-04
192 7.709494e-04 1.946931e-04
193 7.582872e-04 1.890223e-04
194 7.460858e-04 1.835167e-04
195 7.343308e-04 1.781715e-04
196 7.230082e-04 1.729820e-04
197 7.121043e-04 1.679436e-04
198 7.016057e-04 1.630520e-04
199 6.914993e-04 1.583028e-04
200 6.817723e-04 1.536920e-04
201 6.724123e-04 1.492155e-04
202 6.634071e-04 1.448693e-04
203 6.547450e-04 1.406498e-04
204 6.464142e-04 1.365531e-04
205 6.384036e-04 1.325758e-04
206 6.307022e-04 1.287143e-04
207 6.232992e-04 1.249653e-04
208 6.161843e-04 1.213255e-04
209 6.093472e-04 1.177916e-04
210 6.027780e-04 1.143608e-04
211 5.964673e-04 1.110298e-04
212 5.904056e-04 1.077959e-04
213 5.845839e-04 1.046562e-04
214 5.789932e-04 1.016079e-04
215 5.736251e-04 9.864840e-05
216 5.684713e-04 9.577510e-05
217 5.635236e-04 9.298549e-05
218 5.587743e-04 9.027714e-05
219 5.542157e-04 8.764767e-05
220 5.498406e-04 8.509479e-05
221 5.456418e-04 8.261626e-05
222 5.416125e-04 8.020993e-05
223 5.377460e-04 7.787368e-05
224 5.340359e-04 7.560549e-05
225 5.304760e-04 7.340335e-05
226 5.270604e-04 7.126536e-05
227 5.237831e-04 6.918964e-05
228 5.206387e-04 6.717438e-05
229 5.176218e-04 6.521782e-05
230 5.147272e-04 6.331824e-05
231 5.119500e-04 6.147399e-05
232 5.092852e-04 5.968346e-05
233 5.067283e-04 5.794508e-05
234 5.042749e-04 5.625734e-05
235 5.019206e-04 5.461875e-05
236 4.996614e-04 5.302789e-05
237 4.974933e-04 5.148337e-05
238 4.954126e-04 4.998383e-05
239 4.934155e-04 4.852797e-05
240 4.914986e-04 4.711451e-05
241 4.896585e-04 4.574223e-05
242 4.878920e-04 4.440991e-05
243 4.861960e-04 4.311640e-05
244 4.845676e-04 4.186056e-05
245 4.830040e-04 4.064130e-05
246 4.815023e-04 3.945756e-05
247 4.800600e-04 3.830829e-05
248 4.786746e-04 3.719250e-05
249 4.773438e-04 3.610921e-05
250 4.760651e-04 3.505747e-05
251 4.748365e-04 3.403636e-05
252 4.736558e-04 3.304500e-05
253 4.725211e-04 3.208251e-05
254 4.714303e-04 3.114805e-05
255 4.703818e-04 3.024082e-05
256 4.693736e-04 2.936000e-05
257 4.684042e-04 2.850485e-05
258 4.674718e-04 2.767460e-05
259 4.665751e-04 2.686853e-05
260 4.657124e-04 2.608594e-05
261 4.648824e-04 2.532614e-05
262 4.640838e-04 2.458848e-05
263 4.633153e-04 2.387230e-05
264 4.625755e-04 2.317698e-05
265 4.618634e-04 2.250191e-05
266 4.611778e-04 2.184651e-05
267 4.605176e-04 2.121019e-05
268 4.598819e-04 2.059241e-05
269 4.592695e-04 1.999262e-05
270 4.586796e-04 1.941030e-05
271 4.581113e-04 1.884495e-05
272 4.575637e-04 1.829606e-05
273 4.570360e-04 1.776315e-05
274 4.565273e-04 1.724577e-05
275 4.560370e-04 1.674346e-05
276 4.555642e-04 1.625578e-05
277 4.551084e-04 1.578230e-05
278 4.546688e-04 1.532262e-05
279 4.542449e-04 1.487632e-05
280 4.538359e-04 1.444303e-05
281 4.534413e-04 1.402235e-05
282 4.530606e-04 1.361393e-05
283 4.526933e-04 1.321740e-05
284 4.523387e-04 1.283242e-05
285 4.519965e-04 1.245865e-05
286 4.516661e-04 1.209578e-05
287 4.513471e-04 1.174347e-05
288 4.510392e-04 1.140142e-05
289 4.507417e-04 1.106933e-05
290 4.504545e-04 1.074692e-05
291 4.501770e-04 1.043390e-05
292 4.499089e-04 1.013000e-05
293 4.496499e-04 9.834942e-06
294 4.493997e-04 9.548484e-06
295 4.491579e-04 9.270369e-06
296 4.489241e-04 9.000354e-06
297 4.486982e-04 8.738204e-06
298 4.484798e-04 8.483689e-06
299 4.482687e-04 8.236588e-06
300 4.480646e-04 7.996684e-06
301 4.478672e-04 7.763768e-06
302 4.476763e-04 7.537635e-06
303 4.474917e-04 7.318089e-06
304 4.473131e-04 7.104938e-06
305 4.471404e-04 6.897995e-06
306 4.469733e-04 6.697080e-06
307 4.468117e-04 6.502016e-06
308 4.466552e-04 6.312634e-06
309 4.465039e-04 6.128769e-06
310 4.463574e-04 5.950258e-06
311 4.462156e-04 5.776947e-06
312 4.460784e-04 5.608684e-06
313 4.459455e-04 5.445322e-06
314 4.458170e-04 5.286718e-06
315 4.456925e-04 5.132734e-06
316 4.455720e-04 4.983235e-06
317 4.454553e-04 4.838090e-06
318 4.453423e-04 4.697172e-06
319 4.452328e-04 4.560360e-06
320 4.451268e-04 4.427532e-06
321 4.450242e-04 4.298573e-06
322 4.449248e-04 4.173370e-06
323 4.448285e-04 4.051813e-06
324 4.447352e-04 3.933798e-06
325 4.446448e-04 3.819219e-06
326 4.445573e-04 3.707978e-06
327 4.444725e-04 3.599978e-06
328 4.443903e-04 3.495122e-06
329 4.443106e-04 3.393321e-06
330 4.442335e-04 3.294485e-06
331 4.441587e-04 3.198528e-06
332 4.440862e-04 3.105366e-06
333 4.440160e-04 3.014917e-06
334 4.439479e-04 2.927102e-06
335 4.438819e-04 2.841846e-06
336 4.438179e-04 2.759072e-06
337 4.437559e-04 2.678710e-06
338 4.436958e-04 2.600688e-06
339 4.436376e-04 2.524939e-06
340 4.435811e-04 2.451396e-06
341 4.435263e-04 2.379995e-06
342 4.434732e-04 2.310674e-06
343 4.434217e-04 2.243371e-06
344 4.433718e-04 2.178030e-06
345 4.433234e-04 2.114591e-06
346 4.432765e-04 2.053000e-06
347 4.432310e-04 1.993203e-06
348 4.431869e-04 1.935148e-06
349 4.431441e-04 1.878783e-06
350 4.431025e-04 1.824061e-06
351 4.430623e-04 1.770932e-06
352 4.430232e-04 1.719351e-06
353 4.429854e-04 1.669272e-06
354 4.429486e-04 1.620652e-06
355 4.429130e-04 1.573447e-06
356 4.428785e-04 1.527618e-06
357 4.428449e-04 1.483124e-06
358 4.428124e-04 1.439925e-06
359 4.427809e-04 1.397985e-06
360 4.427503e-04 1.357267e-06
361 4.427206e-04 1.317734e-06
362 4.426918e-04 1.279353e-06
363 4.426639e-04 1.242090e-06
364 4.426368e-04 1.205912e-06
365 4.426105e-04 1.170788e-06
366 4.425850e-04 1.136686e-06
367 4.425602e-04 1.103579e-06
368 4.425362e-04 1.071435e-06
369 4.425129e-04 1.040228e-06
370 4.424903e-04 1.009929e-06
371 4.424684e-04 9.805136e-07
372 4.424471e-04 9.519545e-07
373 4.424264e-04 9.242273e-07
374 4.424064e-04 8.973077e-07
375 4.423870e-04 8.711721e-07
376 4.423681e-04 8.457978e-07
377 4.423498e-04 8.211626e-07
378 4.423320e-04 7.972449e-07
379 4.423148e-04 7.740238e-07
380 4.422980e-04 7.514791e-07
381 4.422818e-04 7.295910e-07
382 4.422660e-04 7.083405e-07
383 4.422508e-04 6.877089e-07
384 4.422359e-04 6.676783e-07
385 4.422215e-04 6.482311e-07
386 4.422075e-04 6.293503e-07
387 4.421940e-04 6.110194e-07
388 4.421808e-04 5.932225e-07
389 4.421680e-04 5.759439e-07
390 4.421556e-04 5.591686e-07
391 4.421436e-04 5.428819e-07
392 4.421319e-04 5.270696e-07
393 4.421206e-04 5.117178e-07
394 4.421096e-04 4.968132e-07
395 4.420989e-04 4.823427e-07
396 4.420885e-04 4.682937e-07
397 4.420785e-04 4.546539e-07
398 4.420687e-04 4.414113e-07
399 4.420592e-04 4.285545e-07
400 4.420500e-04 4.160722e-07
401 4.420411e-04 4.039534e-07
402 4.420324e-04 3.921876e-07
403 4.420240e-04 3.807645e-07
404 4.420158e-04 3.696741e-07
405 4.420079e-04 3.589067e-07
406 4.420002e-04 3.484530e-07
407 4.419928e-04 3.383037e-07
408 4.419855e-04 3.284501e-07
409 4.419785e-04 3.188834e-07
410 4.419716e-04 3.095954e-07
411 4.419650e-04 3.005779e-07
412 4.419586e-04 2.918231e-07
413 4.419523e-04 2.833233e-07
414 4.419463e-04 2.750710e-07
415 4.419404e-04 2.670591e-07
416 4.419347e-04 2.592806e-07
417 4.419291e-04 2.517286e-07
418 4.419237e-04 2.443966e-07
419 4.419185e-04 2.372782e-07
420 4.419134e-04 2.303671e-07
421 4.419085e-04 2.236573e-07
422 4.419037e-04 2.171429e-07
423 4.418991e-04 2.108182e-07
424 4.418946e-04 2.046778e-07
425 4.418902e-04 1.987162e-07
426 4.418860e-04 1.929283e-07
427 4.418818e-04 1.873089e-07
428 4.418778e-04 1.818533e-07
429 4.418739e-04 1.765565e-07
430 4.418702e-04 1.714140e-07
431 4.418665e-04 1.664213e-07
432 4.418630e-04 1.615740e-07
433 4.418595e-04 1.568679e-07
434 4.418562e-04 1.522988e-07
435 4.418529e-04 1.478629e-07
436 4.418498e-04 1.435561e-07
437 4.418467e-04 1.393748e-07
438 4.418437e-04 1.353153e-07
439 4.418408e-04 1.313740e-07
440 4.418380e-04 1.275476e-07
441 4.418353e-04 1.238325e-07
442 4.418327e-04 1.202257e-07
443 4.418301e-04 1.167239e-07
444 4.418276e-04 1.133242e-07
445 4.418252e-04 1.100234e-07
446 4.418228e-04 1.068188e-07
447 4.418206e-04 1.037075e-07
448 4.418184e-04 1.006869e-07
449 4.418162e-04 9.775420e-08
450 4.418141e-04 9.490695e-08
451 4.418121e-04 9.214263e-08
452 4.418101e-04 8.945882e-08
453 4.418082e-04 8.685319e-08
454 4.418064e-04 8.432345e-08
455 4.418046e-04 8.186739e-08
456 4.418028e-04 7.948287e-08
457 4.418011e-04 7.716780e-08
458 4.417995e-04 7.492016e-08
459 4.417979e-04 7.273799e-08
460 4.417963e-04 7.061938e-08
461 4.417948e-04 6.856247e-08
462 4.417934e-04 6.656548e-08
463 4.417920e-04 6.462665e-08
464 4.417906e-04 6.274429e-08
465 4.417892e-04 6.091676e-08
466 4.417879e-04 5.914246e-08
467 4.417867e-04 5.741984e-08
468 4.417855e-04 5.574740e-08
469 4.417843e-04 5.412366e-08
470 4.417831e-04 5.254722e-08
471 4.417820e-04 5.101670e-08
472 4.417809e-04 4.953075e-08
473 4.417799e-04 4.808809e-08
474 4.417788e-04 4.668744e-08
475 4.417778e-04 4.532760e-08
476 4.417769e-04 4.400736e-08
477 4.417759e-04 4.272557e-08
478 4.417750e-04 4.148112e-08
479 4.417741e-04 4.027291e-08
480 4.417733e-04 3.909990e-08
481 4.417725e-04 3.796105e-08
482 4.417716e-04 3.685537e-08
483 4.417709e-04 3.578190e-08
484 4.417701e-04 3.473969e-08
485 4.417694e-04 3.372784e-08
486 4.417686e-04 3.274546e-08
487 4.417679e-04 3.179170e-08
488 4.417673e-04 3.086571e-08
489 4.417666e-04 2.996670e-08
490 4.417660e-04 2.909387e-08
491 4.417654e-04 2.824646e-08
492 4.417648e-04 2.742374e-08
493 4.417642e-04 2.662498e-08
494 4.417636e-04 2.584948e-08
495 4.417631e-04 2.509657e-08
496 4.417625e-04 2.436560e-08
497 4.417620e-04 2.365591e-08
498 4.417615e-04 2.296689e-08
499 4.417610e-04 2.229794e-08
500 4.417605e-04 2.164848e-08
501 4.417601e-04 2.101793e-08
502 4.417596e-04 2.040575e-08
503 4.417592e-04 1.981140e-08
504 4.417588e-04 1.923436e-08
505 4.417584e-04 1.867413e-08
506 4.417580e-04 1.813021e-08
507 4.417576e-04 1.760214e-08
508 4.417572e-04 1.708945e-08
509 4.417568e-04 1.659169e-08
510 4.417565e-04 1.610843e-08
511 4.417561e-04 1.563925e-08
512 4.417558e-04 1.518373e-08
513 4.417555e-04 1.474148e-08
514 4.417552e-04 1.431211e-08
515 4.417549e-04 1.389524e-08
516 4.417546e-04 1.349052e-08
517 4.417543e-04 1.309759e-08
518 4.417540e-04 1.271610e-08
519 4.417537e-04 1.234572e-08
520 4.417535e-04 1.198613e-08
521 4.417532e-04 1.163702e-08
522 4.417530e-04 1.129807e-08
523 4.417527e-04 1.096900e-08
524 4.417525e-04 1.064951e-08
525 4.417523e-04 1.033932e-08
526 4.417520e-04 1.003817e-08
527 4.417518e-04 9.745794e-09
