# step err_l2 res_l2
0 2.463645e-01 1.000000e+00
1 2.204129e-01 6.408376e-01
2 2.221189e-01 7.837678e-01
3 2.087264e-01 7.166370e-01
4 2.072640e-01 6.075372e-01
5 1.996020e-01 4.939373e-01
6 1.972852e-01 3.957164e-01
7 1.923157e-01 3.155987e-01
8 1.898032e-01 2.553339e-01
9 1.861588e-01 2.120719e-01
10 1.836821e-01 1.832835e-01
11 1.807446e-01 1.647560e-01
12 1.783894e-01 1.531031e-01
13 1.758707e-01 1.452442e-01
14 1.736624e-01 1.393907e-01
15 1.714201e-01 1.344010e-01
16 1.693582e-01 1.298228e-01
17 1.673162e-01 1.254465e-01
18 1.653901e-01 1.212751e-01
19 1.635039e-01 1.173377e-01
20 1.616997e-01 1.136949e-01
21 1.599408e-01 1.103723e-01
22 1.582449e-01 1.073785e-01
23 1.565937e-01 1.046866e-01
24 1.549938e-01 1.022534e-01
25 1.534356e-01 1.000185e-01
26 1.519210e-01 9.791921e-02
27 1.504445e-01 9.589273e-02
28 1.490060e-01 9.388495e-02
29 1.476022e-01 9.185017e-02
30 1.462321e-01 8.975480e-02
31 1.448934e-01 8.757515e-02
32 1.435851e-01 8.529813e-02
33 1.423054e-01 8.291848e-02
34 1.410532e-01 8.043834e-02
35 1.398271e-01 7.786479e-02
36 1.386261e-01 7.520917e-02
37 1.374490e-01 7.248528e-02
38 1.362950e-01 6.970873e-02
39 1.351630e-01 6.689578e-02
40 1.340522e-01 6.406289e-02
41 1.329618e-01 6.122602e-02
42 1.318910e-01 5.840040e-02
43 1.308391e-01 5.560007e-02
44 1.298054e-01 5.283792e-02
45 1.287892e-01 5.012539e-02
46 1.277900e-01 4.747255e-02
47 1.268071e-01 4.488805e-02
48 1.258401e-01 4.237918e-02
49 1.248884e-01 3.995187e-02
50 1.239515e-01 3.761086e-02
51 1.230289e-01 3.535972e-02
52 1.221202e-01 3.320098e-02
53 1.212249e-01 3.113622e-02
54 1.203427e-01 2.916617e-02
55 1.194731e-01 2.729081e-02
56 1.186159e-01 2.550949e-02
57 1.177705e-01 2.382095e-02
58 1.169368e-01 2.222351e-02
59 1.161143e-01 2.071506e-02
60 1.153028e-01 1.929316e-02
61 1.145019e-01 1.795511e-02
62 1.137114e-01 1.669802e-02
63 1.129310e-01 1.551884e-02
64 1.121605e-01 1.441442e-02
65 1.113994e-01 1.338151e-02
66 1.106478e-01 1.241688e-02
67 1.099052e-01 1.151726e-02
68 1.091715e-01 1.067942e-02
69 1.084464e-01 9.900181e-03
70 1.077298e-01 9.176423e-03
71 1.070214e-01 8.505100e-03
72 1.063211e-01 7.883263e-03
73 1.056286e-01 7.308057e-03
74 1.049437e-01 6.776736e-03
75 1.042664e-01 6.286658e-03
76 1.035964e-01 5.835298e-03
77 1.029336e-01 5.420236e-03
78 1.022777e-01 5.039167e-03
79 1.016288e-01 4.689890e-03
80 1.009865e-01 4.370310e-03
81 1.003508e-01 4.078432e-03
82 9.972145e-02 3.812354e-03
83 9.909844e-02 3.570265e-03
84 9.848158e-02 3.350436e-03
85 9.787076e-02 3.151221e-03
86 9.726584e-02 2.971045e-03
87 9.666671e-02 2.808406e-03
88 9.607326e-02 2.661871e-03
89 9.548538e-02 2.530074e-03
90 9.490296e-02 2.411713e-03
91 9.432588e-02 2.305556e-03
92 9.375406e-02 2.210436e-03
93 9.318740e-02 2.125258e-03
94 9.262579e-02 2.048996e-03
95 9.206915e-02 1.980697e-03
96 9.151738e-02 1.919480e-03
97 9.097040e-02 1.864538e-03
98 9.042813e-02 1.815136e-03
99 8.989048e-02 1.770608e-03
100 8.935737e-02 1.730356e-03
101 8.882872e-02 1.693846e-03
102 8.830446e-02 1.660605e-03
103 8.778452e-02 1.630214e-03
104 8.726882e-02 1.602304e-03
105 8.675729e-02 1.576556e-03
106 8.624987e-02 1.552688e-03
107 8.574649e-02 1.530458e-03
108 8.524708e-02 1.509655e-03
109 8.475159e-02 1.490099e-03
110 8.425996e-02 1.471633e-03
111 8.377211e-02 1.454123e-03
112 8.328800e-02 1.437453e-03
113 8.280758e-02 1.421526e-03
114 8.233077e-02 1.406256e-03
115 8.185755e-02 1.391571e-03
116 8.138784e-02 1.377410e-03
117 8.092160e-02 1.363718e-03
118 8.045879e-02 1.350451e-03
119 7.999935e-02 1.337570e-03
120 7.954324e-02 1.325040e-03
121 7.909040e-02 1.312833e-03
122 7.864081e-02 1.300924e-03
123 7.819441e-02 1.289291e-03
124 7.775116e-02 1.277916e-03
125 7.731102e-02 1.266781e-03
126 7.687396e-02 1.255873e-03
127 7.643992e-02 1.245179e-03
128 7.600887e-02 1.234688e-03
129 7.558079e-02 1.224390e-03
130 7.515562e-02 1.214277e-03
131 7.473333e-02 1.204339e-03
132 7.431389e-02 1.194571e-03
133 7.389727e-02 1.184965e-03
134 7.348342e-02 1.175515e-03
135 7.307233e-02 1.166217e-03
136 7.266395e-02 1.157066e-03
137 7.225826e-02 1.148055e-03
138 7.185522e-02 1.139182e-03
139 7.145481e-02 1.130442e-03
140 7.105700e-02 1.121832e-03
141 7.066175e-02 1.113347e-03
142 7.026905e-02 1.104984e-03
143 6.987885e-02 1.096740e-03
144 6.949115e-02 1.088613e-03
145 6.910590e-02 1.080598e-03
146 6.872310e-02 1.072693e-03
147 6.834270e-02 1.064896e-03
148 6.796468e-02 1.057204e-03
149 6.758903e-02 1.049613e-03
150 6.721572e-02 1.042123e-03
151 6.684472e-02 1.034730e-03
152 6.647601e-02 1.027432e-03
153 6.610958e-02 1.020227e-03
154 6.574539e-02 1.013113e-03
155 6.538344e-02 1.006088e-03
156 6.502368e-02 9.991492e-04
157 6.466612e-02 9.922953e-04
158 6.431072e-02 9.855244e-04
159 6.395747e-02 9.788345e-04
160 6.360634e-02 9.722238e-04
161 6.325733e-02 9.656906e-04
162 6.291040e-02 9.592333e-04
163 6.256555e-02 9.528502e-04
164 6.222274e-02 9.465397e-04
165 6.188198e-02 9.403002e-04
166 6.154323e-02 9.341303e-04
167 6.120649e-02 9.280284e-04
168 6.087172e-02 9.219932e-04
169 6.053893e-02 9.160232e-04
170 6.020809e-02 9.101172e-04
171 5.987919e-02 9.042738e-04
172 5.955220e-02 8.984916e-04
173 5.922712e-02 8.927696e-04
174 5.890393e-02 8.871064e-04
175 5.858262e-02 8.815009e-04
176 5.826316e-02 8.759520e-04
177 5.794555e-02 8.704585e-04
178 5.762978e-02 8.650193e-04
179 5.731582e-02 8.596334e-04
180 5.700366e-02 8.542998e-04
181 5.669329e-02 8.490174e-04
182 5.638470e-02 8.437854e-04
183 5.607788e-02 8.386027e-04
184 5.577280e-02 8.334683e-04
185 5.546946e-02 8.283816e-04
186 5.516785e-02 8.233414e-04
187 5.486795e-02 8.183471e-04
188 5.456975e-02 8.133977e-04
189 5.427324e-02 8.084925e-04
190 5.397840e-02 8.036306e-04
191 5.368523e-02 7.988114e-04
192 5.339371e-02 7.940341e-04
193 5.310383e-02 7.892978e-04
194 5.281558e-02 7.846021e-04
195 5.252895e-02 7.799460e-04
196 5.224393e-02 7.753291e-04
197 5.196050e-02 7.707506e-04
198 5.167866e-02 7.662099e-04
199 5.139839e-02 7.617063e-04
200 5.111969e-02 7.572393e-04
201 5.084254e-02 7.528083e-04
202 5.056693e-02 7.484128e-04
203 5.029286e-02 7.440520e-04
204 5.002031e-02 7.397256e-04
205 4.974928e-02 7.354330e-04
206 4.947975e-02 7.311736e-04
207 4.921171e-02 7.269470e-04
208 4.894516e-02 7.227527e-04
209 4.868008e-02 7.185902e-04
210 4.841647e-02 7.144590e-04
211 4.815431e-02 7.103587e-04
212 4.789360e-02 7.062888e-04
213 4.763433e-02 7.022489e-04
214 4.737648e-02 6.982386e-04
215 4.712006e-02 6.942575e-04
216 4.686505e-02 6.903051e-04
217 4.661144e-02 6.863811e-04
218 4.635922e-02 6.824851e-04
219 4.610838e-02 6.786168e-04
220 4.585893e-02 6.747756e-04
221 4.561084e-02 6.709614e-04
222 4.536411e-02 6.671738e-04
223 4.511873e-02 6.634124e-04
224 4.487470e-02 6.596768e-04
225 4.463200e-02 6.559668e-04
226 4.439062e-02 6.522821e-04
227 4.415057e-02 6.486224e-04
228 4.391183e-02 6.449872e-04
229 4.367439e-02 6.413764e-04
230 4.343824e-02 6.377897e-04
231 4.320339e-02 6.342268e-04
232 4.296981e-02 6.306873e-04
233 4.273751e-02 6.271711e-04
234 4.250647e-02 6.236779e-04
235 4.227669e-02 6.202074e-04
236 4.204816e-02 6.167594e-04
237 4.182087e-02 6.133336e-04
238 4.159482e-02 6.099298e-04
239 4.136999e-02 6.065477e-04
240 4.114639e-02 6.031872e-04
241 4.092401e-02 5.998479e-04
242 4.070283e-02 5.965297e-04
243 4.048285e-02 5.932324e-04
244 4.026406e-02 5.899557e-04
245 4.004646e-02 5.866995e-04
246 3.983004e-02 5.834635e-04
247 3.961480e-02 5.802475e-04
248 3.940072e-02 5.770514e-04
249 3.918780e-02 5.738749e-04
250 3.897603e-02 5.707179e-04
251 3.876541e-02 5.675801e-04
252 3.855593e-02 5.644615e-04
253 3.834758e-02 5.613618e-04
254 3.814036e-02 5.582808e-04
255 3.793426e-02 5.552184e-04
256 3.772928e-02 5.521744e-04
257 3.752540e-02 5.491487e-04
258 3.732263e-02 5.461411e-04
259 3.712095e-02 5.431514e-04
260 3.692036e-02 5.401794e-04
261 3.672086e-02 5.372251e-04
262 3.652243e-02 5.342883e-04
263 3.632507e-02 5.313687e-04
264 3.612878e-02 5.284664e-04
265 3.593355e-02 5.255811e-04
266 3.573938e-02 5.227127e-04
267 3.554625e-02 5.198610e-04
268 3.535416e-02 5.170260e-04
269 3.516311e-02 5.142075e-04
270 3.497309e-02 5.114053e-04
271 3.478409e-02 5.086193e-04
272 3.459612e-02 5.058495e-04
273 3.440915e-02 5.030956e-04
274 3.422320e-02 5.003576e-04
275 3.403825e-02 4.976354e-04
276 3.385429e-02 4.949287e-04
277 3.367133e-02 4.922376e-04
278 3.348935e-02 4.895618e-04
279 3.330835e-02 4.869013e-04
280 3.312833e-02 4.842559e-04
281 3.294927e-02 4.816256e-04
282 3.277119e-02 4.790103e-04
283 3.259406e-02 4.764097e-04
284 3.241788e-02 4.738239e-04
285 3.224265e-02 4.712527e-04
286 3.206837e-02 4.686960e-04
287 3.189503e-02 4.661538e-04
288 3.172262e-02 4.636258e-04
289 3.155113e-02 4.611120e-04
290 3.138057e-02 4.586124e-04
291 3.121093e-02 4.561268e-04
292 3.104220e-02 4.536551e-04
293 3.087438e-02 4.511972e-04
294 3.070746e-02 4.487530e-04
295 3.054144e-02 4.463225e-04
296 3.037632e-02 4.439056e-04
297 3.021208e-02 4.415021e-04
298 3.004873e-02 4.391119e-04
299 2.988625e-02 4.367351e-04
300 2.972465e-02 4.343714e-04
301 2.956392e-02 4.320209e-04
302 2.940405e-02 4.296834e-04
303 2.924505e-02 4.273588e-04
304 2.908690e-02 4.250471e-04
305 2.892960e-02 4.227481e-04
306 2.877314e-02 4.204619e-04
307 2.861753e-02 4.181882e-04
308 2.846276e-02 4.159271e-04
309 2.830881e-02 4.136785e-04
310 2.815570e-02 4.114422e-04
311 2.800341e-02 4.092182e-04
312 2.785193e-02 4.070064e-04
313 2.770128e-02 4.048068e-04
314 2.755143e-02 4.026193e-04
315 2.740239e-02 4.004437e-04
316 2.725415e-02 3.982801e-04
317 2.710671e-02 3.961283e-04
318 2.696006e-02 3.939883e-04
319 2.681420e-02 3.918600e-04
320 2.666912e-02 3.897434e-04
321 2.652483e-02 3.876383e-04
322 2.638131e-02 3.855447e-04
323 2.623856e-02 3.834625e-04
324 2.609658e-02 3.813917e-04
325 2.595536e-02 3.793322e-04
326 2.581491e-02 3.772839e-04
327 2.567521e-02 3.752468e-04
328 2.553626e-02 3.732208e-04
329 2.539805e-02 3.712057e-04
330 2.526060e-02 3.692017e-04
331 2.512388e-02 3.672085e-04
332 2.498789e-02 3.652262e-04
333 2.485264e-02 3.632547e-04
334 2.471811e-02 3.612938e-04
335 2.458431e-02 3.593436e-04
336 2.445123e-02 3.574040e-04
337 2.431886e-02 3.554749e-04
338 2.418721e-02 3.535563e-04
339 2.405626e-02 3.516480e-04
340 2.392602e-02 3.497501e-04
341 2.379648e-02 3.478625e-04
342 2.366764e-02 3.459851e-04
343 2.353949e-02 3.441179e-04
344 2.341203e-02 3.422608e-04
345 2.328525e-02 3.404137e-04
346 2.315916e-02 3.385766e-04
347 2.303374e-02 3.367494e-04
348 2.290900e-02 3.349322e-04
349 2.278493e-02 3.331247e-04
350 2.266153e-02 3.313270e-04
351 2.253880e-02 3.295391e-04
352 2.241672e-02 3.277607e-04
353 2.229530e-02 3.259920e-04
354 2.217453e-02 3.242329e-04
355 2.205442e-02 3.224832e-04
356 2.193495e-02 3.207430e-04
357 2.181612e-02 3.190121e-04
358 2.169793e-02 3.172906e-04
359 2.158038e-02 3.155784e-04
360 2.146346e-02 3.138754e-04
361 2.134717e-02 3.121816e-04
362 2.123151e-02 3.104969e-04
363 2.111647e-02 3.088213e-04
364 2.100205e-02 3.071547e-04
365 2.088824e-02 3.054971e-04
366 2.077505e-02 3.038485e-04
367 2.066247e-02 3.022087e-04
368 2.055049e-02 3.005777e-04
369 2.043912e-02 2.989555e-04
370 2.032834e-02 2.973421e-04
371 2.021816e-02 2.957373e-04
372 2.010858e-02 2.941412e-04
373 1.999959e-02 2.925537e-04
374 1.989118e-02 2.909747e-04
375 1.978336e-02 2.894042e-04
376 1.967611e-02 2.878421e-04
377 1.956945e-02 2.862885e-04
378 1.946336e-02 2.847432e-04
379 1.935784e-02 2.832062e-04
380 1.925289e-02 2.816775e-04
381 1.914850e-02 2.801570e-04
382 1.904468e-02 2.786447e-04
383 1.894142e-02 2.771405e-04
384 1.883871e-02 2.756444e-04
385 1.873655e-02 2.741563e-04
386 1.863495e-02 2.726762e-04
387 1.853390e-02 2.712041e-04
388 1.843338e-02 2.697399e-04
389 1.833342e-02 2.682836e-04
390 1.823398e-02 2.668351e-04
391 1.813509e-02 2.653943e-04
392 1.803673e-02 2.639613e-04
393 1.793890e-02 2.625360e-04
394 1.784159e-02 2.611184e-04
395 1.774481e-02 2.597084e-04
396 1.764855e-02 2.583059e-04
397 1.755281e-02 2.569110e-04
398 1.745759e-02 2.555236e-04
399 1.736288e-02 2.541436e-04
400 1.726868e-02 2.527711e-04
401 1.717499e-02 2.514059e-04
402 1.708181e-02 2.500480e-04
403 1.698912e-02 2.486975e-04
404 1.689694e-02 2.473541e-04
405 1.680525e-02 2.460180e-04
406 1.671406e-02 2.446891e-04
407 1.662336e-02 2.433673e-04
408 1.653315e-02 2.420526e-04
409 1.644343e-02 2.407450e-04
410 1.635419e-02 2.394444e-04
411 1.626543e-02 2.381507e-04
412 1.617715e-02 2.368640e-04
413 1.608935e-02 2.355842e-04
414 1.600202e-02 2.343113e-04
415 1.591516e-02 2.330453e-04
416 1.582877e-02 2.317860e-04
417 1.574284e-02 2.305335e-04
418 1.565738e-02 2.292877e-04
419 1.557239e-02 2.280485e-04
420 1.548785e-02 2.268161e-04
421 1.540376e-02 2.255902e-04
422 1.532013e-02 2.243710e-04
423 1.523695e-02 2.231583e-04
424 1.515422e-02 2.219521e-04
425 1.507194e-02 2.207523e-04
426 1.499010e-02 2.195590e-04
427 1.490871e-02 2.183722e-04
428 1.482775e-02 2.171917e-04
429 1.474723e-02 2.160175e-04
430 1.466714e-02 2.148496e-04
431 1.458749e-02 2.136880e-04
432 1.450827e-02 2.125326e-04
433 1.442947e-02 2.113835e-04
434 1.435110e-02 2.102405e-04
435 1.427316e-02 2.091036e-04
436 1.419563e-02 2.079729e-04
437 1.411853e-02 2.068482e-04
438 1.404184e-02 2.057296e-04
439 1.396556e-02 2.046169e-04
440 1.388970e-02 2.035103e-04
441 1.381425e-02 2.024095e-04
442 1.373920e-02 2.013147e-04
443 1.366456e-02 2.002258e-04
444 1.359032e-02 1.991427e-04
445 1.351649e-02 1.980654e-04
446 1.344305e-02 1.969940e-04
447 1.337001e-02 1.959282e-04
448 1.329737e-02 1.948682e-04
449 1.322511e-02 1.938139e-04
450 1.315325e-02 1.927653e-04
451 1.308178e-02 1.917222e-04
452 1.301069e-02 1.906848e-04
453 1.293999e-02 1.896530e-04
454 1.286967e-02 1.886267e-04
455 1.279973e-02 1.876059e-04
456 1.273017e-02 1.865906e-04
457 1.266098e-02 1.855807e-04
458 1.259217e-02 1.845763e-04
459 1.252373e-02 1.835773e-04
460 1.245566e-02 1.825836e-04
461 1.238796e-02 1.815953e-04
462 1.232062e-02 1.806123e-04
463 1.225365e-02 1.796345e-04
464 1.218704e-02 1.786621e-04
465 1.212080e-02 1.776948e-04
466 1.205491e-02 1.767328e-04
467 1.198937e-02 1.757759e-04
468 1.192419e-02 1.748241e-04
469 1.185937e-02 1.738775e-04
470 1.179489e-02 1.729359e-04
471 1.173076e-02 1.719995e-04
472 1.166698e-02 1.710680e-04
473 1.160355e-02 1.701416e-04
474 1.154046e-02 1.692201e-04
475 1.147771e-02 1.683036e-04
476 1.141530e-02 1.673920e-04
477 1.135322e-02 1.664853e-04
478 1.129149e-02 1.655835e-04
479 1.123009e-02 1.646866e-04
480 1.116902e-02 1.637945e-04
481 1.110828e-02 1.629071e-04
482 1.104787e-02 1.620245e-04
483 1.098778e-02 1.611467e-04
484 1.092802e-02 1.602736e-04
485 1.086859e-02 1.594052e-04
486 1.080948e-02 1.585415e-04
487 1.075068e-02 1.576824e-04
488 1.069221e-02 1.568279e-04
489 1.063405e-02 1.559781e-04
490 1.057621e-02 1.551328e-04
491 1.051868e-02 1.542920e-04
492 1.046146e-02 1.534558e-04
493 1.040455e-02 1.526241e-04
494 1.034796e-02 1.517968e-04
495 1.029166e-02 1.509740e-04
496 1.023567e-02 1.501556e-04
497 1.017999e-02 1.493416e-04
498 1.012461e-02 1.485321e-04
499 1.006952e-02 1.477268e-04
500 1.001474e-02 1.469259e-04
501 9.960251e-03 1.461293e-04
502 9.906059e-03 1.453370e-04
503 9.852160e-03 1.445490e-04
504 9.798553e-03 1.437652e-04
505 9.745237e-03 1.429856e-04
506 9.692210e-03 1.422102e-04
507 9.639470e-03 1.414390e-04
508 9.587017e-03 1.406720e-04
509 9.534847e-03 1.399090e-04
510 9.482960e-03 1.391502e-04
511 9.431355e-03 1.383955e-04
512 9.380029e-03 1.376448e-04
513 9.328982e-03 1.368982e-04
514 9.278211e-03 1.361556e-04
515 9.227716e-03 1.354170e-04
516 9.177494e-03 1.346824e-04
517 9.127545e-03 1.339517e-04
518 9.077867e-03 1.332250e-04
519 9.028458e-03 1.325022e-04
520 8.979317e-03 1.317833e-04
521 8.930442e-03 1.310682e-04
522 8.881833e-03 1.303570e-04
523 8.833487e-03 1.296497e-04
524 8.785403e-03 1.289461e-04
525 8.737580e-03 1.282463e-04
526 8.690017e-03 1.275504e-04
527 8.642712e-03 1.268581e-04
528 8.595663e-03 1.261696e-04
529 8.548870e-03 1.254848e-04
530 8.502330e-03 1.248037e-04
531 8.456043e-03 1.241263e-04
532 8.410007e-03 1.234525e-04
533 8.364221e-03 1.227824e-04
534 8.318683e-03 1.221158e-04
535 8.273393e-03 1.214529e-04
536 8.228348e-03 1.207935e-04
537 8.183548e-03 1.201377e-04
538 8.138991e-03 1.194854e-04
539 8.094675e-03 1.188367e-04
540 8.050601e-03 1.181914e-04
541 8.006765e-03 1.175497e-04
542 7.963167e-03 1.169113e-04
543 7.919807e-03 1.162765e-04
544 7.876681e-03 1.156450e-04
545 7.833790e-03 1.150170e-04
546 7.791131e-03 1.143923e-04
547 7.748704e-03 1.137711e-04
548 7.706507e-03 1.131531e-04
549 7.664540e-03 1.125385e-04
550 7.622800e-03 1.119273e-04
551 7.581287e-03 1.113193e-04
552 7.540000e-03 1.107146e-04
553 7.498936e-03 1.101131e-04
554 7.458096e-03 1.095150e-04
555 7.417478e-03 1.089200e-04
556 7.377080e-03 1.083283e-04
557 7.336901e-03 1.077397e-04
558 7.296941e-03 1.071543e-04
559 7.257198e-03 1.065721e-04
560 7.217670e-03 1.059930e-04
561 7.178358e-03 1.054171e-04
562 7.139259e-03 1.048443e-04
563 7.100372e-03 1.042745e-04
564 7.061696e-03 1.037079e-04
565 7.023231e-03 1.031443e-04
566 6.984975e-03 1.025837e-04
567 6.946926e-03 1.020262e-04
568 6.909085e-03 1.014717e-04
569 6.871449e-03 1.009201e-04
570 6.834017e-03 1.003716e-04
571 6.796789e-03 9.982600e-05
572 6.759763e-03 9.928337e-05
573 6.722939e-03 9.874367e-05
574 6.686314e-03 9.820688e-05
575 6.649889e-03 9.767300e-05
576 6.613661e-03 9.714200e-05
577 6.577631e-03 9.661387e-05
578 6.541796e-03 9.608859e-05
579 6.506156e-03 9.556615e-05
580 6.470710e-03 9.504654e-05
581 6.435456e-03 9.452974e-05
582 6.400395e-03 9.401573e-05
583 6.365523e-03 9.350449e-05
584 6.330842e-03 9.299603e-05
585 6.296349e-03 9.249031e-05
586 6.262043e-03 9.198732e-05
587 6.227924e-03 9.148706e-05
588 6.193990e-03 9.098950e-05
589 6.160241e-03 9.049463e-05
590 6.126676e-03 9.000244e-05
591 6.093293e-03 8.951291e-05
592 6.060092e-03 8.902602e-05
593 6.027071e-03 8.854177e-05
594 5.994230e-03 8.806014e-05
595 5.961567e-03 8.758112e-05
596 5.929082e-03 8.710468e-05
597 5.896774e-03 8.663083e-05
598 5.864641e-03 8.615953e-05
599 5.832683e-03 8.569079e-05
600 5.800899e-03 8.522458e-05
601 5.769288e-03 8.476090e-05
602 5.737849e-03 8.429973e-05
603 5.706581e-03 8.384105e-05
604 5.675483e-03 8.338485e-05
605 5.644554e-03 8.293112e-05
606 5.613794e-03 8.247985e-05
607 5.583201e-03 8.203102e-05
608 5.552774e-03 8.158462e-05
609 5.522513e-03 8.114064e-05
610 5.492416e-03 8.069906e-05
611 5.462483e-03 8.025987e-05
612 5.432714e-03 7.982305e-05
613 5.403106e-03 7.938861e-05
614 5.373659e-03 7.895651e-05
615 5.344373e-03 7.852676e-05
616 5.315246e-03 7.809933e-05
617 5.286277e-03 7.767422e-05
618 5.257466e-03 7.725141e-05
619 5.228812e-03 7.683089e-05
620 5.200314e-03 7.641264e-05
621 5.171971e-03 7.599666e-05
622 5.143782e-03 7.558294e-05
623 5.115747e-03 7.517146e-05
624 5.087864e-03 7.476220e-05
625 5.060133e-03 7.435516e-05
626 5.032553e-03 7.395033e-05
627 5.005124e-03 7.354769e-05
628 4.977843e-03 7.314723e-05
629 4.950711e-03 7.274895e-05
630 4.923727e-03 7.235282e-05
631 4.896890e-03 7.195883e-05
632 4.870199e-03 7.156699e-05
633 4.843653e-03 7.117726e-05
634 4.817251e-03 7.078965e-05
635 4.790994e-03 7.040414e-05
636 4.764879e-03 7.002072e-05
637 4.738907e-03 6.963937e-05
638 4.713076e-03 6.926010e-05
639 4.687386e-03 6.888288e-05
640 4.661836e-03 6.850770e-05
641 4.636425e-03 6.813456e-05
642 4.611152e-03 6.776344e-05
643 4.586017e-03 6.739434e-05
644 4.561018e-03 6.702723e-05
645 4.536156e-03 6.666212e-05
646 4.511430e-03 6.629898e-05
647 4.486838e-03 6.593782e-05
648 4.462380e-03 6.557861e-05
649 4.438055e-03 6.522135e-05
650 4.413863e-03 6.486603e-05
651 4.389802e-03 6.451264e-05
652 4.365873e-03 6.416116e-05
653 4.342074e-03 6.381159e-05
654 4.318404e-03 6.346392e-05
655 4.294864e-03 6.311813e-05
656 4.271452e-03 6.277422e-05
657 4.248167e-03 6.243217e-05
658 4.225010e-03 6.209198e-05
659 4.201978e-03 6.175364e-05
660 4.179072e-03 6.141713e-05
661 4.156291e-03 6.108245e-05
662 4.133634e-03 6.074958e-05
663 4.111100e-03 6.041852e-05
664 4.088689e-03 6.008925e-05
665 4.066400e-03 5.976178e-05
666 4.044233e-03 5.943608e-05
667 4.022187e-03 5.911215e-05
668 4.000260e-03 5.878997e-05
669 3.978453e-03 5.846955e-05
670 3.956766e-03 5.815086e-05
671 3.935196e-03 5.783391e-05
672 3.913744e-03 5.751867e-05
673 3.892408e-03 5.720515e-05
674 3.871189e-03 5.689333e-05
675 3.850086e-03 5.658320e-05
676 3.829098e-03 5.627475e-05
677 3.808224e-03 5.596798e-05
678 3.787464e-03 5.566288e-05
679 3.766817e-03 5.535943e-05
680 3.746283e-03 5.505763e-05
681 3.725860e-03 5.475747e-05
682 3.705549e-03 5.445894e-05
683 3.685349e-03 5.416203e-05
684 3.665259e-03 5.386674e-05
685 3.645278e-03 5.357304e-05
686 3.625406e-03 5.328095e-05
687 3.605643e-03 5.299043e-05
688 3.585987e-03 5.270150e-05
689 3.566439e-03 5.241414e-05
690 3.546997e-03 5.212834e-05
691 3.527661e-03 5.184409e-05
692 3.508430e-03 5.156138e-05
693 3.489305e-03 5.128021e-05
694 3.470284e-03 5.100057e-05
695 3.451366e-03 5.072245e-05
696 3.432552e-03 5.044584e-05
697 3.413840e-03 5.017073e-05
698 3.395230e-03 4.989712e-05
699 3.376722e-03 4.962499e-05
700 3.358315e-03 4.935434e-05
701 3.340008e-03 4.908517e-05
702 3.321801e-03 4.881745e-05
703 3.303693e-03 4.855120e-05
704 3.285684e-03 4.828638e-05
705 3.267773e-03 4.802301e-05
706 3.249960e-03 4.776107e-05
707 3.232244e-03 4.750056e-05
708 3.214625e-03 4.724146e-05
709 3.197102e-03 4.698376e-05
710 3.179674e-03 4.672747e-05
711 3.162342e-03 4.647258e-05
712 3.145104e-03 4.621906e-05
713 3.127960e-03 4.596693e-05
714 3.110909e-03 4.571617e-05
715 3.093952e-03 4.546677e-05
716 3.077087e-03 4.521873e-05
717 3.060314e-03 4.497203e-05
718 3.043633e-03 4.472668e-05
719 3.027042e-03 4.448266e-05
720 3.010543e-03 4.423997e-05
721 2.994133e-03 4.399860e-05
722 2.977813e-03 4.375854e-05
723 2.961581e-03 4.351979e-05
724 2.945439e-03 4.328233e-05
725 2.929384e-03 4.304617e-05
726 2.913417e-03 4.281129e-05
727 2.897537e-03 4.257769e-05
728 2.881744e-03 4.234536e-05
729 2.866037e-03 4.211429e-05
730 2.850416e-03 4.188448e-05
731 2.834880e-03 4.165592e-05
732 2.819429e-03 4.142861e-05
733 2.804062e-03 4.120253e-05
734 2.788779e-03 4.097768e-05
735 2.773579e-03 4.075406e-05
736 2.758462e-03 4.053165e-05
737 2.743428e-03 4.031045e-05
738 2.728476e-03 4.009045e-05
739 2.713605e-03 3.987166e-05
740 2.698816e-03 3.965405e-05
741 2.684107e-03 3.943763e-05
742 2.669479e-03 3.922238e-05
743 2.654930e-03 3.900831e-05
744 2.640461e-03 3.879540e-05
745 2.626071e-03 3.858365e-05
746 2.611759e-03 3.837305e-05
747 2.597526e-03 3.816360e-05
748 2.583370e-03 3.795529e-05
749 2.569291e-03 3.774811e-05
750 2.555290e-03 3.754206e-05
751 2.541365e-03 3.733713e-05
752 2.527515e-03 3.713332e-05
753 2.513742e-03 3.693062e-05
754 2.500043e-03 3.672902e-05
755 2.486420e-03 3.652852e-05
756 2.472870e-03 3.632910e-05
757 2.459395e-03 3.613078e-05
758 2.445993e-03 3.593354e-05
759 2.432665e-03 3.573736e-05
760 2.419409e-03 3.554226e-05
761 2.406226e-03 3.534822e-05
762 2.393114e-03 3.515524e-05
763 2.380075e-03 3.496330e-05
764 2.367106e-03 3.477242e-05
765 2.354208e-03 3.458257e-05
766 2.341381e-03 3.439375e-05
767 2.328623e-03 3.420597e-05
768 2.315936e-03 3.401920e-05
769 2.303317e-03 3.383346e-05
770 2.290768e-03 3.364872e-05
771 2.278287e-03 3.346499e-05
772 2.265874e-03 3.328227e-05
773 2.253529e-03 3.310053e-05
774 2.241251e-03 3.291979e-05
775 2.229041e-03 3.274003e-05
776 2.216897e-03 3.256125e-05
777 2.204819e-03 3.238345e-05
778 2.192808e-03 3.220661e-05
779 2.180862e-03 3.203074e-05
780 2.168981e-03 3.185582e-05
781 2.157165e-03 3.168186e-05
782 2.145414e-03 3.150885e-05
783 2.133727e-03 3.133678e-05
784 2.122103e-03 3.116564e-05
785 2.110544e-03 3.099544e-05
786 2.099047e-03 3.082616e-05
787 2.087613e-03 3.065781e-05
788 2.076242e-03 3.049038e-05
789 2.064932e-03 3.032385e-05
790 2.053685e-03 3.015824e-05
791 2.042499e-03 2.999353e-05
792 2.031374e-03 2.982971e-05
793 2.020309e-03 2.966679e-05
794 2.009306e-03 2.950475e-05
795 1.998362e-03 2.934360e-05
796 1.987478e-03 2.918333e-05
797 1.976654e-03 2.902393e-05
798 1.965888e-03 2.886540e-05
799 1.955182e-03 2.870773e-05
800 1.944534e-03 2.855093e-05
801 1.933944e-03 2.839497e-05
802 1.923412e-03 2.823987e-05
803 1.912937e-03 2.808561e-05
804 1.902520e-03 2.793220e-05
805 1.892160e-03 2.777961e-05
806 1.881856e-03 2.762787e-05
807 1.871609e-03 2.747695e-05
808 1.861417e-03 2.732685e-05
809 1.851282e-03 2.717757e-05
810 1.841201e-03 2.702910e-05
811 1.831176e-03 2.688144e-05
812 1.821206e-03 2.673459e-05
813 1.811290e-03 2.658854e-05
814 1.801428e-03 2.644328e-05
815 1.791620e-03 2.629882e-05
816 1.781865e-03 2.615514e-05
817 1.772164e-03 2.601225e-05
818 1.762516e-03 2.587014e-05
819 1.752921e-03 2.572880e-05
820 1.743378e-03 2.558823e-05
821 1.733887e-03 2.544843e-05
822 1.724448e-03 2.530939e-05
823 1.715061e-03 2.517111e-05
824 1.705725e-03 2.503359e-05
825 1.696440e-03 2.489681e-05
826 1.687206e-03 2.476078e-05
827 1.678022e-03 2.462549e-05
828 1.668889e-03 2.449094e-05
829 1.659805e-03 2.435712e-05
830 1.650771e-03 2.422404e-05
831 1.641786e-03 2.409167e-05
832 1.632851e-03 2.396004e-05
833 1.623964e-03 2.382911e-05
834 1.615126e-03 2.369891e-05
835 1.606336e-03 2.356941e-05
836 1.597594e-03 2.344062e-05
837 1.588900e-03 2.331253e-05
838 1.580254e-03 2.318514e-05
839 1.571655e-03 2.305845e-05
840 1.563103e-03 2.293244e-05
841 1.554597e-03 2.280713e-05
842 1.546138e-03 2.268249e-05
843 1.537725e-03 2.255854e-05
844 1.529359e-03 2.243526e-05
845 1.521038e-03 2.231266e-05
846 1.512762e-03 2.219072e-05
847 1.504532e-03 2.206945e-05
848 1.496347e-03 2.194885e-05
849 1.488206e-03 2.182890e-05
850 1.480110e-03 2.170960e-05
851 1.472058e-03 2.159096e-05
852 1.464050e-03 2.147296e-05
853 1.456086e-03 2.135560e-05
854 1.448166e-03 2.123889e-05
855 1.440289e-03 2.112281e-05
856 1.432455e-03 2.100737e-05
857 1.424663e-03 2.089256e-05
858 1.416915e-03 2.077837e-05
859 1.409209e-03 2.066481e-05
860 1.401544e-03 2.055186e-05
861 1.393922e-03 2.043954e-05
862 1.386342e-03 2.032782e-05
863 1.378802e-03 2.021672e-05
864 1.371305e-03 2.010622e-05
865 1.363848e-03 1.999632e-05
866 1.356431e-03 1.988702e-05
867 1.349056e-03 1.977833e-05
868 1.341721e-03 1.967022e-05
869 1.334425e-03 1.956270e-05
870 1.327170e-03 1.945577e-05
871 1.319955e-03 1.934943e-05
872 1.312778e-03 1.924366e-05
873 1.305642e-03 1.913847e-05
874 1.298544e-03 1.903386e-05
875 1.291485e-03 1.892982e-05
876 1.284464e-03 1.882634e-05
877 1.277482e-03 1.872343e-05
878 1.270538e-03 1.862108e-05
879 1.263632e-03 1.851929e-05
880 1.256764e-03 1.841806e-05
881 1.249934e-03 1.831738e-05
882 1.243140e-03 1.821725e-05
883 1.236384e-03 1.811766e-05
884 1.229665e-03 1.801862e-05
885 1.222983e-03 1.792012e-05
886 1.216337e-03 1.782215e-05
887 1.209728e-03 1.772473e-05
888 1.203154e-03 1.762783e-05
889 1.196617e-03 1.753146e-05
890 1.190115e-03 1.743562e-05
891 1.183649e-03 1.734030e-05
892 1.177219e-03 1.724550e-05
893 1.170823e-03 1.715122e-05
894 1.164463e-03 1.705746e-05
895 1.158137e-03 1.696420e-05
896 1.151846e-03 1.687146e-05
897 1.145589e-03 1.677922e-05
898 1.139367e-03 1.668749e-05
899 1.133178e-03 1.659625e-05
900 1.127023e-03 1.650552e-05
901 1.120902e-03 1.641528e-05
902 1.114815e-03 1.632553e-05
903 1.108761e-03 1.623627e-05
904 1.102740e-03 1.614750e-05
905 1.096752e-03 1.605922e-05
906 1.090796e-03 1.597142e-05
907 1.084874e-03 1.588409e-05
908 1.078983e-03 1.579725e-05
909 1.073125e-03 1.571087e-05
910 1.067299e-03 1.562497e-05
911 1.061505e-03 1.553954e-05
912 1.055742e-03 1.545458e-05
913 1.050011e-03 1.537008e-05
914 1.044312e-03 1.528604e-05
915 1.038643e-03 1.520246e-05
916 1.033006e-03 1.511933e-05
917 1.027399e-03 1.503666e-05
918 1.021823e-03 1.495444e-05
919 1.016278e-03 1.487267e-05
920 1.010763e-03 1.479135e-05
921 1.005278e-03 1.471047e-05
922 9.998232e-04 1.463004e-05
923 9.943982e-04 1.455004e-05
924 9.890028e-04 1.447048e-05
925 9.836370e-04 1.439135e-05
926 9.783006e-04 1.431266e-05
927 9.729934e-04 1.423439e-05
928 9.677152e-04 1.415656e-05
929 9.624658e-04 1.407914e-05
930 9.572452e-04 1.400216e-05
931 9.520532e-04 1.392559e-05
932 9.468896e-04 1.384944e-05
933 9.417543e-04 1.377370e-05
934 9.366470e-04 1.369838e-05
935 9.315677e-04 1.362348e-05
936 9.265162e-04 1.354898e-05
937 9.214924e-04 1.347488e-05
938 9.164960e-04 1.340120e-05
939 9.115270e-04 1.332791e-05
940 9.065852e-04 1.325503e-05
941 9.016705e-04 1.318254e-05
942 8.967826e-04 1.311045e-05
943 8.919215e-04 1.303875e-05
944 8.870870e-04 1.296745e-05
945 8.822790e-04 1.289653e-05
946 8.774972e-04 1.282600e-05
947 8.727417e-04 1.275586e-05
948 8.680122e-04 1.268610e-05
949 8.633086e-04 1.261672e-05
950 8.586307e-04 1.254772e-05
951 8.539784e-04 1.247910e-05
952 8.493516e-04 1.241085e-05
953 8.447501e-04 1.234298e-05
954 8.401739e-04 1.227547e-05
955 8.356226e-04 1.220834e-05
956 8.310963e-04 1.214157e-05
957 8.265948e-04 1.207517e-05
958 8.221179e-04 1.200913e-05
959 8.176655e-04 1.194345e-05
960 8.132375e-04 1.187813e-05
961 8.088337e-04 1.181316e-05
962 8.044541e-04 1.174855e-05
963 8.000984e-04 1.168430e-05
964 7.957666e-04 1.162039e-05
965 7.914585e-04 1.155684e-05
966 7.871740e-04 1.149363e-05
967 7.829129e-04 1.143077e-05
968 7.786752e-04 1.136825e-05
969 7.744607e-04 1.130607e-05
970 7.702693e-04 1.124423e-05
971 7.661008e-04 1.118273e-05
972 7.619551e-04 1.112157e-05
973 7.578322e-04 1.106074e-05
974 7.537318e-04 1.100024e-05
975 7.496539e-04 1.094008e-05
976 7.455983e-04 1.088024e-05
977 7.415649e-04 1.082073e-05
978 7.375536e-04 1.076154e-05
979 7.335643e-04 1.070268e-05
980 7.295968e-04 1.064414e-05
981 7.256511e-04 1.058592e-05
982 7.217270e-04 1.052802e-05
983 7.178243e-04 1.047043e-05
984 7.139431e-04 1.041316e-05
985 7.100831e-04 1.035620e-05
986 7.062442e-04 1.029955e-05
987 7.024264e-04 1.024322e-05
988 6.986294e-04 1.018719e-05
989 6.948533e-04 1.013147e-05
990 6.910979e-04 1.007605e-05
991 6.873630e-04 1.002093e-05
992 6.836486e-04 9.966117e-06
993 6.799546e-04 9.911602e-06
994 6.762808e-04 9.857386e-06
995 6.726271e-04 9.803465e-06
996 6.689934e-04 9.749840e-06
997 6.653796e-04 9.696507e-06
998 6.617857e-04 9.643466e-06
999 6.582114e-04 9.590715e-06
1000 6.546567e-04 9.538253e-06
1001 6.511215e-04 9.486077e-06
1002 6.476057e-04 9.434186e-06
1003 6.441091e-04 9.382579e-06
1004 6.406317e-04 9.331254e-06
1005 6.371733e-04 9.280209e-06
1006 6.337339e-04 9.229444e-06
1007 6.303133e-04 9.178956e-06
1008 6.269115e-04 9.128744e-06
1009 6.235283e-04 9.078807e-06
1010 6.201637e-04 9.029142e-06
1011 6.168175e-04 8.979749e-06
1012 6.134896e-04 8.930626e-06
1013 6.101800e-04 8.881772e-06
1014 6.068885e-04 8.833185e-06
1015 6.036151e-04 8.784863e-06
1016 6.003596e-04 8.736805e-06
1017 5.971220e-04 8.689010e-06
1018 5.939021e-04 8.641477e-06
1019 5.906998e-04 8.594203e-06
1020 5.875151e-04 8.547188e-06
1021 5.843479e-04 8.500430e-06
1022 5.811980e-04 8.453927e-06
1023 5.780654e-04 8.407679e-06
1024 5.749499e-04 8.361683e-06
1025 5.718516e-04 8.315939e-06
1026 5.687702e-04 8.270445e-06
1027 5.657057e-04 8.225200e-06
1028 5.626580e-04 8.180202e-06
1029 5.596271e-04 8.135450e-06
1030 5.566127e-04 8.090943e-06
1031 5.536149e-04 8.046679e-06
1032 5.506335e-04 8.002658e-06
1033 5.476685e-04 7.958876e-06
1034 5.447197e-04 7.915335e-06
1035 5.417871e-04 7.872031e-06
1036 5.388706e-04 7.828964e-06
1037 5.359701e-04 7.786133e-06
1038 5.330855e-04 7.743535e-06
1039 5.302167e-04 7.701171e-06
1040 5.273636e-04 7.659038e-06
1041 5.245262e-04 7.617136e-06
1042 5.217043e-04 7.575463e-06
1043 5.188980e-04 7.534017e-06
1044 5.161070e-04 7.492799e-06
1045 5.133313e-04 7.451805e-06
1046 5.105709e-04 7.411036e-06
1047 5.078256e-04 7.370490e-06
1048 5.050953e-04 7.330165e-06
1049 5.023801e-04 7.290061e-06
1050 4.996797e-04 7.250176e-06
1051 4.969942e-04 7.210509e-06
1052 4.943234e-04 7.171060e-06
1053 4.916672e-04 7.131825e-06
1054 4.890256e-04 7.092806e-06
1055 4.863985e-04 7.054000e-06
1056 4.837859e-04 7.015406e-06
1057 4.811875e-04 6.977023e-06
1058 4.786034e-04 6.938850e-06
1059 4.760336e-04 6.900885e-06
1060 4.734778e-04 6.863129e-06
1061 4.709360e-04 6.825578e-06
1062 4.684082e-04 6.788233e-06
1063 4.658943e-04 6.751093e-06
1064 4.633941e-04 6.714155e-06
1065 4.609077e-04 6.677420e-06
1066 4.584350e-04 6.640885e-06
1067 4.559758e-04 6.604550e-06
1068 4.535301e-04 6.568414e-06
1069 4.510978e-04 6.532475e-06
1070 4.486789e-04 6.496733e-06
1071 4.462733e-04 6.461187e-06
1072 4.438809e-04 6.425834e-06
1073 4.415016e-04 6.390676e-06
1074 4.391354e-04 6.355709e-06
1075 4.367822e-04 6.320934e-06
1076 4.344419e-04 6.286348e-06
1077 4.321144e-04 6.251952e-06
1078 4.297998e-04 6.217744e-06
1079 4.274978e-04 6.183724e-06
1080 4.252085e-04 6.149889e-06
1081 4.229318e-04 6.116239e-06
1082 4.206676e-04 6.082773e-06
1083 4.184158e-04 6.049491e-06
1084 4.161764e-04 6.016390e-06
1085 4.139492e-04 5.983470e-06
1086 4.117344e-04 5.950731e-06
1087 4.095317e-04 5.918170e-06
1088 4.073411e-04 5.885788e-06
1089 4.051625e-04 5.853583e-06
1090 4.029959e-04 5.821553e-06
1091 4.008412e-04 5.789699e-06
1092 3.986984e-04 5.758020e-06
1093 3.965673e-04 5.726513e-06
1094 3.944479e-04 5.695179e-06
1095 3.923402e-04 5.664016e-06
1096 3.902441e-04 5.633024e-06
1097 3.881595e-04 5.602201e-06
1098 3.860864e-04 5.571547e-06
1099 3.840246e-04 5.541060e-06
1100 3.819742e-04 5.510740e-06
1101 3.799351e-04 5.480586e-06
1102 3.779072e-04 5.450597e-06
1103 3.758904e-04 5.420772e-06
1104 3.738847e-04 5.391110e-06
1105 3.718900e-04 5.361610e-06
1106 3.699064e-04 5.332272e-06
1107 3.679336e-04 5.303094e-06
1108 3.659717e-04 5.274076e-06
1109 3.640205e-04 5.245216e-06
1110 3.620802e-04 5.216514e-06
1111 3.601504e-04 5.187970e-06
1112 3.582313e-04 5.159581e-06
1113 3.563228e-04 5.131348e-06
1114 3.544247e-04 5.103269e-06
1115 3.525371e-04 5.075344e-06
1116 3.506599e-04 5.047571e-06
1117 3.487930e-04 5.019950e-06
1118 3.469364e-04 4.992481e-06
1119 3.450900e-04 4.965162e-06
1120 3.432538e-04 4.937992e-06
1121 3.414277e-04 4.910971e-06
1122 3.396116e-04 4.884097e-06
1123 3.378056e-04 4.857371e-06
1124 3.360094e-04 4.830790e-06
1125 3.342232e-04 4.804356e-06
1126 3.324468e-04 4.778065e-06
1127 3.306802e-04 4.751919e-06
1128 3.289233e-04 4.725916e-06
1129 3.271761e-04 4.700054e-06
1130 3.254385e-04 4.674335e-06
1131 3.237105e-04 4.648756e-06
1132 3.219920e-04 4.623317e-06
1133 3.202830e-04 4.598017e-06
1134 3.185834e-04 4.572855e-06
1135 3.168931e-04 4.547832e-06
1136 3.152122e-04 4.522945e-06
1137 3.135405e-04 4.498194e-06
1138 3.118780e-04 4.473578e-06
1139 3.102247e-04 4.449098e-06
1140 3.085806e-04 4.424751e-06
1141 3.069454e-04 4.400537e-06
1142 3.053193e-04 4.376456e-06
1143 3.037022e-04 4.352506e-06
1144 3.020940e-04 4.328688e-06
1145 3.004946e-04 4.305000e-06
1146 2.989041e-04 4.281441e-06
1147 2.973223e-04 4.258012e-06
1148 2.957493e-04 4.234710e-06
1149 2.941849e-04 4.211536e-06
1150 2.926292e-04 4.188489e-06
1151 2.910820e-04 4.165568e-06
1152 2.895434e-04 4.142772e-06
1153 2.880133e-04 4.120101e-06
1154 2.864916e-04 4.097554e-06
1155 2.849783e-04 4.075130e-06
1156 2.834734e-04 4.052829e-06
1157 2.819768e-04 4.030650e-06
1158 2.804884e-04 4.008592e-06
1159 2.790083e-04 3.986655e-06
1160 2.775363e-04 3.964838e-06
1161 2.760725e-04 3.943141e-06
1162 2.746167e-04 3.921562e-06
1163 2.731690e-04 3.900101e-06
1164 2.717293e-04 3.878757e-06
1165 2.702975e-04 3.857531e-06
1166 2.688737e-04 3.836420e-06
1167 2.674577e-04 3.815425e-06
1168 2.660495e-04 3.794545e-06
1169 2.646491e-04 3.773779e-06
1170 2.632565e-04 3.753127e-06
1171 2.618715e-04 3.732587e-06
1172 2.604942e-04 3.712160e-06
1173 2.591246e-04 3.691845e-06
1174 2.577625e-04 3.671641e-06
1175 2.564079e-04 3.651547e-06
1176 2.550608e-04 3.631564e-06
1177 2.537212e-04 3.611689e-06
1178 2.523890e-04 3.591924e-06
1179 2.510641e-04 3.572267e-06
1180 2.497466e-04 3.552717e-06
1181 2.484364e-04 3.533274e-06
1182 2.471334e-04 3.513937e-06
1183 2.458376e-04 3.494707e-06
1184 2.445490e-04 3.475581e-06
1185 2.432676e-04 3.456560e-06
1186 2.419932e-04 3.437643e-06
1187 2.407259e-04 3.418830e-06
1188 2.394656e-04 3.400120e-06
1189 2.382123e-04 3.381512e-06
1190 2.369660e-04 3.363005e-06
1191 2.357265e-04 3.344601e-06
1192 2.344939e-04 3.326296e-06
1193 2.332682e-04 3.308092e-06
1194 2.320492e-04 3.289988e-06
1195 2.308370e-04 3.271982e-06
1196 2.296315e-04 3.254075e-06
1197 2.284327e-04 3.236267e-06
1198 2.272405e-04 3.218555e-06
1199 2.260550e-04 3.200940e-06
1200 2.248760e-04 3.183422e-06
1201 2.237036e-04 3.166000e-06
1202 2.225377e-04 3.148673e-06
1203 2.213782e-04 3.131441e-06
1204 2.202252e-04 3.114303e-06
1205 2.190786e-04 3.097259e-06
1206 2.179383e-04 3.080308e-06
1207 2.168044e-04 3.063449e-06
1208 2.156768e-04 3.046684e-06
1209 2.145554e-04 3.030009e-06
1210 2.134403e-04 3.013426e-06
1211 2.123314e-04 2.996934e-06
1212 2.112286e-04 2.980532e-06
1213 2.101319e-04 2.964220e-06
1214 2.090414e-04 2.947997e-06
1215 2.079569e-04 2.931863e-06
1216 2.068785e-04 2.915817e-06
1217 2.058060e-04 2.899859e-06
1218 2.047395e-04 2.883988e-06
1219 2.036789e-04 2.868204e-06
1220 2.026243e-04 2.852506e-06
1221 2.015755e-04 2.836895e-06
1222 2.005325e-04 2.821369e-06
1223 1.994954e-04 2.805927e-06
1224 1.984640e-04 2.790570e-06
1225 1.974384e-04 2.775298e-06
1226 1.964185e-04 2.760108e-06
1227 1.954042e-04 2.745002e-06
1228 1.943956e-04 2.729979e-06
1229 1.933927e-04 2.715038e-06
1230 1.923953e-04 2.700178e-06
1231 1.914035e-04 2.685400e-06
1232 1.904172e-04 2.670703e-06
1233 1.894364e-04 2.656086e-06
1234 1.884611e-04 2.641549e-06
1235 1.874912e-04 2.627091e-06
1236 1.865268e-04 2.612713e-06
1237 1.855677e-04 2.598414e-06
1238 1.846140e-04 2.584192e-06
1239 1.836656e-04 2.570049e-06
1240 1.827225e-04 2.555983e-06
1241 1.817846e-04 2.541994e-06
1242 1.808520e-04 2.528081e-06
1243 1.799247e-04 2.514244e-06
1244 1.790025e-04 2.500484e-06
1245 1.780854e-04 2.486798e-06
1246 1.771735e-04 2.473188e-06
1247 1.762667e-04 2.459652e-06
1248 1.753649e-04 2.446190e-06
1249 1.744682e-04 2.432801e-06
1250 1.735765e-04 2.419486e-06
1251 1.726899e-04 2.406244e-06
1252 1.718081e-04 2.393074e-06
1253 1.709313e-04 2.379977e-06
1254 1.700595e-04 2.366951e-06
1255 1.691925e-04 2.353996e-06
1256 1.683303e-04 2.341112e-06
1257 1.674730e-04 2.328299e-06
1258 1.666205e-04 2.315555e-06
1259 1.657728e-04 2.302882e-06
1260 1.649299e-04 2.290278e-06
1261 1.640916e-04 2.277743e-06
1262 1.632581e-04 2.265276e-06
1263 1.624293e-04 2.252878e-06
1264 1.616051e-04 2.240547e-06
1265 1.607855e-04 2.228284e-06
1266 1.599705e-04 2.216088e-06
1267 1.591601e-04 2.203959e-06
1268 1.583543e-04 2.191896e-06
1269 1.575530e-04 2.179899e-06
1270 1.567562e-04 2.167968e-06
1271 1.559639e-04 2.156102e-06
1272 1.551761e-04 2.144302e-06
1273 1.543927e-04 2.132565e-06
1274 1.536136e-04 2.120893e-06
1275 1.528390e-04 2.109285e-06
1276 1.520688e-04 2.097740e-06
1277 1.513029e-04 2.086259e-06
1278 1.505413e-04 2.074840e-06
1279 1.497839e-04 2.063484e-06
1280 1.490309e-04 2.052190e-06
1281 1.482821e-04 2.040957e-06
1282 1.475376e-04 2.029787e-06
1283 1.467972e-04 2.018677e-06
1284 1.460610e-04 2.007628e-06
1285 1.453290e-04 1.996640e-06
1286 1.446011e-04 1.985711e-06
1287 1.438773e-04 1.974843e-06
1288 1.431576e-04 1.964034e-06
1289 1.424420e-04 1.953284e-06
1290 1.417305e-04 1.942593e-06
1291 1.410229e-04 1.931961e-06
1292 1.403194e-04 1.921386e-06
1293 1.396198e-04 1.910870e-06
1294 1.389242e-04 1.900411e-06
1295 1.382326e-04 1.890009e-06
1296 1.375448e-04 1.879665e-06
1297 1.368610e-04 1.869377e-06
1298 1.361810e-04 1.859145e-06
1299 1.355049e-04 1.848969e-06
1300 1.348327e-04 1.838849e-06
1301 1.341642e-04 1.828784e-06
1302 1.334996e-04 1.818774e-06
1303 1.328387e-04 1.808819e-06
1304 1.321816e-04 1.798919e-06
1305 1.315282e-04 1.789073e-06
1306 1.308785e-04 1.779281e-06
1307 1.302326e-04 1.769542e-06
1308 1.295903e-04 1.759856e-06
1309 1.289516e-04 1.750224e-06
1310 1.283166e-04 1.740644e-06
1311 1.276852e-04 1.731117e-06
1312 1.270575e-04 1.721642e-06
1313 1.264332e-04 1.712218e-06
1314 1.258126e-04 1.702847e-06
1315 1.251955e-04 1.693526e-06
1316 1.245819e-04 1.684257e-06
1317 1.239718e-04 1.675038e-06
1318 1.233652e-04 1.665870e-06
1319 1.227621e-04 1.656752e-06
1320 1.221624e-04 1.647684e-06
1321 1.215662e-04 1.638665e-06
1322 1.209733e-04 1.629696e-06
1323 1.203839e-04 1.620776e-06
1324 1.197978e-04 1.611904e-06
1325 1.192151e-04 1.603082e-06
1326 1.186357e-04 1.594307e-06
1327 1.180597e-04 1.585581e-06
1328 1.174869e-04 1.576902e-06
1329 1.169175e-04 1.568271e-06
1330 1.163513e-04 1.559687e-06
1331 1.157884e-04 1.551150e-06
1332 1.152287e-04 1.542660e-06
1333 1.146722e-04 1.534216e-06
1334 1.141189e-04 1.525819e-06
1335 1.135688e-04 1.517467e-06
1336 1.130218e-04 1.509161e-06
1337 1.124781e-04 1.500901e-06
1338 1.119374e-04 1.492685e-06
1339 1.113999e-04 1.484515e-06
1340 1.108654e-04 1.476390e-06
1341 1.103341e-04 1.468308e-06
1342 1.098058e-04 1.460272e-06
1343 1.092806e-04 1.452279e-06
1344 1.087584e-04 1.444330e-06
1345 1.082392e-04 1.436424e-06
1346 1.077230e-04 1.428562e-06
1347 1.072098e-04 1.420742e-06
1348 1.066996e-04 1.412966e-06
1349 1.061923e-04 1.405232e-06
1350 1.056880e-04 1.397540e-06
1351 1.051866e-04 1.389891e-06
1352 1.046881e-04 1.382283e-06
1353 1.041925e-04 1.374717e-06
1354 1.036998e-04 1.367192e-06
1355 1.032100e-04 1.359709e-06
1356 1.027230e-04 1.352266e-06
1357 1.022388e-04 1.344865e-06
1358 1.017574e-04 1.337503e-06
1359 1.012789e-04 1.330182e-06
1360 1.008031e-04 1.322902e-06
1361 1.003301e-04 1.315661e-06
1362 9.985988e-05 1.308459e-06
1363 9.939239e-05 1.301297e-06
1364 9.892763e-05 1.294174e-06
1365 9.846559e-05 1.287091e-06
1366 9.800624e-05 1.280046e-06
1367 9.754958e-05 1.273039e-06
1368 9.709560e-05 1.266071e-06
1369 9.664427e-05 1.259141e-06
1370 9.619559e-05 1.252249e-06
1371 9.574954e-05 1.245394e-06
1372 9.530611e-05 1.238578e-06
1373 9.486527e-05 1.231798e-06
1374 9.442703e-05 1.225056e-06
1375 9.399136e-05 1.218350e-06
1376 9.355826e-05 1.211681e-06
1377 9.312770e-05 1.205049e-06
1378 9.269968e-05 1.198453e-06
1379 9.227417e-05 1.191893e-06
1380 9.185118e-05 1.185369e-06
1381 9.143068e-05 1.178881e-06
1382 9.101267e-05 1.172428e-06
1383 9.059712e-05 1.166010e-06
1384 9.018402e-05 1.159628e-06
1385 8.977337e-05 1.153281e-06
1386 8.936515e-05 1.146968e-06
1387 8.895935e-05 1.140690e-06
1388 8.855595e-05 1.134446e-06
1389 8.815495e-05 1.128237e-06
1390 8.775632e-05 1.122061e-06
1391 8.736006e-05 1.115919e-06
1392 8.696615e-05 1.109811e-06
1393 8.657458e-05 1.103736e-06
1394 8.618535e-05 1.097695e-06
1395 8.579843e-05 1.091686e-06
1396 8.541381e-05 1.085711e-06
1397 8.503149e-05 1.079768e-06
1398 8.465145e-05 1.073857e-06
1399 8.427367e-05 1.067979e-06
1400 8.389816e-05 1.062134e-06
1401 8.352488e-05 1.056320e-06
1402 8.315384e-05 1.050538e-06
1403 8.278503e-05 1.044788e-06
1404 8.241842e-05 1.039069e-06
1405 8.205401e-05 1.033381e-06
1406 8.169178e-05 1.027725e-06
1407 8.133173e-05 1.022099e-06
1408 8.097384e-05 1.016504e-06
1409 8.061811e-05 1.010940e-06
1410 8.026451e-05 1.005407e-06
1411 7.991305e-05 9.999035e-07
1412 7.956370e-05 9.944303e-07
1413 7.921646e-05 9.889870e-07
1414 7.887131e-05 9.835736e-07
1415 7.852825e-05 9.781897e-07
1416 7.818726e-05 9.728354e-07
1417 7.784834e-05 9.675103e-07
1418 7.751146e-05 9.622144e-07
1419 7.717663e-05 9.569475e-07
1420 7.684383e-05 9.517094e-07
1421 7.651304e-05 9.465000e-07
1422 7.618427e-05 9.413191e-07
1423 7.585749e-05 9.361665e-07
1424 7.553270e-05 9.310422e-07
1425 7.520989e-05 9.259459e-07
1426 7.488905e-05 9.208774e-07
1427 7.457016e-05 9.158368e-07
1428 7.425321e-05 9.108237e-07
1429 7.393821e-05 9.058381e-07
1430 7.362512e-05 9.008797e-07
1431 7.331396e-05 8.959485e-07
1432 7.300469e-05 8.910443e-07
1433 7.269733e-05 8.861669e-07
1434 7.239184e-05 8.813162e-07
1435 7.208824e-05 8.764921e-07
1436 7.178650e-05 8.716943e-07
1437 7.148661e-05 8.669229e-07
1438 7.118857e-05 8.621775e-07
1439 7.089236e-05 8.574581e-07
1440 7.059798e-05 8.527646e-07
1441 7.030541e-05 8.480967e-07
1442 7.001465e-05 8.434544e-07
1443 6.972569e-05 8.388375e-07
1444 6.943852e-05 8.342459e-07
1445 6.915312e-05 8.296794e-07
1446 6.886949e-05 8.251379e-07
1447 6.858763e-05 8.206213e-07
1448 6.830751e-05 8.161293e-07
1449 6.802913e-05 8.116620e-07
1450 6.775248e-05 8.072191e-07
1451 6.747755e-05 8.028006e-07
1452 6.720434e-05 7.984062e-07
1453 6.693283e-05 7.940358e-07
1454 6.666301e-05 7.896894e-07
1455 6.639488e-05 7.853668e-07
1456 6.612843e-05 7.810679e-07
1457 6.586364e-05 7.767924e-07
1458 6.560051e-05 7.725404e-07
1459 6.533904e-05 7.683117e-07
1460 6.507920e-05 7.641060e-07
1461 6.482099e-05 7.599235e-07
1462 6.456441e-05 7.557638e-07
1463 6.430944e-05 7.516268e-07
1464 6.405608e-05 7.475126e-07
1465 6.380432e-05 7.434208e-07
1466 6.355415e-05 7.393514e-07
1467 6.330555e-05 7.353043e-07
1468 6.305853e-05 7.312794e-07
1469 6.281307e-05 7.272765e-07
1470 6.256916e-05 7.232955e-07
1471 6.232681e-05 7.193363e-07
1472 6.208599e-05 7.153988e-07
1473 6.184670e-05 7.114828e-07
1474 6.160893e-05 7.075882e-07
1475 6.137268e-05 7.037150e-07
1476 6.113793e-05 6.998630e-07
1477 6.090468e-05 6.960320e-07
1478 6.067291e-05 6.922220e-07
1479 6.044263e-05 6.884329e-07
1480 6.021382e-05 6.846645e-07
1481 5.998648e-05 6.809168e-07
1482 5.976060e-05 6.771895e-07
1483 5.953616e-05 6.734827e-07
1484 5.931316e-05 6.697961e-07
1485 5.909160e-05 6.661297e-07
1486 5.887147e-05 6.624834e-07
1487 5.865275e-05 6.588571e-07
1488 5.843544e-05 6.552506e-07
1489 5.821954e-05 6.516638e-07
1490 5.800503e-05 6.480967e-07
1491 5.779190e-05 6.445491e-07
1492 5.758016e-05 6.410209e-07
1493 5.736979e-05 6.375120e-07
1494 5.716079e-05 6.340224e-07
1495 5.695314e-05 6.305518e-07
1496 5.674684e-05 6.271002e-07
1497 5.654188e-05 6.236676e-07
1498 5.633826e-05 6.202537e-07
1499 5.613597e-05 6.168585e-07
1500 5.593499e-05 6.134819e-07
1501 5.573533e-05 6.101237e-07
1502 5.553698e-05 6.067840e-07
1503 5.533992e-05 6.034625e-07
1504 5.514416e-05 6.001592e-07
1505 5.494968e-05 5.968740e-07
1506 5.475648e-05 5.936068e-07
1507 5.456454e-05 5.903574e-07
1508 5.437388e-05 5.871259e-07
1509 5.418446e-05 5.839120e-07
1510 5.399630e-05 5.807157e-07
1511 5.380938e-05 5.775370e-07
1512 5.362369e-05 5.743756e-07
1513 5.343923e-05 5.712315e-07
1514 5.325599e-05 5.681046e-07
1515 5.307397e-05 5.649949e-07
1516 5.289316e-05 5.619021e-07
1517 5.271354e-05 5.588263e-07
1518 5.253512e-05 5.557674e-07
1519 5.235789e-05 5.527252e-07
1520 5.218184e-05 5.496996e-07
1521 5.200697e-05 5.466906e-07
1522 5.183326e-05 5.436980e-07
1523 5.166071e-05 5.407219e-07
1524 5.148932e-05 5.377620e-07
1525 5.131907e-05 5.348183e-07
1526 5.114997e-05 5.318908e-07
1527 5.098200e-05 5.289793e-07
1528 5.081516e-05 5.260837e-07
1529 5.064944e-05 5.232039e-07
1530 5.048484e-05 5.203399e-07
1531 5.032135e-05 5.174916e-07
1532 5.015896e-05 5.146589e-07
1533 4.999767e-05 5.118417e-07
1534 4.983747e-05 5.090399e-07
1535 4.967835e-05 5.062535e-07
1536 4.952031e-05 5.034823e-07
1537 4.936334e-05 5.007263e-07
1538 4.920744e-05 4.979853e-07
1539 4.905260e-05 4.952594e-07
1540 4.889881e-05 4.925484e-07
1541 4.874606e-05 4.898522e-07
1542 4.859436e-05 4.871708e-07
1543 4.844370e-05 4.845040e-07
1544 4.829406e-05 4.818519e-07
1545 4.814545e-05 4.792142e-07
1546 4.799785e-05 4.765910e-07
1547 4.785127e-05 4.739822e-07
1548 4.770569e-05 4.713877e-07
1549 4.756111e-05 4.688073e-07
1550 4.741753e-05 4.662411e-07
1551 4.727493e-05 4.636889e-07
1552 4.713331e-05 4.611507e-07
1553 4.699267e-05 4.586264e-07
1554 4.685301e-05 4.561159e-07
1555 4.671430e-05 4.536191e-07
1556 4.657656e-05 4.511360e-07
1557 4.643977e-05 4.486665e-07
1558 4.630392e-05 4.462106e-07
1559 4.616902e-05 4.437680e-07
1560 4.603506e-05 4.413388e-07
1561 4.590203e-05 4.389230e-07
1562 4.576992e-05 4.365203e-07
1563 4.563873e-05 4.341308e-07
1564 4.550846e-05 4.317544e-07
1565 4.537909e-05 4.293910e-07
1566 4.525063e-05 4.270405e-07
1567 4.512307e-05 4.247029e-07
1568 4.499640e-05 4.223781e-07
1569 4.487062e-05 4.200660e-07
1570 4.474572e-05 4.177666e-07
1571 4.462169e-05 4.154798e-07
1572 4.449854e-05 4.132055e-07
1573 4.437625e-05 4.109436e-07
1574 4.425483e-05 4.086941e-07
1575 4.413426e-05 4.064569e-07
1576 4.401454e-05 4.042320e-07
1577 4.389566e-05 4.020192e-07
1578 4.377763e-05 3.998186e-07
1579 4.366043e-05 3.976300e-07
1580 4.354406e-05 3.954534e-07
1581 4.342851e-05 3.932887e-07
1582 4.331379e-05 3.911358e-07
1583 4.319988e-05 3.889947e-07
1584 4.308677e-05 3.868654e-07
1585 4.297448e-05 3.847477e-07
1586 4.286298e-05 3.826416e-07
1587 4.275227e-05 3.805470e-07
1588 4.264236e-05 3.784639e-07
1589 4.253323e-05 3.763922e-07
1590 4.242488e-05 3.743318e-07
1591 4.231730e-05 3.722828e-07
1592 4.221050e-05 3.702449e-07
1593 4.210446e-05 3.682182e-07
1594 4.199918e-05 3.662025e-07
1595 4.189466e-05 3.641980e-07
1596 4.179088e-05 3.622043e-07
1597 4.168786e-05 3.602216e-07
1598 4.158557e-05 3.582498e-07
1599 4.148402e-05 3.562887e-07
1600 4.138320e-05 3.543384e-07
1601 4.128311e-05 3.523988e-07
1602 4.118375e-05 3.504697e-07
1603 4.108510e-05 3.485513e-07
1604 4.098716e-05 3.466433e-07
1605 4.088994e-05 3.447458e-07
1606 4.079341e-05 3.428586e-07
1607 4.069759e-05 3.409818e-07
1608 4.060247e-05 3.391153e-07
1609 4.050803e-05 3.372590e-07
1610 4.041428e-05 3.354128e-07
1611 4.032121e-05 3.335768e-07
1612 4.022882e-05 3.317508e-07
1613 4.013711e-05 3.299348e-07
1614 4.004606e-05 3.281287e-07
1615 3.995567e-05 3.263325e-07
1616 3.986595e-05 3.245462e-07
1617 3.977688e-05 3.227696e-07
1618 3.968847e-05 3.210028e-07
1619 3.960070e-05 3.192456e-07
1620 3.951357e-05 3.174980e-07
1621 3.942708e-05 3.157601e-07
1622 3.934123e-05 3.140316e-07
1623 3.925601e-05 3.123126e-07
1624 3.917141e-05 3.106030e-07
1625 3.908744e-05 3.089027e-07
1626 3.900408e-05 3.072118e-07
1627 3.892134e-05 3.055301e-07
1628 3.883921e-05 3.038576e-07
1629 3.875768e-05 3.021943e-07
1630 3.867675e-05 3.005401e-07
1631 3.859643e-05 2.988949e-07
1632 3.851669e-05 2.972588e-07
1633 3.843755e-05 2.956316e-07
1634 3.835899e-05 2.940133e-07
1635 3.828101e-05 2.924039e-07
1636 3.820361e-05 2.908032e-07
1637 3.812679e-05 2.892114e-07
1638 3.805053e-05 2.876282e-07
1639 3.797484e-05 2.860537e-07
1640 3.789972e-05 2.844879e-07
1641 3.782515e-05 2.829306e-07
1642 3.775113e-05 2.813818e-07
1643 3.767767e-05 2.798415e-07
1644 3.760476e-05 2.783097e-07
1645 3.753238e-05 2.767862e-07
1646 3.746055e-05 2.752711e-07
1647 3.738925e-05 2.737642e-07
1648 3.731849e-05 2.722656e-07
1649 3.724825e-05 2.707752e-07
1650 3.717854e-05 2.692930e-07
1651 3.710935e-05 2.678189e-07
1652 3.704068e-05 2.663528e-07
1653 3.697252e-05 2.648948e-07
1654 3.690488e-05 2.634448e-07
1655 3.683774e-05 2.620027e-07
1656 3.677110e-05 2.605685e-07
1657 3.670497e-05 2.591421e-07
1658 3.663933e-05 2.577235e-07
1659 3.657418e-05 2.563128e-07
1660 3.650952e-05 2.549097e-07
1661 3.644535e-05 2.535143e-07
1662 3.638166e-05 2.521266e-07
1663 3.631845e-05 2.507464e-07
1664 3.625572e-05 2.493738e-07
1665 3.619346e-05 2.480087e-07
1666 3.613167e-05 2.466511e-07
1667 3.607035e-05 2.453010e-07
1668 3.600948e-05 2.439582e-07
1669 3.594908e-05 2.426227e-07
1670 3.588913e-05 2.412946e-07
1671 3.582964e-05 2.399738e-07
1672 3.577060e-05 2.386601e-07
1673 3.571200e-05 2.373537e-07
1674 3.565384e-05 2.360544e-07
1675 3.559613e-05 2.347622e-07
1676 3.553885e-05 2.334771e-07
1677 3.548201e-05 2.321991e-07
1678 3.542560e-05 2.309280e-07
1679 3.536961e-05 2.296639e-07
1680 3.531405e-05 2.284067e-07
1681 3.525891e-05 2.271564e-07
1682 3.520419e-05 2.259129e-07
1683 3.514988e-05 2.246763e-07
1684 3.509599e-05 2.234464e-07
1685 3.504251e-05 2.222232e-07
1686 3.498943e-05 2.210068e-07
1687 3.493676e-05 2.197970e-07
1688 3.488448e-05 2.185938e-07
1689 3.483261e-05 2.173972e-07
1690 3.478113e-05 2.162072e-07
1691 3.473004e-05 2.150236e-07
1692 3.467934e-05 2.138466e-07
1693 3.462903e-05 2.126760e-07
1694 3.457910e-05 2.115118e-07
1695 3.452955e-05 2.103540e-07
1696 3.448037e-05 2.092025e-07
1697 3.443158e-05 2.080573e-07
1698 3.438315e-05 2.069184e-07
1699 3.433509e-05 2.057857e-07
1700 3.428740e-05 2.046592e-07
1701 3.424008e-05 2.035389e-07
1702 3.419312e-05 2.024247e-07
1703 3.414651e-05 2.013166e-07
1704 3.410026e-05 2.002146e-07
1705 3.405436e-05 1.991186e-07
1706 3.400882e-05 1.980286e-07
1707 3.396362e-05 1.969446e-07
1708 3.391877e-05 1.958665e-07
1709 3.387426e-05 1.947943e-07
1710 3.383009e-05 1.937280e-07
1711 3.378626e-05 1.926675e-07
1712 3.374277e-05 1.916129e-07
1713 3.369960e-05 1.905640e-07
1714 3.365677e-05 1.895208e-07
1715 3.361426e-05 1.884834e-07
1716 3.357209e-05 1.874516e-07
1717 3.353023e-05 1.864255e-07
1718 3.348869e-05 1.854050e-07
1719 3.344747e-05 1.843901e-07
1720 3.340657e-05 1.833807e-07
1721 3.336598e-05 1.823769e-07
1722 3.332570e-05 1.813785e-07
1723 3.328573e-05 1.803856e-07
1724 3.324607e-05 1.793982e-07
1725 3.320671e-05 1.784162e-07
1726 3.316765e-05 1.774395e-07
1727 3.312889e-05 1.764682e-07
1728 3.309043e-05 1.755022e-07
1729 3.305226e-05 1.745415e-07
1730 3.301439e-05 1.735860e-07
1731 3.297680e-05 1.726358e-07
1732 3.293951e-05 1.716908e-07
1733 3.290250e-05 1.707509e-07
1734 3.286577e-05 1.698162e-07
1735 3.282932e-05 1.688867e-07
1736 3.279316e-05 1.679622e-07
1737 3.275727e-05 1.670427e-07
1738 3.272165e-05 1.661283e-07
1739 3.268631e-05 1.652189e-07
1740 3.265124e-05 1.643145e-07
1741 3.261644e-05 1.634150e-07
1742 3.258191e-05 1.625205e-07
1743 3.254764e-05 1.616308e-07
1744 3.251363e-05 1.607461e-07
1745 3.247988e-05 1.598661e-07
1746 3.244639e-05 1.589910e-07
1747 3.241316e-05 1.581207e-07
1748 3.238019e-05 1.572551e-07
1749 3.234746e-05 1.563943e-07
1750 3.231499e-05 1.555382e-07
1751 3.228276e-05 1.546867e-07
1752 3.225079e-05 1.538400e-07
1753 3.221905e-05 1.529979e-07
1754 3.218756e-05 1.521603e-07
1755 3.215631e-05 1.513274e-07
1756 3.212531e-05 1.504990e-07
1757 3.209453e-05 1.496752e-07
1758 3.206400e-05 1.488558e-07
1759 3.203369e-05 1.480410e-07
1760 3.200362e-05 1.472306e-07
1761 3.197378e-05 1.464247e-07
1762 3.194417e-05 1.456231e-07
1763 3.191478e-05 1.448260e-07
1764 3.188562e-05 1.440332e-07
1765 3.185668e-05 1.432447e-07
1766 3.182797e-05 1.424606e-07
1767 3.179947e-05 1.416808e-07
1768 3.177119e-05 1.409052e-07
1769 3.174313e-05 1.401339e-07
1770 3.171528e-05 1.393668e-07
1771 3.168764e-05 1.386038e-07
1772 3.166022e-05 1.378451e-07
1773 3.163300e-05 1.370905e-07
1774 3.160599e-05 1.363401e-07
1775 3.157919e-05 1.355938e-07
1776 3.155259e-05 1.348515e-07
1777 3.152620e-05 1.341133e-07
1778 3.150001e-05 1.333792e-07
1779 3.147401e-05 1.326491e-07
1780 3.144822e-05 1.319229e-07
1781 3.142262e-05 1.312008e-07
1782 3.139722e-05 1.304826e-07
1783 3.137201e-05 1.297683e-07
1784 3.134699e-05 1.290579e-07
1785 3.132216e-05 1.283515e-07
1786 3.129752e-05 1.276488e-07
1787 3.127307e-05 1.269501e-07
1788 3.124881e-05 1.262551e-07
1789 3.122473e-05 1.255640e-07
1790 3.120083e-05 1.248767e-07
1791 3.117712e-05 1.241931e-07
1792 3.115358e-05 1.235132e-07
1793 3.113022e-05 1.228371e-07
1794 3.110705e-05 1.221647e-07
1795 3.108404e-05 1.214960e-07
1796 3.106121e-05 1.208309e-07
1797 3.103856e-05 1.201694e-07
1798 3.101608e-05 1.195116e-07
1799 3.099376e-05 1.188574e-07
1800 3.097162e-05 1.182068e-07
1801 3.094964e-05 1.175597e-07
1802 3.092783e-05 1.169162e-07
1803 3.090619e-05 1.162762e-07
1804 3.088471e-05 1.156397e-07
1805 3.086339e-05 1.150066e-07
1806 3.084223e-05 1.143771e-07
1807 3.082124e-05 1.137510e-07
1808 3.080040e-05 1.131283e-07
1809 3.077972e-05 1.125090e-07
1810 3.075919e-05 1.118931e-07
1811 3.073883e-05 1.112806e-07
1812 3.071861e-05 1.106715e-07
1813 3.069855e-05 1.100656e-07
1814 3.067863e-05 1.094631e-07
1815 3.065887e-05 1.088639e-07
1816 3.063926e-05 1.082680e-07
1817 3.061980e-05 1.076753e-07
1818 3.060048e-05 1.070859e-07
1819 3.058130e-05 1.064997e-07
1820 3.056227e-05 1.059167e-07
1821 3.054339e-05 1.053369e-07
1822 3.052464e-05 1.047603e-07
1823 3.050604e-05 1.041868e-07
1824 3.048758e-05 1.036165e-07
1825 3.046925e-05 1.030493e-07
1826 3.045107e-05 1.024852e-07
1827 3.043302e-05 1.019242e-07
1828 3.041510e-05 1.013662e-07
1829 3.039732e-05 1.008113e-07
1830 3.037967e-05 1.002595e-07
1831 3.036215e-05 9.971065e-08
1832 3.034477e-05 9.916482e-08
1833 3.032751e-05 9.862199e-08
1834 3.031039e-05 9.808212e-08
1835 3.029339e-05 9.754521e-08
1836 3.027652e-05 9.701124e-08
1837 3.025977e-05 9.648019e-08
1838 3.024315e-05 9.595205e-08
1839 3.022666e-05 9.542680e-08
1840 3.021029e-05 9.490442e-08
1841 3.019403e-05 9.438491e-08
1842 3.017790e-05 9.386823e-08
1843 3.016189e-05 9.335439e-08
1844 3.014600e-05 9.284336e-08
1845 3.013023e-05 9.233513e-08
1846 3.011457e-05 9.182967e-08
1847 3.009903e-05 9.132699e-08
1848 3.008361e-05 9.082706e-08
1849 3.006830e-05 9.032986e-08
1850 3.005310e-05 8.983539e-08
1851 3.003802e-05 8.934362e-08
1852 3.002305e-05 8.885454e-08
1853 3.000819e-05 8.836815e-08
1854 2.999344e-05 8.788441e-08
1855 2.997880e-05 8.740332e-08
1856 2.996426e-05 8.692487e-08
1857 2.994984e-05 8.644903e-08
1858 2.993552e-05 8.597580e-08
1859 2.992130e-05 8.550516e-08
1860 2.990719e-05 8.503710e-08
1861 2.989319e-05 8.457160e-08
1862 2.987929e-05 8.410864e-08
1863 2.986549e-05 8.364823e-08
1864 2.985179e-05 8.319033e-08
1865 2.983819e-05 8.273493e-08
1866 2.982469e-05 8.228204e-08
1867 2.981129e-05 8.183162e-08
1868 2.979800e-05 8.138366e-08
1869 2.978479e-05 8.093816e-08
1870 2.977169e-05 8.049510e-08
1871 2.975868e-05 8.005446e-08
1872 2.974576e-05 7.961623e-08
1873 2.973294e-05 7.918040e-08
1874 2.972022e-05 7.874696e-08
1875 2.970759e-05 7.831589e-08
1876 2.969505e-05 7.788718e-08
1877 2.968260e-05 7.746082e-08
1878 2.967024e-05 7.703679e-08
1879 2.965797e-05 7.661509e-08
1880 2.964579e-05 7.619569e-08
1881 2.963370e-05 7.577858e-08
1882 2.962170e-05 7.536377e-08
1883 2.960979e-05 7.495122e-08
1884 2.959796e-05 7.454093e-08
1885 2.958622e-05 7.413288e-08
1886 2.957456e-05 7.372707e-08
1887 2.956299e-05 7.332348e-08
1888 2.955150e-05 7.292210e-08
1889 2.954010e-05 7.252292e-08
1890 2.952878e-05 7.212592e-08
1891 2.951754e-05 7.173109e-08
1892 2.950638e-05 7.133843e-08
1893 2.949530e-05 7.094792e-08
1894 2.948430e-05 7.055954e-08
1895 2.947339e-05 7.017329e-08
1896 2.946255e-05 6.978915e-08
1897 2.945179e-05 6.940712e-08
1898 2.944110e-05 6.902718e-08
1899 2.943049e-05 6.864932e-08
1900 2.941996e-05 6.827352e-08
1901 2.940951e-05 6.789979e-08
1902 2.939913e-05 6.752810e-08
1903 2.938883e-05 6.715844e-08
1904 2.937860e-05 6.679081e-08
1905 2.936844e-05 6.642519e-08
1906 2.935835e-05 6.606157e-08
1907 2.934834e-05 6.569994e-08
1908 2.933840e-05 6.534029e-08
1909 2.932853e-05 6.498262e-08
1910 2.931873e-05 6.462689e-08
1911 2.930900e-05 6.427312e-08
1912 2.929935e-05 6.392128e-08
1913 2.928976e-05 6.357137e-08
1914 2.928023e-05 6.322337e-08
1915 2.927078e-05 6.287728e-08
1916 2.926139e-05 6.253308e-08
1917 2.925207e-05 6.219077e-08
1918 2.924282e-05 6.185033e-08
1919 2.923363e-05 6.151176e-08
1920 2.922451e-05 6.117504e-08
1921 2.921545e-05 6.084016e-08
1922 2.920646e-05 6.050711e-08
1923 2.919753e-05 6.017589e-08
1924 2.918866e-05 5.984648e-08
1925 2.917986e-05 5.951887e-08
1926 2.917112e-05 5.919306e-08
1927 2.916244e-05 5.886903e-08
1928 2.915382e-05 5.854678e-08
1929 2.914527e-05 5.822628e-08
1930 2.913677e-05 5.790755e-08
1931 2.912833e-05 5.759056e-08
1932 2.911996e-05 5.727530e-08
1933 2.911164e-05 5.696177e-08
1934 2.910338e-05 5.664995e-08
1935 2.909518e-05 5.633984e-08
1936 2.908703e-05 5.603143e-08
1937 2.907895e-05 5.572471e-08
1938 2.907092e-05 5.541967e-08
1939 2.906294e-05 5.511630e-08
1940 2.905503e-05 5.481458e-08
1941 2.904716e-05 5.451452e-08
1942 2.903936e-05 5.421610e-08
1943 2.903161e-05 5.391932e-08
1944 2.902391e-05 5.362416e-08
1945 2.901626e-05 5.333061e-08
1946 2.900867e-05 5.303868e-08
1947 2.900113e-05 5.274834e-08
1948 2.899365e-05 5.245959e-08
1949 2.898621e-05 5.217242e-08
1950 2.897883e-05 5.188682e-08
1951 2.897150e-05 5.160278e-08
1952 2.896422e-05 5.132031e-08
1953 2.895700e-05 5.103937e-08
1954 2.894982e-05 5.075998e-08
1955 2.894269e-05 5.048211e-08
1956 2.893561e-05 5.020577e-08
1957 2.892858e-05 4.993093e-08
1958 2.892160e-05 4.965761e-08
1959 2.891466e-05 4.938578e-08
1960 2.890778e-05 4.911543e-08
1961 2.890094e-05 4.884657e-08
1962 2.889415e-05 4.857918e-08
1963 2.888741e-05 4.831325e-08
1964 2.888071e-05 4.804878e-08
1965 2.887406e-05 4.778575e-08
1966 2.886745e-05 4.752417e-08
1967 2.886090e-05 4.726402e-08
1968 2.885438e-05 4.700529e-08
1969 2.884791e-05 4.674798e-08
1970 2.884149e-05 4.649207e-08
1971 2.883510e-05 4.623757e-08
1972 2.882877e-05 4.598446e-08
1973 2.882247e-05 4.573274e-08
1974 2.881622e-05 4.548239e-08
1975 2.881001e-05 4.523341e-08
1976 2.880385e-05 4.498580e-08
1977 2.879772e-05 4.473954e-08
1978 2.879164e-05 4.449463e-08
1979 2.878560e-05 4.425107e-08
1980 2.877960e-05 4.400883e-08
1981 2.877365e-05 4.376792e-08
1982 2.876773e-05 4.352833e-08
1983 2.876185e-05 4.329005e-08
1984 2.875601e-05 4.305308e-08
1985 2.875022e-05 4.281740e-08
1986 2.874446e-05 4.258301e-08
1987 2.873874e-05 4.234991e-08
1988 2.873306e-05 4.211808e-08
1989 2.872742e-05 4.188752e-08
1990 2.872181e-05 4.165822e-08
1991 2.871625e-05 4.143018e-08
1992 2.871072e-05 4.120339e-08
1993 2.870523e-05 4.097784e-08
1994 2.869977e-05 4.075352e-08
1995 2.869436e-05 4.053043e-08
1996 2.868898e-05 4.030856e-08
1997 2.868363e-05 4.008791e-08
1998 2.867833e-05 3.986846e-08
1999 2.867305e-05 3.965022e-08
2000 2.866782e-05 3.943317e-08
2001 2.866262e-05 3.921730e-08
2002 2.865745e-05 3.900262e-08
2003 2.865232e-05 3.878912e-08
2004 2.864722e-05 3.857678e-08
2005 2.864216e-05 3.836561e-08
2006 2.863713e-05 3.815559e-08
2007 2.863213e-05 3.794672e-08
2008 2.862717e-05 3.773900e-08
2009 2.862224e-05 3.753241e-08
2010 2.861734e-05 3.732695e-08
2011 2.861248e-05 3.712262e-08
2012 2.860765e-05 3.691941e-08
2013 2.860285e-05 3.671731e-08
2014 2.859808e-05 3.651631e-08
2015 2.859335e-05 3.631642e-08
2016 2.858864e-05 3.611762e-08
2017 2.858397e-05 3.591991e-08
2018 2.857933e-05 3.572328e-08
2019 2.857472e-05 3.552772e-08
2020 2.857014e-05 3.533324e-08
2021 2.856559e-05 3.513982e-08
2022 2.856107e-05 3.494746e-08
2023 2.855658e-05 3.475616e-08
2024 2.855212e-05 3.456590e-08
2025 2.854769e-05 3.437668e-08
2026 2.854329e-05 3.418850e-08
2027 2.853892e-05 3.400135e-08
2028 2.853457e-05 3.381522e-08
2029 2.853026e-05 3.363011e-08
2030 2.852597e-05 3.344601e-08
2031 2.852172e-05 3.326293e-08
2032 2.851749e-05 3.308084e-08
2033 2.851329e-05 3.289975e-08
2034 2.850911e-05 3.271966e-08
2035 2.850496e-05 3.254054e-08
2036 2.850084e-05 3.236241e-08
2037 2.849675e-05 3.218526e-08
2038 2.849269e-05 3.200907e-08
2039 2.848865e-05 3.183385e-08
2040 2.848463e-05 3.165959e-08
2041 2.848065e-05 3.148628e-08
2042 2.847669e-05 3.131392e-08
2043 2.847275e-05 3.114250e-08
2044 2.846884e-05 3.097203e-08
2045 2.846496e-05 3.080248e-08
2046 2.846110e-05 3.063387e-08
2047 2.845727e-05 3.046617e-08
2048 2.845346e-05 3.029940e-08
2049 2.844968e-05 3.013353e-08
2050 2.844592e-05 2.996858e-08
2051 2.844219e-05 2.980453e-08
2052 2.843848e-05 2.964137e-08
2053 2.843479e-05 2.947911e-08
2054 2.843113e-05 2.931774e-08
2055 2.842749e-05 2.915725e-08
2056 2.842388e-05 2.899764e-08
2057 2.842029e-05 2.883891e-08
2058 2.841672e-05 2.868104e-08
2059 2.841318e-05 2.852404e-08
2060 2.840965e-05 2.836789e-08
2061 2.840616e-05 2.821260e-08
2062 2.840268e-05 2.805816e-08
2063 2.839923e-05 2.790457e-08
2064 2.839579e-05 2.775182e-08
2065 2.839238e-05 2.759990e-08
2066 2.838900e-05 2.744881e-08
2067 2.838563e-05 2.729856e-08
2068 2.838229e-05 2.714912e-08
2069 2.837896e-05 2.700050e-08
2070 2.837566e-05 2.685270e-08
2071 2.837238e-05 2.670570e-08
2072 2.836912e-05 2.655951e-08
2073 2.836589e-05 2.641412e-08
2074 2.836267e-05 2.626953e-08
2075 2.835947e-05 2.612573e-08
2076 2.835630e-05 2.598271e-08
2077 2.835314e-05 2.584048e-08
2078 2.835000e-05 2.569903e-08
2079 2.834689e-05 2.555835e-08
2080 2.834379e-05 2.541844e-08
2081 2.834072e-05 2.527929e-08
2082 2.833766e-05 2.514091e-08
2083 2.833462e-05 2.500329e-08
2084 2.833161e-05 2.486642e-08
2085 2.832861e-05 2.473029e-08
2086 2.832563e-05 2.459492e-08
2087 2.832267e-05 2.446028e-08
2088 2.831973e-05 2.432638e-08
2089 2.831680e-05 2.419322e-08
2090 2.831390e-05 2.406078e-08
2091 2.831101e-05 2.392907e-08
2092 2.830815e-05 2.379808e-08
2093 2.830530e-05 2.366781e-08
2094 2.830246e-05 2.353825e-08
2095 2.829965e-05 2.340939e-08
2096 2.829686e-05 2.328125e-08
2097 2.829408e-05 2.315380e-08
2098 2.829132e-05 2.302706e-08
2099 2.828857e-05 2.290100e-08
2100 2.828585e-05 2.277564e-08
2101 2.828314e-05 2.265096e-08
2102 2.828045e-05 2.252697e-08
2103 2.827777e-05 2.240366e-08
2104 2.827512e-05 2.228101e-08
2105 2.827248e-05 2.215905e-08
2106 2.826985e-05 2.203774e-08
2107 2.826724e-05 2.191711e-08
2108 2.826465e-05 2.179713e-08
2109 2.826208e-05 2.167781e-08
2110 2.825952e-05 2.155914e-08
2111 2.825697e-05 2.144113e-08
2112 2.825445e-05 2.132375e-08
2113 2.825194e-05 2.120703e-08
2114 2.824944e-05 2.109094e-08
2115 2.824696e-05 2.097548e-08
2116 2.824450e-05 2.086066e-08
2117 2.824205e-05 2.074647e-08
2118 2.823961e-05 2.063290e-08
2119 2.823720e-05 2.051995e-08
2120 2.823479e-05 2.040762e-08
2121 2.823240e-05 2.029591e-08
2122 2.823003e-05 2.018480e-08
2123 2.822767e-05 2.007431e-08
2124 2.822533e-05 1.996442e-08
2125 2.822300e-05 1.985513e-08
2126 2.822068e-05 1.974644e-08
2127 2.821838e-05 1.963835e-08
2128 2.821610e-05 1.953085e-08
2129 2.821382e-05 1.942393e-08
2130 2.821157e-05 1.931760e-08
2131 2.820932e-05 1.921186e-08
2132 2.820709e-05 1.910669e-08
2133 2.820488e-05 1.900210e-08
2134 2.820267e-05 1.889808e-08
2135 2.820049e-05 1.879463e-08
2136 2.819831e-05 1.869174e-08
2137 2.819615e-05 1.858942e-08
2138 2.819400e-05 1.848766e-08
2139 2.819186e-05 1.838646e-08
2140 2.818974e-05 1.828581e-08
2141 2.818763e-05 1.818571e-08
2142 2.818554e-05 1.808616e-08
2143 2.818345e-05 1.798715e-08
2144 2.818138e-05 1.788869e-08
2145 2.817933e-05 1.779076e-08
2146 2.817728e-05 1.769337e-08
2147 2.817525e-05 1.759652e-08
2148 2.817323e-05 1.750019e-08
2149 2.817122e-05 1.740439e-08
2150 2.816923e-05 1.730912e-08
2151 2.816724e-05 1.721437e-08
2152 2.816527e-05 1.712014e-08
2153 2.816332e-05 1.702642e-08
2154 2.816137e-05 1.693321e-08
2155 2.815943e-05 1.684052e-08
2156 2.815751e-05 1.674833e-08
2157 2.815560e-05 1.665665e-08
2158 2.815370e-05 1.656547e-08
2159 2.815181e-05 1.647479e-08
2160 2.814994e-05 1.638460e-08
2161 2.814807e-05 1.629491e-08
2162 2.814622e-05 1.620571e-08
2163 2.814438e-05 1.611700e-08
2164 2.814255e-05 1.602877e-08
2165 2.814073e-05 1.594103e-08
2166 2.813892e-05 1.585376e-08
2167 2.813712e-05 1.576698e-08
2168 2.813534e-05 1.568067e-08
2169 2.813356e-05 1.559483e-08
2170 2.813180e-05 1.550946e-08
2171 2.813004e-05 1.542456e-08
2172 2.812830e-05 1.534013e-08
2173 2.812657e-05 1.525615e-08
2174 2.812484e-05 1.517264e-08
2175 2.812313e-05 1.508958e-08
2176 2.812143e-05 1.500698e-08
2177 2.811974e-05 1.492483e-08
2178 2.811806e-05 1.484313e-08
2179 2.811639e-05 1.476188e-08
2180 2.811473e-05 1.468107e-08
2181 2.811308e-05 1.460070e-08
2182 2.811144e-05 1.452078e-08
2183 2.810981e-05 1.444129e-08
2184 2.810818e-05 1.436223e-08
2185 2.810657e-05 1.428361e-08
2186 2.810497e-05 1.420542e-08
2187 2.810338e-05 1.412766e-08
2188 2.810180e-05 1.405032e-08
2189 2.810023e-05 1.397341e-08
2190 2.809866e-05 1.389692e-08
2191 2.809711e-05 1.382084e-08
2192 2.809557e-05 1.374519e-08
2193 2.809403e-05 1.366994e-08
2194 2.809250e-05 1.359511e-08
2195 2.809099e-05 1.352069e-08
2196 2.808948e-05 1.344668e-08
2197 2.808798e-05 1.337307e-08
2198 2.808649e-05 1.329986e-08
2199 2.808501e-05 1.322706e-08
2200 2.808354e-05 1.315465e-08
2201 2.808208e-05 1.308264e-08
2202 2.808063e-05 1.301103e-08
2203 2.807918e-05 1.293980e-08
2204 2.807774e-05 1.286897e-08
2205 2.807632e-05 1.279852e-08
2206 2.807490e-05 1.272846e-08
2207 2.807349e-05 1.265878e-08
2208 2.807208e-05 1.258949e-08
2209 2.807069e-05 1.252057e-08
2210 2.806930e-05 1.245203e-08
2211 2.806793e-05 1.238387e-08
2212 2.806656e-05 1.231608e-08
2213 2.806520e-05 1.224866e-08
2214 2.806384e-05 1.218161e-08
2215 2.806250e-05 1.211492e-08
2216 2.806116e-05 1.204860e-08
2217 2.805983e-05 1.198265e-08
2218 2.805851e-05 1.191705e-08
2219 2.805720e-05 1.185182e-08
2220 2.805589e-05 1.178694e-08
2221 2.805460e-05 1.172242e-08
2222 2.805331e-05 1.165825e-08
2223 2.805202e-05 1.159443e-08
2224 2.805075e-05 1.153096e-08
2225 2.804948e-05 1.146784e-08
2226 2.804822e-05 1.140506e-08
2227 2.804697e-05 1.134263e-08
2228 2.804573e-05 1.128054e-08
2229 2.804449e-05 1.121879e-08
2230 2.804326e-05 1.115737e-08
2231 2.804204e-05 1.109630e-08
2232 2.804082e-05 1.103555e-08
2233 2.803962e-05 1.097514e-08
2234 2.803841e-05 1.091506e-08
2235 2.803722e-05 1.085531e-08
2236 2.803603e-05 1.079589e-08
2237 2.803485e-05 1.073679e-08
2238 2.803368e-05 1.067802e-08
2239 2.803252e-05 1.061957e-08
2240 2.803136e-05 1.056143e-08
2241 2.803021e-05 1.050362e-08
2242 2.802906e-05 1.044612e-08
2243 2.802792e-05 1.038894e-08
2244 2.802679e-05 1.033207e-08
2245 2.802566e-05 1.027551e-08
2246 2.802455e-05 1.021926e-08
2247 2.802343e-05 1.016332e-08
2248 2.802233e-05 1.010768e-08
2249 2.802123e-05 1.005235e-08
2250 2.802014e-05 9.997322e-09
