err_l2 = 6.17135822007439e-5
steps = 465
runtime_s = 1.5344109535217285
err_max = 0.00014132497707280978
mg_levels_used = 5
history_file = "history_nx64_ny64_nz64_M4_steps465.txt"
res_l2 = 9.907035e-9
exact_plot = "exact_nx64_ny64_nz64.png"
error_plot = "error_nx64_ny64_nz64_M4_steps465.png"

[mg_coarsest_grid]
nz = 4
nx = 4
ny = 4
