# step err_l2 res_l2
0 2.462974e-01 1.000000e+00
1 2.307409e-01 1.455541e+00
2 2.169696e-01 1.093873e+00
3 2.055646e-01 7.008069e-01
4 1.972336e-01 5.917469e-01
5 1.903366e-01 4.212542e-01
6 1.844245e-01 2.812056e-01
7 1.794453e-01 2.309599e-01
8 1.749028e-01 1.727743e-01
9 1.707701e-01 1.300347e-01
10 1.670142e-01 1.122419e-01
11 1.634903e-01 9.508622e-02
12 1.601933e-01 8.270320e-02
13 1.571039e-01 7.587442e-02
14 1.541727e-01 6.984210e-02
15 1.513913e-01 6.484888e-02
16 1.487471e-01 6.109273e-02
17 1.462196e-01 5.776095e-02
18 1.438007e-01 5.475065e-02
19 1.414820e-01 5.214691e-02
20 1.392529e-01 4.978940e-02
21 1.371071e-01 4.761242e-02
22 1.350387e-01 4.563809e-02
23 1.330415e-01 4.382186e-02
24 1.311106e-01 4.213222e-02
25 1.292417e-01 4.056935e-02
26 1.274306e-01 3.911528e-02
27 1.256739e-01 3.775429e-02
28 1.239681e-01 3.648148e-02
29 1.223104e-01 3.528736e-02
30 1.206980e-01 3.416319e-02
31 1.191283e-01 3.310403e-02
32 1.175992e-01 3.210402e-02
33 1.161084e-01 3.115779e-02
34 1.146541e-01 3.026140e-02
35 1.132343e-01 2.941094e-02
36 1.118475e-01 2.860282e-02
37 1.104921e-01 2.783409e-02
38 1.091666e-01 2.710199e-02
39 1.078696e-01 2.640399e-02
40 1.065999e-01 2.573791e-02
41 1.053563e-01 2.510170e-02
42 1.041377e-01 2.449350e-02
43 1.029430e-01 2.391166e-02
44 1.017713e-01 2.335463e-02
45 1.006216e-01 2.282099e-02
46 9.949300e-02 2.230944e-02
47 9.838477e-02 2.181877e-02
48 9.729610e-02 2.134786e-02
49 9.622626e-02 2.089568e-02
50 9.517456e-02 2.046125e-02
51 9.414035e-02 2.004367e-02
52 9.312303e-02 1.964208e-02
53 9.212200e-02 1.925568e-02
54 9.113672e-02 1.888373e-02
55 9.016666e-02 1.852552e-02
56 8.921135e-02 1.818036e-02
57 8.827030e-02 1.784765e-02
58 8.734308e-02 1.752676e-02
59 8.642926e-02 1.721714e-02
60 8.552845e-02 1.691826e-02
61 8.464027e-02 1.662959e-02
62 8.376436e-02 1.635066e-02
63 8.290038e-02 1.608100e-02
64 8.204799e-02 1.582018e-02
65 8.120691e-02 1.556779e-02
66 8.037682e-02 1.532342e-02
67 7.955745e-02 1.508670e-02
68 7.874854e-02 1.485728e-02
69 7.794982e-02 1.463482e-02
70 7.716106e-02 1.441899e-02
71 7.638202e-02 1.420949e-02
72 7.561249e-02 1.400602e-02
73 7.485224e-02 1.380831e-02
74 7.410109e-02 1.361609e-02
75 7.335883e-02 1.342912e-02
76 7.262528e-02 1.324715e-02
77 7.190027e-02 1.306996e-02
78 7.118362e-02 1.289734e-02
79 7.047517e-02 1.272908e-02
80 6.977477e-02 1.256499e-02
81 6.908226e-02 1.240488e-02
82 6.839750e-02 1.224858e-02
83 6.772035e-02 1.209593e-02
84 6.705068e-02 1.194677e-02
85 6.638836e-02 1.180094e-02
86 6.573326e-02 1.165831e-02
87 6.508527e-02 1.151875e-02
88 6.444427e-02 1.138213e-02
89 6.381015e-02 1.124832e-02
90 6.318280e-02 1.111721e-02
91 6.256211e-02 1.098870e-02
92 6.194799e-02 1.086268e-02
93 6.134034e-02 1.073906e-02
94 6.073907e-02 1.061774e-02
95 6.014407e-02 1.049863e-02
96 5.955527e-02 1.038166e-02
97 5.897258e-02 1.026674e-02
98 5.839591e-02 1.015380e-02
99 5.782518e-02 1.004277e-02
100 5.726032e-02 9.933584e-03
101 5.670123e-02 9.826175e-03
102 5.614786e-02 9.720484e-03
103 5.560013e-02 9.616455e-03
104 5.505796e-02 9.514033e-03
105 5.452128e-02 9.413167e-03
106 5.399003e-02 9.313807e-03
107 5.346414e-02 9.215908e-03
108 5.294355e-02 9.119424e-03
109 5.242818e-02 9.024315e-03
110 5.191799e-02 8.930541e-03
111 5.141290e-02 8.838063e-03
112 5.091287e-02 8.746846e-03
113 5.041782e-02 8.656855e-03
114 4.992770e-02 8.568058e-03
115 4.944247e-02 8.480423e-03
116 4.896205e-02 8.393921e-03
117 4.848640e-02 8.308524e-03
118 4.801546e-02 8.224205e-03
119 4.754919e-02 8.140939e-03
120 4.708752e-02 8.058700e-03
121 4.663042e-02 7.977465e-03
122 4.617782e-02 7.897212e-03
123 4.572969e-02 7.817920e-03
124 4.528597e-02 7.739567e-03
125 4.484662e-02 7.662135e-03
126 4.441159e-02 7.585605e-03
127 4.398083e-02 7.509958e-03
128 4.355430e-02 7.435178e-03
129 4.313195e-02 7.361248e-03
130 4.271375e-02 7.288151e-03
131 4.229964e-02 7.215874e-03
132 4.188959e-02 7.144400e-03
133 4.148355e-02 7.073716e-03
134 4.108148e-02 7.003808e-03
135 4.068335e-02 6.934663e-03
136 4.028910e-02 6.866269e-03
137 3.989870e-02 6.798613e-03
138 3.951212e-02 6.731683e-03
139 3.912931e-02 6.665468e-03
140 3.875023e-02 6.599957e-03
141 3.837485e-02 6.535140e-03
142 3.800313e-02 6.471005e-03
143 3.763503e-02 6.407544e-03
144 3.727051e-02 6.344745e-03
145 3.690955e-02 6.282601e-03
146 3.655210e-02 6.221101e-03
147 3.619813e-02 6.160238e-03
148 3.584760e-02 6.100001e-03
149 3.550048e-02 6.040384e-03
150 3.515674e-02 5.981376e-03
151 3.481635e-02 5.922972e-03
152 3.447926e-02 5.865163e-03
153 3.414544e-02 5.807941e-03
154 3.381488e-02 5.751299e-03
155 3.348752e-02 5.695230e-03
156 3.316335e-02 5.639727e-03
157 3.284232e-02 5.584782e-03
158 3.252441e-02 5.530390e-03
159 3.220959e-02 5.476543e-03
160 3.189782e-02 5.423235e-03
161 3.158908e-02 5.370461e-03
162 3.128334e-02 5.318213e-03
163 3.098057e-02 5.266485e-03
164 3.068073e-02 5.215272e-03
165 3.038380e-02 5.164568e-03
166 3.008976e-02 5.114368e-03
167 2.979856e-02 5.064664e-03
168 2.951020e-02 5.015453e-03
169 2.922463e-02 4.966728e-03
170 2.894182e-02 4.918485e-03
171 2.866177e-02 4.870717e-03
172 2.838442e-02 4.823420e-03
173 2.810977e-02 4.776590e-03
174 2.783778e-02 4.730219e-03
175 2.756843e-02 4.684305e-03
176 2.730169e-02 4.638842e-03
177 2.703753e-02 4.593825e-03
178 2.677594e-02 4.549250e-03
179 2.651688e-02 4.505112e-03
180 2.626033e-02 4.461406e-03
181 2.600627e-02 4.418128e-03
182 2.575467e-02 4.375274e-03
183 2.550552e-02 4.332839e-03
184 2.525877e-02 4.290818e-03
185 2.501442e-02 4.249208e-03
186 2.477243e-02 4.208005e-03
187 2.453279e-02 4.167204e-03
188 2.429547e-02 4.126800e-03
189 2.406046e-02 4.086791e-03
190 2.382772e-02 4.047172e-03
191 2.359723e-02 4.007940e-03
192 2.336898e-02 3.969089e-03
193 2.314294e-02 3.930617e-03
194 2.291909e-02 3.892520e-03
195 2.269741e-02 3.854793e-03
196 2.247787e-02 3.817434e-03
197 2.226046e-02 3.780438e-03
198 2.204516e-02 3.743802e-03
199 2.183195e-02 3.707522e-03
200 2.162080e-02 3.671595e-03
201 2.141170e-02 3.636017e-03
202 2.120462e-02 3.600785e-03
203 2.099955e-02 3.565895e-03
204 2.079646e-02 3.531345e-03
205 2.059535e-02 3.497130e-03
206 2.039618e-02 3.463247e-03
207 2.019894e-02 3.429693e-03
208 2.000361e-02 3.396465e-03
209 1.981017e-02 3.363560e-03
210 1.961861e-02 3.330974e-03
211 1.942890e-02 3.298705e-03
212 1.924103e-02 3.266748e-03
213 1.905498e-02 3.235102e-03
214 1.887073e-02 3.203763e-03
215 1.868827e-02 3.172727e-03
216 1.850757e-02 3.141993e-03
217 1.832863e-02 3.111557e-03
218 1.815141e-02 3.081416e-03
219 1.797592e-02 3.051568e-03
220 1.780212e-02 3.022009e-03
221 1.763001e-02 2.992736e-03
222 1.745956e-02 2.963748e-03
223 1.729077e-02 2.935040e-03
224 1.712361e-02 2.906611e-03
225 1.695807e-02 2.878457e-03
226 1.679413e-02 2.850577e-03
227 1.663178e-02 2.822966e-03
228 1.647101e-02 2.795623e-03
229 1.631179e-02 2.768546e-03
230 1.615411e-02 2.741730e-03
231 1.599796e-02 2.715175e-03
232 1.584332e-02 2.688877e-03
233 1.569018e-02 2.662834e-03
234 1.553853e-02 2.637043e-03
235 1.538834e-02 2.611502e-03
236 1.523961e-02 2.586208e-03
237 1.509232e-02 2.561160e-03
238 1.494645e-02 2.536355e-03
239 1.480200e-02 2.511789e-03
240 1.465894e-02 2.487462e-03
241 1.451728e-02 2.463370e-03
242 1.437698e-02 2.439512e-03
243 1.423804e-02 2.415885e-03
244 1.410045e-02 2.392487e-03
245 1.396419e-02 2.369316e-03
246 1.382925e-02 2.346369e-03
247 1.369562e-02 2.323644e-03
248 1.356328e-02 2.301140e-03
249 1.343223e-02 2.278853e-03
250 1.330244e-02 2.256783e-03
251 1.317391e-02 2.234926e-03
252 1.304663e-02 2.213281e-03
253 1.292057e-02 2.191846e-03
254 1.279574e-02 2.170618e-03
255 1.267212e-02 2.149596e-03
256 1.254970e-02 2.128777e-03
257 1.242846e-02 2.108160e-03
258 1.230839e-02 2.087743e-03
259 1.218949e-02 2.067524e-03
260 1.207174e-02 2.047500e-03
261 1.195513e-02 2.027671e-03
262 1.183965e-02 2.008033e-03
263 1.172529e-02 1.988586e-03
264 1.161204e-02 1.969327e-03
265 1.149988e-02 1.950255e-03
266 1.138881e-02 1.931367e-03
267 1.127881e-02 1.912662e-03
268 1.116988e-02 1.894139e-03
269 1.106201e-02 1.875794e-03
270 1.095518e-02 1.857628e-03
271 1.084938e-02 1.839637e-03
272 1.074461e-02 1.821821e-03
273 1.064086e-02 1.804177e-03
274 1.053811e-02 1.786705e-03
275 1.043635e-02 1.769401e-03
276 1.033558e-02 1.752265e-03
277 1.023579e-02 1.735295e-03
278 1.013696e-02 1.718489e-03
279 1.003909e-02 1.701846e-03
280 9.942170e-03 1.685364e-03
281 9.846187e-03 1.669042e-03
282 9.751133e-03 1.652878e-03
283 9.657001e-03 1.636871e-03
284 9.563780e-03 1.621018e-03
285 9.471461e-03 1.605319e-03
286 9.380037e-03 1.589773e-03
287 9.289499e-03 1.574376e-03
288 9.199838e-03 1.559129e-03
289 9.111045e-03 1.544029e-03
290 9.023112e-03 1.529076e-03
291 8.936030e-03 1.514268e-03
292 8.849792e-03 1.499603e-03
293 8.764390e-03 1.485080e-03
294 8.679815e-03 1.470697e-03
295 8.596059e-03 1.456454e-03
296 8.513114e-03 1.442349e-03
297 8.430973e-03 1.428380e-03
298 8.349627e-03 1.414547e-03
299 8.269069e-03 1.400848e-03
300 8.189292e-03 1.387281e-03
301 8.110287e-03 1.373846e-03
302 8.032047e-03 1.360541e-03
303 7.954566e-03 1.347365e-03
304 7.877835e-03 1.334316e-03
305 7.801847e-03 1.321394e-03
306 7.726595e-03 1.308596e-03
307 7.652072e-03 1.295923e-03
308 7.578271e-03 1.283373e-03
309 7.505185e-03 1.270944e-03
310 7.432807e-03 1.258635e-03
311 7.361130e-03 1.246446e-03
312 7.290147e-03 1.234375e-03
313 7.219852e-03 1.222420e-03
314 7.150238e-03 1.210582e-03
315 7.081298e-03 1.198858e-03
316 7.013026e-03 1.187247e-03
317 6.945415e-03 1.175749e-03
318 6.878459e-03 1.164363e-03
319 6.812152e-03 1.153086e-03
320 6.746487e-03 1.141919e-03
321 6.681458e-03 1.130860e-03
322 6.617059e-03 1.119908e-03
323 6.553284e-03 1.109063e-03
324 6.490127e-03 1.098322e-03
325 6.427582e-03 1.087685e-03
326 6.365642e-03 1.077151e-03
327 6.304303e-03 1.066720e-03
328 6.243557e-03 1.056389e-03
329 6.183401e-03 1.046158e-03
330 6.123827e-03 1.036027e-03
331 6.064830e-03 1.025993e-03
332 6.006404e-03 1.016057e-03
333 5.948545e-03 1.006217e-03
334 5.891246e-03 9.964721e-04
335 5.834502e-03 9.868217e-04
336 5.778308e-03 9.772647e-04
337 5.722659e-03 9.678004e-04
338 5.667548e-03 9.584276e-04
339 5.612972e-03 9.491457e-04
340 5.558924e-03 9.399536e-04
341 5.505400e-03 9.308506e-04
342 5.452394e-03 9.218357e-04
343 5.399902e-03 9.129082e-04
344 5.347918e-03 9.040671e-04
345 5.296439e-03 8.953116e-04
346 5.245457e-03 8.866409e-04
347 5.194970e-03 8.780542e-04
348 5.144972e-03 8.695506e-04
349 5.095458e-03 8.611294e-04
350 5.046425e-03 8.527897e-04
351 4.997866e-03 8.445308e-04
352 4.949777e-03 8.363519e-04
353 4.902155e-03 8.282522e-04
354 4.854994e-03 8.202310e-04
355 4.808290e-03 8.122874e-04
356 4.762038e-03 8.044208e-04
357 4.716235e-03 7.966303e-04
358 4.670876e-03 7.889153e-04
359 4.625955e-03 7.812750e-04
360 4.581471e-03 7.737087e-04
361 4.537417e-03 7.662157e-04
362 4.493790e-03 7.587952e-04
363 4.450586e-03 7.514466e-04
364 4.407801e-03 7.441692e-04
365 4.365430e-03 7.369623e-04
366 4.323470e-03 7.298251e-04
367 4.281916e-03 7.227571e-04
368 4.240765e-03 7.157575e-04
369 4.200013e-03 7.088257e-04
370 4.159655e-03 7.019611e-04
371 4.119689e-03 6.951629e-04
372 4.080110e-03 6.884305e-04
373 4.040915e-03 6.817634e-04
374 4.002100e-03 6.751608e-04
375 3.963660e-03 6.686222e-04
376 3.925594e-03 6.621469e-04
377 3.887896e-03 6.557343e-04
378 3.850564e-03 6.493838e-04
379 3.813593e-03 6.430948e-04
380 3.776981e-03 6.368667e-04
381 3.740723e-03 6.306990e-04
382 3.704817e-03 6.245909e-04
383 3.669259e-03 6.185420e-04
384 3.634046e-03 6.125517e-04
385 3.599174e-03 6.066194e-04
386 3.564640e-03 6.007446e-04
387 3.530441e-03 5.949267e-04
388 3.496573e-03 5.891651e-04
389 3.463033e-03 5.834593e-04
390 3.429819e-03 5.778087e-04
391 3.396927e-03 5.722129e-04
392 3.364353e-03 5.666713e-04
393 3.332095e-03 5.611833e-04
394 3.300150e-03 5.557485e-04
395 3.268515e-03 5.503663e-04
396 3.237187e-03 5.450363e-04
397 3.206162e-03 5.397579e-04
398 3.175438e-03 5.345305e-04
399 3.145011e-03 5.293539e-04
400 3.114880e-03 5.242273e-04
401 3.085041e-03 5.191504e-04
402 3.055491e-03 5.141227e-04
403 3.026228e-03 5.091436e-04
404 2.997249e-03 5.042128e-04
405 2.968550e-03 4.993297e-04
406 2.940130e-03 4.944939e-04
407 2.911985e-03 4.897050e-04
408 2.884114e-03 4.849624e-04
409 2.856512e-03 4.802658e-04
410 2.829179e-03 4.756146e-04
411 2.802110e-03 4.710085e-04
412 2.775304e-03 4.664470e-04
413 2.748758e-03 4.619296e-04
414 2.722469e-03 4.574561e-04
415 2.696436e-03 4.530258e-04
416 2.670655e-03 4.486385e-04
417 2.645124e-03 4.442936e-04
418 2.619840e-03 4.399908e-04
419 2.594802e-03 4.357297e-04
420 2.570007e-03 4.315098e-04
421 2.545452e-03 4.273309e-04
422 2.521136e-03 4.231924e-04
423 2.497055e-03 4.190939e-04
424 2.473208e-03 4.150352e-04
425 2.449593e-03 4.110158e-04
426 2.426206e-03 4.070353e-04
427 2.403047e-03 4.030933e-04
428 2.380112e-03 3.991895e-04
429 2.357400e-03 3.953236e-04
430 2.334908e-03 3.914950e-04
431 2.312634e-03 3.877036e-04
432 2.290577e-03 3.839488e-04
433 2.268734e-03 3.802305e-04
434 2.247102e-03 3.765481e-04
435 2.225681e-03 3.729014e-04
436 2.204467e-03 3.692900e-04
437 2.183460e-03 3.657136e-04
438 2.162656e-03 3.621718e-04
439 2.142055e-03 3.586644e-04
440 2.121653e-03 3.551909e-04
441 2.101450e-03 3.517510e-04
442 2.081442e-03 3.483444e-04
443 2.061629e-03 3.449709e-04
444 2.042008e-03 3.416300e-04
445 2.022578e-03 3.383215e-04
446 2.003337e-03 3.350450e-04
447 1.984282e-03 3.318002e-04
448 1.965412e-03 3.285869e-04
449 1.946726e-03 3.254047e-04
450 1.928221e-03 3.222533e-04
451 1.909896e-03 3.191324e-04
452 1.891749e-03 3.160417e-04
453 1.873778e-03 3.129810e-04
454 1.855982e-03 3.099499e-04
455 1.838359e-03 3.069482e-04
456 1.820907e-03 3.039755e-04
457 1.803624e-03 3.010317e-04
458 1.786510e-03 2.981163e-04
459 1.769562e-03 2.952292e-04
460 1.752778e-03 2.923700e-04
461 1.736158e-03 2.895386e-04
462 1.719699e-03 2.867345e-04
463 1.703401e-03 2.839576e-04
464 1.687260e-03 2.812076e-04
465 1.671277e-03 2.784842e-04
466 1.655449e-03 2.757873e-04
467 1.639775e-03 2.731164e-04
468 1.624253e-03 2.704714e-04
469 1.608883e-03 2.678520e-04
470 1.593662e-03 2.652579e-04
471 1.578589e-03 2.626890e-04
472 1.563662e-03 2.601450e-04
473 1.548881e-03 2.576256e-04
474 1.534243e-03 2.551306e-04
475 1.519748e-03 2.526598e-04
476 1.505395e-03 2.502129e-04
477 1.491180e-03 2.477897e-04
478 1.477104e-03 2.453900e-04
479 1.463166e-03 2.430135e-04
480 1.449362e-03 2.406600e-04
481 1.435694e-03 2.383293e-04
482 1.422158e-03 2.360212e-04
483 1.408754e-03 2.337355e-04
484 1.395481e-03 2.314718e-04
485 1.382337e-03 2.292301e-04
486 1.369321e-03 2.270101e-04
487 1.356431e-03 2.248117e-04
488 1.343668e-03 2.226345e-04
489 1.331028e-03 2.204783e-04
490 1.318512e-03 2.183431e-04
491 1.306118e-03 2.162285e-04
492 1.293845e-03 2.141345e-04
493 1.281691e-03 2.120607e-04
494 1.269656e-03 2.100070e-04
495 1.257738e-03 2.079731e-04
496 1.245937e-03 2.059590e-04
497 1.234250e-03 2.039644e-04
498 1.222678e-03 2.019891e-04
499 1.211218e-03 2.000329e-04
500 1.199871e-03 1.980957e-04
501 1.188634e-03 1.961772e-04
502 1.177506e-03 1.942773e-04
503 1.166488e-03 1.923958e-04
504 1.155577e-03 1.905326e-04
505 1.144772e-03 1.886874e-04
506 1.134073e-03 1.868600e-04
507 1.123479e-03 1.850503e-04
508 1.112988e-03 1.832582e-04
509 1.102599e-03 1.814834e-04
510 1.092312e-03 1.797259e-04
511 1.082126e-03 1.779853e-04
512 1.072039e-03 1.762616e-04
513 1.062051e-03 1.745546e-04
514 1.052160e-03 1.728641e-04
515 1.042366e-03 1.711900e-04
516 1.032668e-03 1.695321e-04
517 1.023065e-03 1.678902e-04
518 1.013556e-03 1.662643e-04
519 1.004140e-03 1.646541e-04
520 9.948163e-04 1.630595e-04
521 9.855838e-04 1.614803e-04
522 9.764417e-04 1.599165e-04
523 9.673891e-04 1.583678e-04
524 9.584253e-04 1.568340e-04
525 9.495493e-04 1.553152e-04
526 9.407604e-04 1.538110e-04
527 9.320576e-04 1.523214e-04
528 9.234402e-04 1.508463e-04
529 9.149073e-04 1.493854e-04
530 9.064581e-04 1.479386e-04
531 8.980918e-04 1.465059e-04
532 8.898077e-04 1.450871e-04
533 8.816049e-04 1.436820e-04
534 8.734827e-04 1.422905e-04
535 8.654403e-04 1.409125e-04
536 8.574769e-04 1.395478e-04
537 8.495918e-04 1.381963e-04
538 8.417842e-04 1.368580e-04
539 8.340534e-04 1.355326e-04
540 8.263986e-04 1.342200e-04
541 8.188192e-04 1.329201e-04
542 8.113144e-04 1.316328e-04
543 8.038834e-04 1.303580e-04
544 7.965257e-04 1.290956e-04
545 7.892404e-04 1.278454e-04
546 7.820270e-04 1.266072e-04
547 7.748846e-04 1.253811e-04
548 7.678127e-04 1.241668e-04
549 7.608105e-04 1.229643e-04
550 7.538774e-04 1.217735e-04
551 7.470128e-04 1.205942e-04
552 7.402159e-04 1.194263e-04
553 7.334862e-04 1.182697e-04
554 7.268230e-04 1.171243e-04
555 7.202256e-04 1.159900e-04
556 7.136935e-04 1.148667e-04
557 7.072260e-04 1.137542e-04
558 7.008225e-04 1.126526e-04
559 6.944823e-04 1.115616e-04
560 6.882050e-04 1.104812e-04
561 6.819899e-04 1.094112e-04
562 6.758363e-04 1.083516e-04
563 6.697438e-04 1.073023e-04
564 6.637117e-04 1.062631e-04
565 6.577394e-04 1.052340e-04
566 6.518265e-04 1.042148e-04
567 6.459723e-04 1.032056e-04
568 6.401762e-04 1.022061e-04
569 6.344378e-04 1.012162e-04
570 6.287564e-04 1.002360e-04
571 6.231316e-04 9.926527e-05
572 6.175628e-04 9.830393e-05
573 6.120494e-04 9.735190e-05
574 6.065909e-04 9.640910e-05
575 6.011869e-04 9.547542e-05
576 5.958368e-04 9.455078e-05
577 5.905401e-04 9.363510e-05
578 5.852962e-04 9.272828e-05
579 5.801047e-04 9.183025e-05
580 5.749652e-04 9.094092e-05
581 5.698770e-04 9.006020e-05
582 5.648397e-04 8.918800e-05
583 5.598529e-04 8.832426e-05
584 5.549160e-04 8.746888e-05
585 5.500286e-04 8.662178e-05
586 5.451902e-04 8.578289e-05
587 5.404004e-04 8.495212e-05
588 5.356586e-04 8.412939e-05
589 5.309645e-04 8.331464e-05
590 5.263176e-04 8.250777e-05
591 5.217175e-04 8.170872e-05
592 5.171636e-04 8.091741e-05
593 5.126556e-04 8.013376e-05
594 5.081931e-04 7.935770e-05
595 5.037755e-04 7.858916e-05
596 4.994025e-04 7.782806e-05
597 4.950737e-04 7.707433e-05
598 4.907887e-04 7.632790e-05
599 4.865470e-04 7.558870e-05
600 4.823482e-04 7.485665e-05
601 4.781919e-04 7.413170e-05
602 4.740778e-04 7.341377e-05
603 4.700054e-04 7.270279e-05
604 4.659744e-04 7.199869e-05
605 4.619842e-04 7.130142e-05
606 4.580347e-04 7.061090e-05
607 4.541253e-04 6.992706e-05
608 4.502558e-04 6.924985e-05
609 4.464257e-04 6.857920e-05
610 4.426346e-04 6.791504e-05
611 4.388823e-04 6.725731e-05
612 4.351682e-04 6.660595e-05
613 4.314922e-04 6.596091e-05
614 4.278538e-04 6.532210e-05
615 4.242526e-04 6.468949e-05
616 4.206884e-04 6.406300e-05
617 4.171608e-04 6.344258e-05
618 4.136693e-04 6.282817e-05
619 4.102138e-04 6.221970e-05
620 4.067938e-04 6.161713e-05
621 4.034091e-04 6.102040e-05
622 4.000592e-04 6.042944e-05
623 3.967440e-04 5.984421e-05
624 3.934629e-04 5.926465e-05
625 3.902158e-04 5.869070e-05
626 3.870023e-04 5.812230e-05
627 3.838221e-04 5.755941e-05
628 3.806749e-04 5.700198e-05
629 3.775604e-04 5.644994e-05
630 3.744782e-04 5.590325e-05
631 3.714281e-04 5.536185e-05
632 3.684098e-04 5.482569e-05
633 3.654229e-04 5.429473e-05
634 3.624672e-04 5.376891e-05
635 3.595424e-04 5.324818e-05
636 3.566482e-04 5.273250e-05
637 3.537844e-04 5.222181e-05
638 3.509505e-04 5.171606e-05
639 3.481465e-04 5.121522e-05
640 3.453719e-04 5.071922e-05
641 3.426264e-04 5.022803e-05
642 3.399100e-04 4.974159e-05
643 3.372221e-04 4.925987e-05
644 3.345627e-04 4.878281e-05
645 3.319314e-04 4.831037e-05
646 3.293280e-04 4.784250e-05
647 3.267521e-04 4.737917e-05
648 3.242036e-04 4.692032e-05
649 3.216822e-04 4.646592e-05
650 3.191877e-04 4.601592e-05
651 3.167197e-04 4.557028e-05
652 3.142781e-04 4.512895e-05
653 3.118625e-04 4.469189e-05
654 3.094729e-04 4.425907e-05
655 3.071088e-04 4.383044e-05
656 3.047701e-04 4.340597e-05
657 3.024565e-04 4.298560e-05
658 3.001678e-04 4.256930e-05
659 2.979038e-04 4.215704e-05
660 2.956642e-04 4.174877e-05
661 2.934488e-04 4.134445e-05
662 2.912574e-04 4.094405e-05
663 2.890898e-04 4.054752e-05
664 2.869457e-04 4.015484e-05
665 2.848249e-04 3.976595e-05
666 2.827272e-04 3.938084e-05
667 2.806523e-04 3.899945e-05
668 2.786002e-04 3.862176e-05
669 2.765704e-04 3.824773e-05
670 2.745629e-04 3.787731e-05
671 2.725775e-04 3.751049e-05
672 2.706138e-04 3.714722e-05
673 2.686718e-04 3.678746e-05
674 2.667512e-04 3.643119e-05
675 2.648518e-04 3.607837e-05
676 2.629734e-04 3.572897e-05
677 2.611158e-04 3.538295e-05
678 2.592788e-04 3.504028e-05
679 2.574623e-04 3.470093e-05
680 2.556659e-04 3.436487e-05
681 2.538896e-04 3.403206e-05
682 2.521332e-04 3.370248e-05
683 2.503964e-04 3.337608e-05
684 2.486791e-04 3.305285e-05
685 2.469810e-04 3.273275e-05
686 2.453021e-04 3.241575e-05
687 2.436420e-04 3.210182e-05
688 2.420007e-04 3.179092e-05
689 2.403780e-04 3.148304e-05
690 2.387736e-04 3.117814e-05
691 2.371874e-04 3.087620e-05
692 2.356193e-04 3.057718e-05
693 2.340690e-04 3.028105e-05
694 2.325364e-04 2.998779e-05
695 2.310213e-04 2.969737e-05
696 2.295235e-04 2.940977e-05
697 2.280430e-04 2.912495e-05
698 2.265794e-04 2.884288e-05
699 2.251327e-04 2.856355e-05
700 2.237026e-04 2.828693e-05
701 2.222891e-04 2.801298e-05
702 2.208919e-04 2.774169e-05
703 2.195109e-04 2.747302e-05
704 2.181460e-04 2.720696e-05
705 2.167969e-04 2.694347e-05
706 2.154635e-04 2.668254e-05
707 2.141458e-04 2.642413e-05
708 2.128434e-04 2.616822e-05
709 2.115563e-04 2.591480e-05
710 2.102843e-04 2.566382e-05
711 2.090273e-04 2.541528e-05
712 2.077851e-04 2.516914e-05
713 2.065575e-04 2.492539e-05
714 2.053445e-04 2.468400e-05
715 2.041458e-04 2.444495e-05
716 2.029614e-04 2.420821e-05
717 2.017910e-04 2.397376e-05
718 2.006346e-04 2.374159e-05
719 1.994920e-04 2.351166e-05
720 1.983631e-04 2.328396e-05
721 1.972477e-04 2.305847e-05
722 1.961456e-04 2.283516e-05
723 1.950569e-04 2.261401e-05
724 1.939812e-04 2.239500e-05
725 1.929185e-04 2.217812e-05
726 1.918687e-04 2.196333e-05
727 1.908316e-04 2.175063e-05
728 1.898071e-04 2.153998e-05
729 1.887950e-04 2.133138e-05
730 1.877952e-04 2.112479e-05
731 1.868077e-04 2.092021e-05
732 1.858322e-04 2.071760e-05
733 1.848686e-04 2.051696e-05
734 1.839169e-04 2.031827e-05
735 1.829768e-04 2.012149e-05
736 1.820484e-04 1.992662e-05
737 1.811314e-04 1.973364e-05
738 1.802257e-04 1.954253e-05
739 1.793312e-04 1.935327e-05
740 1.784478e-04 1.916584e-05
741 1.775753e-04 1.898023e-05
742 1.767137e-04 1.879642e-05
743 1.758629e-04 1.861438e-05
744 1.750226e-04 1.843411e-05
745 1.741929e-04 1.825558e-05
746 1.733736e-04 1.807879e-05
747 1.725645e-04 1.790370e-05
748 1.717656e-04 1.773031e-05
749 1.709767e-04 1.755860e-05
750 1.701978e-04 1.738855e-05
751 1.694287e-04 1.722015e-05
752 1.686693e-04 1.705339e-05
753 1.679196e-04 1.688823e-05
754 1.671793e-04 1.672468e-05
755 1.664485e-04 1.656270e-05
756 1.657270e-04 1.640230e-05
757 1.650146e-04 1.624345e-05
758 1.643113e-04 1.608614e-05
759 1.636171e-04 1.593036e-05
760 1.629317e-04 1.577608e-05
761 1.622551e-04 1.562329e-05
762 1.615872e-04 1.547199e-05
763 1.609278e-04 1.532215e-05
764 1.602770e-04 1.517376e-05
765 1.596345e-04 1.502681e-05
766 1.590004e-04 1.488128e-05
767 1.583744e-04 1.473716e-05
768 1.577565e-04 1.459444e-05
769 1.571467e-04 1.445310e-05
770 1.565447e-04 1.431313e-05
771 1.559506e-04 1.417451e-05
772 1.553642e-04 1.403724e-05
773 1.547855e-04 1.390129e-05
774 1.542142e-04 1.376667e-05
775 1.536505e-04 1.363334e-05
776 1.530941e-04 1.350131e-05
777 1.525450e-04 1.337056e-05
778 1.520031e-04 1.324107e-05
779 1.514684e-04 1.311283e-05
780 1.509406e-04 1.298584e-05
781 1.504198e-04 1.286008e-05
782 1.499058e-04 1.273554e-05
783 1.493986e-04 1.261220e-05
784 1.488981e-04 1.249005e-05
785 1.484043e-04 1.236909e-05
786 1.479169e-04 1.224930e-05
787 1.474360e-04 1.213068e-05
788 1.469615e-04 1.201320e-05
789 1.464932e-04 1.189685e-05
790 1.460312e-04 1.178164e-05
791 1.455753e-04 1.166754e-05
792 1.451255e-04 1.155454e-05
793 1.446816e-04 1.144264e-05
794 1.442437e-04 1.133183e-05
795 1.438116e-04 1.122208e-05
796 1.433853e-04 1.111340e-05
797 1.429646e-04 1.100577e-05
798 1.425496e-04 1.089919e-05
799 1.421401e-04 1.079363e-05
800 1.417361e-04 1.068910e-05
801 1.413376e-04 1.058558e-05
802 1.409443e-04 1.048307e-05
803 1.405564e-04 1.038154e-05
804 1.401736e-04 1.028100e-05
805 1.397960e-04 1.018143e-05
806 1.394234e-04 1.008283e-05
807 1.390559e-04 9.985184e-06
808 1.386933e-04 9.888482e-06
809 1.383355e-04 9.792716e-06
810 1.379826e-04 9.697878e-06
811 1.376345e-04 9.603959e-06
812 1.372910e-04 9.510949e-06
813 1.369522e-04 9.418839e-06
814 1.366179e-04 9.327622e-06
815 1.362882e-04 9.237288e-06
816 1.359629e-04 9.147829e-06
817 1.356420e-04 9.059237e-06
818 1.353254e-04 8.971502e-06
819 1.350131e-04 8.884617e-06
820 1.347050e-04 8.798573e-06
821 1.344011e-04 8.713363e-06
822 1.341013e-04 8.628978e-06
823 1.338056e-04 8.545410e-06
824 1.335138e-04 8.462652e-06
825 1.332260e-04 8.380695e-06
826 1.329421e-04 8.299532e-06
827 1.326621e-04 8.219154e-06
828 1.323858e-04 8.139556e-06
829 1.321133e-04 8.060728e-06
830 1.318445e-04 7.982663e-06
831 1.315793e-04 7.905355e-06
832 1.313177e-04 7.828795e-06
833 1.310596e-04 7.752976e-06
834 1.308050e-04 7.677892e-06
835 1.305539e-04 7.603535e-06
836 1.303062e-04 7.529899e-06
837 1.300619e-04 7.456975e-06
838 1.298208e-04 7.384757e-06
839 1.295830e-04 7.313239e-06
840 1.293485e-04 7.242414e-06
841 1.291171e-04 7.172274e-06
842 1.288888e-04 7.102814e-06
843 1.286637e-04 7.034027e-06
844 1.284415e-04 6.965905e-06
845 1.282224e-04 6.898443e-06
846 1.280063e-04 6.831635e-06
847 1.277930e-04 6.765474e-06
848 1.275827e-04 6.699953e-06
849 1.273752e-04 6.635067e-06
850 1.271705e-04 6.570810e-06
851 1.269686e-04 6.507174e-06
852 1.267694e-04 6.444155e-06
853 1.265729e-04 6.381746e-06
854 1.263790e-04 6.319942e-06
855 1.261878e-04 6.258736e-06
856 1.259991e-04 6.198123e-06
857 1.258130e-04 6.138097e-06
858 1.256294e-04 6.078652e-06
859 1.254482e-04 6.019783e-06
860 1.252695e-04 5.961484e-06
861 1.250932e-04 5.903750e-06
862 1.249193e-04 5.846575e-06
863 1.247477e-04 5.789954e-06
864 1.245784e-04 5.733880e-06
865 1.244114e-04 5.678350e-06
866 1.242467e-04 5.623358e-06
867 1.240841e-04 5.568898e-06
868 1.239238e-04 5.514966e-06
869 1.237655e-04 5.461556e-06
870 1.236094e-04 5.408663e-06
871 1.234554e-04 5.356283e-06
872 1.233035e-04 5.304410e-06
873 1.231535e-04 5.253039e-06
874 1.230056e-04 5.202166e-06
875 1.228597e-04 5.151785e-06
876 1.227157e-04 5.101892e-06
877 1.225736e-04 5.052483e-06
878 1.224334e-04 5.003552e-06
879 1.222951e-04 4.955095e-06
880 1.221586e-04 4.907107e-06
881 1.220240e-04 4.859584e-06
882 1.218911e-04 4.812521e-06
883 1.217600e-04 4.765914e-06
884 1.216306e-04 4.719758e-06
885 1.215030e-04 4.674049e-06
886 1.213770e-04 4.628783e-06
887 1.212527e-04 4.583955e-06
888 1.211300e-04 4.539562e-06
889 1.210090e-04 4.495598e-06
890 1.208896e-04 4.452060e-06
891 1.207717e-04 4.408944e-06
892 1.206554e-04 4.366245e-06
893 1.205406e-04 4.323960e-06
894 1.204274e-04 4.282085e-06
895 1.203156e-04 4.240615e-06
896 1.202053e-04 4.199546e-06
897 1.200964e-04 4.158875e-06
898 1.199890e-04 4.118599e-06
899 1.198829e-04 4.078712e-06
900 1.197783e-04 4.039211e-06
901 1.196750e-04 4.000093e-06
902 1.195731e-04 3.961354e-06
903 1.194725e-04 3.922990e-06
904 1.193732e-04 3.884998e-06
905 1.192752e-04 3.847373e-06
906 1.191785e-04 3.810113e-06
907 1.190830e-04 3.773214e-06
908 1.189888e-04 3.736672e-06
909 1.188958e-04 3.700484e-06
910 1.188040e-04 3.664647e-06
911 1.187134e-04 3.629156e-06
912 1.186240e-04 3.594009e-06
913 1.185357e-04 3.559203e-06
914 1.184485e-04 3.524734e-06
915 1.183625e-04 3.490598e-06
916 1.182776e-04 3.456793e-06
917 1.181938e-04 3.423316e-06
918 1.181110e-04 3.390163e-06
919 1.180294e-04 3.357331e-06
920 1.179487e-04 3.324816e-06
921 1.178691e-04 3.292617e-06
922 1.177905e-04 3.260729e-06
923 1.177129e-04 3.229151e-06
924 1.176363e-04 3.197878e-06
925 1.175607e-04 3.166908e-06
926 1.174861e-04 3.136238e-06
927 1.174124e-04 3.105865e-06
928 1.173396e-04 3.075786e-06
929 1.172678e-04 3.045998e-06
930 1.171968e-04 3.016499e-06
931 1.171268e-04 2.987286e-06
932 1.170576e-04 2.958355e-06
933 1.169894e-04 2.929705e-06
934 1.169219e-04 2.901332e-06
935 1.168554e-04 2.873234e-06
936 1.167896e-04 2.845408e-06
937 1.167247e-04 2.817851e-06
938 1.166606e-04 2.790562e-06
939 1.165974e-04 2.763536e-06
940 1.165349e-04 2.736773e-06
941 1.164731e-04 2.710268e-06
942 1.164122e-04 2.684021e-06
943 1.163520e-04 2.658027e-06
944 1.162926e-04 2.632285e-06
945 1.162339e-04 2.606793e-06
946 1.161759e-04 2.581547e-06
947 1.161187e-04 2.556546e-06
948 1.160622e-04 2.531787e-06
949 1.160063e-04 2.507268e-06
950 1.159512e-04 2.482986e-06
951 1.158968e-04 2.458939e-06
952 1.158430e-04 2.435126e-06
953 1.157898e-04 2.411543e-06
954 1.157374e-04 2.388188e-06
955 1.156856e-04 2.365059e-06
956 1.156344e-04 2.342155e-06
957 1.155838e-04 2.319472e-06
958 1.155339e-04 2.297009e-06
959 1.154846e-04 2.274764e-06
960 1.154358e-04 2.252733e-06
961 1.153877e-04 2.230917e-06
962 1.153402e-04 2.209311e-06
963 1.152932e-04 2.187915e-06
964 1.152468e-04 2.166726e-06
965 1.152010e-04 2.145742e-06
966 1.151557e-04 2.124962e-06
967 1.151110e-04 2.104383e-06
968 1.150668e-04 2.084003e-06
969 1.150232e-04 2.063820e-06
970 1.149800e-04 2.043833e-06
971 1.149374e-04 2.024039e-06
972 1.148954e-04 2.004437e-06
973 1.148538e-04 1.985025e-06
974 1.148127e-04 1.965801e-06
975 1.147721e-04 1.946763e-06
976 1.147320e-04 1.927910e-06
977 1.146924e-04 1.909239e-06
978 1.146532e-04 1.890749e-06
979 1.146146e-04 1.872438e-06
980 1.145763e-04 1.854304e-06
981 1.145386e-04 1.836346e-06
982 1.145013e-04 1.818561e-06
983 1.144644e-04 1.800950e-06
984 1.144280e-04 1.783508e-06
985 1.143920e-04 1.766236e-06
986 1.143564e-04 1.749130e-06
987 1.143212e-04 1.732191e-06
988 1.142865e-04 1.715415e-06
989 1.142522e-04 1.698802e-06
990 1.142183e-04 1.682350e-06
991 1.141847e-04 1.666057e-06
992 1.141516e-04 1.649922e-06
993 1.141189e-04 1.633944e-06
994 1.140865e-04 1.618120e-06
995 1.140545e-04 1.602449e-06
996 1.140229e-04 1.586930e-06
997 1.139917e-04 1.571561e-06
998 1.139608e-04 1.556341e-06
999 1.139303e-04 1.541269e-06
1000 1.139002e-04 1.526342e-06
1001 1.138704e-04 1.511560e-06
1002 1.138409e-04 1.496922e-06
1003 1.138118e-04 1.482425e-06
1004 1.137830e-04 1.468068e-06
1005 1.137546e-04 1.453850e-06
1006 1.137265e-04 1.439771e-06
1007 1.136987e-04 1.425827e-06
1008 1.136712e-04 1.412019e-06
1009 1.136441e-04 1.398344e-06
1010 1.136172e-04 1.384801e-06
1011 1.135907e-04 1.371390e-06
1012 1.135645e-04 1.358109e-06
1013 1.135385e-04 1.344956e-06
1014 1.135129e-04 1.331931e-06
1015 1.134876e-04 1.319032e-06
1016 1.134625e-04 1.306258e-06
1017 1.134378e-04 1.293607e-06
1018 1.134133e-04 1.281079e-06
1019 1.133891e-04 1.268672e-06
1020 1.133652e-04 1.256386e-06
1021 1.133415e-04 1.244218e-06
1022 1.133182e-04 1.232169e-06
1023 1.132950e-04 1.220236e-06
1024 1.132722e-04 1.208418e-06
1025 1.132496e-04 1.196715e-06
1026 1.132273e-04 1.185126e-06
1027 1.132052e-04 1.173648e-06
1028 1.131833e-04 1.162282e-06
1029 1.131618e-04 1.151026e-06
1030 1.131404e-04 1.139879e-06
1031 1.131193e-04 1.128839e-06
1032 1.130984e-04 1.117907e-06
1033 1.130778e-04 1.107081e-06
1034 1.130574e-04 1.096359e-06
1035 1.130372e-04 1.085741e-06
1036 1.130173e-04 1.075226e-06
1037 1.129975e-04 1.064813e-06
1038 1.129780e-04 1.054501e-06
1039 1.129587e-04 1.044289e-06
1040 1.129397e-04 1.034175e-06
1041 1.129208e-04 1.024160e-06
1042 1.129022e-04 1.014241e-06
1043 1.128837e-04 1.004419e-06
1044 1.128655e-04 9.946913e-07
1045 1.128474e-04 9.850582e-07
1046 1.128296e-04 9.755183e-07
1047 1.128120e-04 9.660709e-07
1048 1.127945e-04 9.567149e-07
1049 1.127773e-04 9.474496e-07
1050 1.127602e-04 9.382739e-07
1051 1.127433e-04 9.291872e-07
1052 1.127267e-04 9.201884e-07
1053 1.127101e-04 9.112768e-07
1054 1.126938e-04 9.024515e-07
1055 1.126777e-04 8.937117e-07
1056 1.126617e-04 8.850565e-07
1057 1.126459e-04 8.764851e-07
1058 1.126303e-04 8.679967e-07
1059 1.126149e-04 8.595906e-07
1060 1.125996e-04 8.512658e-07
1061 1.125845e-04 8.430217e-07
1062 1.125695e-04 8.348574e-07
1063 1.125548e-04 8.267722e-07
1064 1.125401e-04 8.187653e-07
1065 1.125257e-04 8.108359e-07
1066 1.125114e-04 8.029833e-07
1067 1.124972e-04 7.952068e-07
1068 1.124832e-04 7.875056e-07
1069 1.124694e-04 7.798789e-07
1070 1.124557e-04 7.723261e-07
1071 1.124421e-04 7.648465e-07
1072 1.124287e-04 7.574393e-07
1073 1.124155e-04 7.501039e-07
1074 1.124024e-04 7.428394e-07
1075 1.123894e-04 7.356454e-07
1076 1.123766e-04 7.285210e-07
1077 1.123639e-04 7.214656e-07
1078 1.123513e-04 7.144785e-07
1079 1.123389e-04 7.075591e-07
1080 1.123266e-04 7.007067e-07
1081 1.123145e-04 6.939207e-07
1082 1.123024e-04 6.872004e-07
1083 1.122905e-04 6.805451e-07
1084 1.122788e-04 6.739544e-07
1085 1.122671e-04 6.674274e-07
1086 1.122556e-04 6.609637e-07
1087 1.122442e-04 6.545625e-07
1088 1.122329e-04 6.482234e-07
1089 1.122218e-04 6.419456e-07
1090 1.122108e-04 6.357287e-07
1091 1.121998e-04 6.295719e-07
1092 1.121890e-04 6.234748e-07
1093 1.121784e-04 6.174367e-07
1094 1.121678e-04 6.114571e-07
1095 1.121573e-04 6.055355e-07
1096 1.121470e-04 5.996711e-07
1097 1.121367e-04 5.938636e-07
1098 1.121266e-04 5.881123e-07
1099 1.121166e-04 5.824167e-07
1100 1.121067e-04 5.767762e-07
1101 1.120969e-04 5.711904e-07
1102 1.120871e-04 5.656587e-07
1103 1.120775e-04 5.601805e-07
1104 1.120680e-04 5.547554e-07
1105 1.120586e-04 5.493829e-07
1106 1.120493e-04 5.440624e-07
1107 1.120401e-04 5.387934e-07
1108 1.120310e-04 5.335754e-07
1109 1.120220e-04 5.284079e-07
1110 1.120131e-04 5.232905e-07
1111 1.120042e-04 5.182227e-07
1112 1.119955e-04 5.132040e-07
1113 1.119869e-04 5.082338e-07
1114 1.119783e-04 5.033118e-07
1115 1.119699e-04 4.984374e-07
1116 1.119615e-04 4.936103e-07
1117 1.119532e-04 4.888299e-07
1118 1.119450e-04 4.840958e-07
1119 1.119369e-04 4.794076e-07
1120 1.119289e-04 4.747647e-07
1121 1.119209e-04 4.701668e-07
1122 1.119130e-04 4.656135e-07
1123 1.119053e-04 4.611042e-07
1124 1.118976e-04 4.566386e-07
1125 1.118899e-04 4.522163e-07
1126 1.118824e-04 4.478368e-07
1127 1.118749e-04 4.434997e-07
1128 1.118676e-04 4.392046e-07
1129 1.118603e-04 4.349511e-07
1130 1.118530e-04 4.307388e-07
1131 1.118459e-04 4.265673e-07
1132 1.118388e-04 4.224361e-07
1133 1.118318e-04 4.183450e-07
1134 1.118248e-04 4.142936e-07
1135 1.118180e-04 4.102813e-07
1136 1.118112e-04 4.063079e-07
1137 1.118045e-04 4.023730e-07
1138 1.117978e-04 3.984762e-07
1139 1.117912e-04 3.946171e-07
1140 1.117847e-04 3.907955e-07
1141 1.117782e-04 3.870108e-07
1142 1.117719e-04 3.832628e-07
1143 1.117655e-04 3.795510e-07
1144 1.117593e-04 3.758752e-07
1145 1.117531e-04 3.722351e-07
1146 1.117470e-04 3.686301e-07
1147 1.117409e-04 3.650601e-07
1148 1.117349e-04 3.615247e-07
1149 1.117290e-04 3.580235e-07
1150 1.117231e-04 3.545562e-07
1151 1.117173e-04 3.511225e-07
1152 1.117115e-04 3.477220e-07
1153 1.117058e-04 3.443545e-07
1154 1.117002e-04 3.410195e-07
1155 1.116946e-04 3.377169e-07
1156 1.116891e-04 3.344463e-07
1157 1.116836e-04 3.312073e-07
1158 1.116782e-04 3.279997e-07
1159 1.116728e-04 3.248232e-07
1160 1.116675e-04 3.216774e-07
1161 1.116623e-04 3.185621e-07
1162 1.116571e-04 3.154770e-07
1163 1.116519e-04 3.124217e-07
1164 1.116469e-04 3.093961e-07
1165 1.116418e-04 3.063997e-07
1166 1.116368e-04 3.034324e-07
1167 1.116319e-04 3.004938e-07
1168 1.116270e-04 2.975836e-07
1169 1.116222e-04 2.947017e-07
1170 1.116174e-04 2.918476e-07
1171 1.116126e-04 2.890212e-07
1172 1.116080e-04 2.862221e-07
1173 1.116033e-04 2.834502e-07
1174 1.115987e-04 2.807051e-07
1175 1.115942e-04 2.779866e-07
1176 1.115897e-04 2.752944e-07
1177 1.115852e-04 2.726283e-07
1178 1.115808e-04 2.699881e-07
1179 1.115764e-04 2.673733e-07
1180 1.115721e-04 2.647840e-07
1181 1.115678e-04 2.622196e-07
1182 1.115636e-04 2.596802e-07
1183 1.115594e-04 2.571653e-07
1184 1.115552e-04 2.546747e-07
1185 1.115511e-04 2.522083e-07
1186 1.115471e-04 2.497658e-07
1187 1.115430e-04 2.473469e-07
1188 1.115391e-04 2.449515e-07
1189 1.115351e-04 2.425792e-07
1190 1.115312e-04 2.402300e-07
1191 1.115273e-04 2.379035e-07
1192 1.115235e-04 2.355995e-07
1193 1.115197e-04 2.333178e-07
1194 1.115160e-04 2.310582e-07
1195 1.115123e-04 2.288205e-07
1196 1.115086e-04 2.266045e-07
1197 1.115050e-04 2.244099e-07
1198 1.115013e-04 2.222366e-07
1199 1.114978e-04 2.200844e-07
1200 1.114943e-04 2.179529e-07
1201 1.114908e-04 2.158422e-07
1202 1.114873e-04 2.137518e-07
1203 1.114839e-04 2.116817e-07
1204 1.114805e-04 2.096317e-07
1205 1.114771e-04 2.076015e-07
1206 1.114738e-04 2.055910e-07
1207 1.114705e-04 2.035999e-07
1208 1.114673e-04 2.016282e-07
1209 1.114640e-04 1.996755e-07
1210 1.114608e-04 1.977417e-07
1211 1.114577e-04 1.958267e-07
1212 1.114546e-04 1.939302e-07
1213 1.114515e-04 1.920520e-07
1214 1.114484e-04 1.901921e-07
1215 1.114454e-04 1.883502e-07
1216 1.114424e-04 1.865261e-07
1217 1.114394e-04 1.847197e-07
1218 1.114364e-04 1.829307e-07
1219 1.114335e-04 1.811591e-07
1220 1.114306e-04 1.794047e-07
1221 1.114278e-04 1.776672e-07
1222 1.114250e-04 1.759466e-07
1223 1.114222e-04 1.742427e-07
1224 1.114194e-04 1.725552e-07
1225 1.114166e-04 1.708841e-07
1226 1.114139e-04 1.692291e-07
1227 1.114112e-04 1.675902e-07
1228 1.114086e-04 1.659672e-07
1229 1.114059e-04 1.643599e-07
1230 1.114033e-04 1.627681e-07
1231 1.114007e-04 1.611918e-07
1232 1.113982e-04 1.596307e-07
1233 1.113956e-04 1.580848e-07
1234 1.113931e-04 1.565538e-07
1235 1.113906e-04 1.550376e-07
1236 1.113882e-04 1.535362e-07
1237 1.113858e-04 1.520492e-07
1238 1.113833e-04 1.505767e-07
1239 1.113810e-04 1.491184e-07
1240 1.113786e-04 1.476743e-07
1241 1.113763e-04 1.462441e-07
1242 1.113739e-04 1.448278e-07
1243 1.113716e-04 1.434252e-07
1244 1.113694e-04 1.420362e-07
1245 1.113671e-04 1.406607e-07
1246 1.113649e-04 1.392984e-07
1247 1.113627e-04 1.379494e-07
1248 1.113605e-04 1.366134e-07
1249 1.113584e-04 1.352904e-07
1250 1.113562e-04 1.339801e-07
1251 1.113541e-04 1.326826e-07
1252 1.113520e-04 1.313976e-07
1253 1.113499e-04 1.301251e-07
1254 1.113479e-04 1.288649e-07
1255 1.113458e-04 1.276169e-07
1256 1.113438e-04 1.263810e-07
1257 1.113418e-04 1.251570e-07
1258 1.113399e-04 1.239450e-07
1259 1.113379e-04 1.227446e-07
1260 1.113360e-04 1.215559e-07
1261 1.113341e-04 1.203787e-07
1262 1.113322e-04 1.192129e-07
1263 1.113303e-04 1.180583e-07
1264 1.113284e-04 1.169150e-07
1265 1.113266e-04 1.157827e-07
1266 1.113248e-04 1.146614e-07
1267 1.113229e-04 1.135510e-07
1268 1.113212e-04 1.124513e-07
1269 1.113194e-04 1.113622e-07
1270 1.113176e-04 1.102837e-07
1271 1.113159e-04 1.092157e-07
1272 1.113142e-04 1.081580e-07
1273 1.113125e-04 1.071105e-07
1274 1.113108e-04 1.060732e-07
1275 1.113091e-04 1.050459e-07
1276 1.113075e-04 1.040286e-07
1277 1.113058e-04 1.030211e-07
1278 1.113042e-04 1.020234e-07
1279 1.113026e-04 1.010354e-07
1280 1.113010e-04 1.000569e-07
1281 1.112995e-04 9.908790e-08
1282 1.112979e-04 9.812827e-08
1283 1.112964e-04 9.717795e-08
1284 1.112948e-04 9.623682e-08
1285 1.112933e-04 9.530481e-08
1286 1.112918e-04 9.438183e-08
1287 1.112904e-04 9.346778e-08
1288 1.112889e-04 9.256259e-08
1289 1.112874e-04 9.166616e-08
1290 1.112860e-04 9.077841e-08
1291 1.112846e-04 8.989927e-08
1292 1.112832e-04 8.902863e-08
1293 1.112818e-04 8.816643e-08
1294 1.112804e-04 8.731258e-08
1295 1.112790e-04 8.646699e-08
1296 1.112777e-04 8.562960e-08
1297 1.112763e-04 8.480032e-08
1298 1.112750e-04 8.397906e-08
1299 1.112737e-04 8.316576e-08
1300 1.112724e-04 8.236034e-08
1301 1.112711e-04 8.156272e-08
1302 1.112698e-04 8.077282e-08
1303 1.112685e-04 7.999057e-08
1304 1.112673e-04 7.921590e-08
1305 1.112661e-04 7.844873e-08
1306 1.112648e-04 7.768899e-08
1307 1.112636e-04 7.693660e-08
1308 1.112624e-04 7.619151e-08
1309 1.112612e-04 7.545363e-08
1310 1.112600e-04 7.472289e-08
1311 1.112589e-04 7.399923e-08
1312 1.112577e-04 7.328258e-08
1313 1.112566e-04 7.257287e-08
1314 1.112554e-04 7.187004e-08
1315 1.112543e-04 7.117401e-08
1316 1.112532e-04 7.048472e-08
1317 1.112521e-04 6.980211e-08
1318 1.112510e-04 6.912611e-08
1319 1.112499e-04 6.845665e-08
1320 1.112489e-04 6.779368e-08
1321 1.112478e-04 6.713713e-08
1322 1.112467e-04 6.648694e-08
1323 1.112457e-04 6.584304e-08
1324 1.112447e-04 6.520538e-08
1325 1.112437e-04 6.457389e-08
1326 1.112427e-04 6.394852e-08
1327 1.112417e-04 6.332921e-08
1328 1.112407e-04 6.271590e-08
1329 1.112397e-04 6.210852e-08
1330 1.112387e-04 6.150703e-08
1331 1.112378e-04 6.091136e-08
1332 1.112368e-04 6.032146e-08
1333 1.112359e-04 5.973727e-08
1334 1.112349e-04 5.915875e-08
1335 1.112340e-04 5.858582e-08
1336 1.112331e-04 5.801844e-08
1337 1.112322e-04 5.745656e-08
1338 1.112313e-04 5.690012e-08
1339 1.112304e-04 5.634907e-08
1340 1.112295e-04 5.580335e-08
1341 1.112287e-04 5.526292e-08
1342 1.112278e-04 5.472772e-08
1343 1.112270e-04 5.419771e-08
1344 1.112261e-04 5.367283e-08
1345 1.112253e-04 5.315303e-08
1346 1.112244e-04 5.263827e-08
1347 1.112236e-04 5.212849e-08
1348 1.112228e-04 5.162365e-08
1349 1.112220e-04 5.112370e-08
1350 1.112212e-04 5.062859e-08
1351 1.112204e-04 5.013827e-08
1352 1.112196e-04 4.965271e-08
1353 1.112189e-04 4.917184e-08
1354 1.112181e-04 4.869564e-08
1355 1.112173e-04 4.822404e-08
1356 1.112166e-04 4.775701e-08
1357 1.112159e-04 4.729451e-08
1358 1.112151e-04 4.683648e-08
1359 1.112144e-04 4.638289e-08
1360 1.112137e-04 4.593369e-08
1361 1.112130e-04 4.548885e-08
1362 1.112122e-04 4.504831e-08
1363 1.112115e-04 4.461203e-08
1364 1.112109e-04 4.417999e-08
1365 1.112102e-04 4.375212e-08
1366 1.112095e-04 4.332840e-08
1367 1.112088e-04 4.290879e-08
1368 1.112081e-04 4.249323e-08
1369 1.112075e-04 4.208171e-08
1370 1.112068e-04 4.167416e-08
1371 1.112062e-04 4.127057e-08
1372 1.112055e-04 4.087088e-08
1373 1.112049e-04 4.047507e-08
1374 1.112043e-04 4.008308e-08
1375 1.112037e-04 3.969490e-08
1376 1.112030e-04 3.931047e-08
1377 1.112024e-04 3.892976e-08
1378 1.112018e-04 3.855275e-08
1379 1.112012e-04 3.817938e-08
1380 1.112006e-04 3.780963e-08
1381 1.112000e-04 3.744346e-08
1382 1.111995e-04 3.708084e-08
1383 1.111989e-04 3.672173e-08
1384 1.111983e-04 3.636609e-08
1385 1.111977e-04 3.601390e-08
1386 1.111972e-04 3.566513e-08
1387 1.111966e-04 3.531973e-08
1388 1.111961e-04 3.497767e-08
1389 1.111955e-04 3.463893e-08
1390 1.111950e-04 3.430346e-08
1391 1.111945e-04 3.397125e-08
1392 1.111939e-04 3.364225e-08
1393 1.111934e-04 3.331644e-08
1394 1.111929e-04 3.299379e-08
1395 1.111924e-04 3.267426e-08
1396 1.111919e-04 3.235782e-08
1397 1.111914e-04 3.204445e-08
1398 1.111909e-04 3.173412e-08
1399 1.111904e-04 3.142679e-08
1400 1.111899e-04 3.112243e-08
1401 1.111894e-04 3.082102e-08
1402 1.111889e-04 3.052254e-08
1403 1.111885e-04 3.022694e-08
1404 1.111880e-04 2.993421e-08
1405 1.111875e-04 2.964431e-08
1406 1.111871e-04 2.935721e-08
1407 1.111866e-04 2.907290e-08
1408 1.111862e-04 2.879134e-08
1409 1.111857e-04 2.851251e-08
1410 1.111853e-04 2.823638e-08
1411 1.111848e-04 2.796293e-08
1412 1.111844e-04 2.769212e-08
1413 1.111840e-04 2.742393e-08
1414 1.111836e-04 2.715834e-08
1415 1.111831e-04 2.689533e-08
1416 1.111827e-04 2.663486e-08
1417 1.111823e-04 2.637691e-08
1418 1.111819e-04 2.612146e-08
1419 1.111815e-04 2.586849e-08
1420 1.111811e-04 2.561796e-08
1421 1.111807e-04 2.536986e-08
1422 1.111803e-04 2.512417e-08
1423 1.111799e-04 2.488085e-08
1424 1.111795e-04 2.463989e-08
1425 1.111791e-04 2.440127e-08
1426 1.111788e-04 2.416495e-08
1427 1.111784e-04 2.393092e-08
1428 1.111780e-04 2.369916e-08
1429 1.111777e-04 2.346965e-08
1430 1.111773e-04 2.324236e-08
1431 1.111769e-04 2.301726e-08
1432 1.111766e-04 2.279435e-08
1433 1.111762e-04 2.257360e-08
1434 1.111759e-04 2.235498e-08
1435 1.111755e-04 2.213849e-08
1436 1.111752e-04 2.192408e-08
1437 1.111748e-04 2.171176e-08
1438 1.111745e-04 2.150149e-08
1439 1.111742e-04 2.129326e-08
1440 1.111738e-04 2.108704e-08
1441 1.111735e-04 2.088282e-08
1442 1.111732e-04 2.068058e-08
1443 1.111729e-04 2.048030e-08
1444 1.111726e-04 2.028196e-08
1445 1.111722e-04 2.008554e-08
1446 1.111719e-04 1.989102e-08
1447 1.111716e-04 1.969838e-08
1448 1.111713e-04 1.950761e-08
1449 1.111710e-04 1.931869e-08
1450 1.111707e-04 1.913160e-08
1451 1.111704e-04 1.894632e-08
1452 1.111701e-04 1.876283e-08
1453 1.111698e-04 1.858112e-08
1454 1.111695e-04 1.840117e-08
1455 1.111693e-04 1.822296e-08
1456 1.111690e-04 1.804648e-08
1457 1.111687e-04 1.787171e-08
1458 1.111684e-04 1.769863e-08
1459 1.111682e-04 1.752723e-08
1460 1.111679e-04 1.735748e-08
1461 1.111676e-04 1.718938e-08
1462 1.111673e-04 1.702291e-08
1463 1.111671e-04 1.685805e-08
1464 1.111668e-04 1.669479e-08
1465 1.111666e-04 1.653311e-08
1466 1.111663e-04 1.637299e-08
1467 1.111661e-04 1.621443e-08
1468 1.111658e-04 1.605740e-08
1469 1.111656e-04 1.590189e-08
1470 1.111653e-04 1.574789e-08
1471 1.111651e-04 1.559538e-08
1472 1.111648e-04 1.544434e-08
1473 1.111646e-04 1.529477e-08
1474 1.111643e-04 1.514665e-08
1475 1.111641e-04 1.499996e-08
1476 1.111639e-04 1.485469e-08
1477 1.111637e-04 1.471083e-08
1478 1.111634e-04 1.456836e-08
1479 1.111632e-04 1.442727e-08
1480 1.111630e-04 1.428755e-08
1481 1.111628e-04 1.414918e-08
1482 1.111625e-04 1.401216e-08
1483 1.111623e-04 1.387645e-08
1484 1.111621e-04 1.374207e-08
1485 1.111619e-04 1.360898e-08
1486 1.111617e-04 1.347718e-08
1487 1.111615e-04 1.334666e-08
1488 1.111613e-04 1.321741e-08
1489 1.111611e-04 1.308940e-08
1490 1.111609e-04 1.296264e-08
1491 1.111607e-04 1.283710e-08
1492 1.111605e-04 1.271278e-08
1493 1.111603e-04 1.258966e-08
1494 1.111601e-04 1.246774e-08
1495 1.111599e-04 1.234699e-08
1496 1.111597e-04 1.222742e-08
1497 1.111595e-04 1.210900e-08
1498 1.111593e-04 1.199173e-08
1499 1.111591e-04 1.187559e-08
1500 1.111589e-04 1.176058e-08
1501 1.111588e-04 1.164669e-08
1502 1.111586e-04 1.153390e-08
1503 1.111584e-04 1.142219e-08
1504 1.111582e-04 1.131158e-08
1505 1.111580e-04 1.120203e-08
1506 1.111579e-04 1.109354e-08
1507 1.111577e-04 1.098611e-08
1508 1.111575e-04 1.087971e-08
1509 1.111574e-04 1.077435e-08
1510 1.111572e-04 1.067000e-08
1511 1.111570e-04 1.056667e-08
1512 1.111569e-04 1.046433e-08
1513 1.111567e-04 1.036299e-08
1514 1.111565e-04 1.026263e-08
1515 1.111564e-04 1.016324e-08
1516 1.111562e-04 1.006481e-08
1517 1.111561e-04 9.967341e-09
