# step err_l2 res_l2
0 2.463645e-01 1.000000e+00
1 2.383746e-01 1.851375e+00
2 2.311592e-01 1.708850e+00
3 2.237735e-01 1.462293e+00
4 2.166657e-01 1.503099e+00
5 2.108994e-01 1.314111e+00
6 2.054780e-01 1.106731e+00
7 2.005106e-01 1.061323e+00
8 1.962400e-01 9.133700e-01
9 1.922684e-01 7.654402e-01
10 1.886383e-01 7.100111e-01
11 1.853585e-01 6.046554e-01
12 1.822858e-01 5.051259e-01
13 1.794415e-01 4.603967e-01
14 1.767849e-01 3.899678e-01
15 1.742690e-01 3.256925e-01
16 1.719051e-01 2.943147e-01
17 1.696535e-01 2.493502e-01
18 1.675010e-01 2.092656e-01
19 1.654536e-01 1.887750e-01
20 1.634821e-01 1.610709e-01
21 1.615840e-01 1.368375e-01
22 1.597625e-01 1.240377e-01
23 1.579977e-01 1.075315e-01
24 1.562900e-01 9.334740e-02
25 1.546406e-01 8.560637e-02
26 1.530368e-01 7.611479e-02
27 1.514789e-01 6.808377e-02
28 1.499673e-01 6.349633e-02
29 1.484938e-01 5.818588e-02
30 1.470584e-01 5.371122e-02
31 1.456608e-01 5.096046e-02
32 1.442958e-01 4.796147e-02
33 1.429631e-01 4.539128e-02
34 1.416621e-01 4.363759e-02
35 1.403894e-01 4.182499e-02
36 1.391445e-01 4.021657e-02
37 1.379267e-01 3.898706e-02
38 1.367338e-01 3.776433e-02
39 1.355651e-01 3.663857e-02
40 1.344200e-01 3.569327e-02
41 1.332969e-01 3.477346e-02
42 1.321951e-01 3.390386e-02
43 1.311141e-01 3.312664e-02
44 1.300526e-01 3.237733e-02
45 1.290102e-01 3.165848e-02
46 1.279862e-01 3.099226e-02
47 1.269797e-01 3.035142e-02
48 1.259903e-01 2.973239e-02
49 1.250173e-01 2.914711e-02
50 1.240602e-01 2.858364e-02
51 1.231184e-01 2.803771e-02
52 1.221916e-01 2.751577e-02
53 1.212790e-01 2.701232e-02
54 1.203804e-01 2.652382e-02
55 1.194952e-01 2.605376e-02
56 1.186231e-01 2.559938e-02
57 1.177637e-01 2.515811e-02
58 1.169165e-01 2.473176e-02
59 1.160813e-01 2.431882e-02
60 1.152577e-01 2.391748e-02
61 1.144453e-01 2.352865e-02
62 1.136439e-01 2.315139e-02
63 1.128531e-01 2.278447e-02
64 1.120726e-01 2.242826e-02
65 1.113022e-01 2.208216e-02
66 1.105416e-01 2.174529e-02
67 1.097905e-01 2.141776e-02
68 1.090488e-01 2.109913e-02
69 1.083160e-01 2.078877e-02
70 1.075921e-01 2.048666e-02
71 1.068767e-01 2.019245e-02
72 1.061698e-01 1.990569e-02
73 1.054710e-01 1.962627e-02
74 1.047801e-01 1.935392e-02
75 1.040971e-01 1.908829e-02
76 1.034216e-01 1.882926e-02
77 1.027536e-01 1.857658e-02
78 1.020928e-01 1.833000e-02
79 1.014391e-01 1.808937e-02
80 1.007923e-01 1.785449e-02
81 1.001523e-01 1.762515e-02
82 9.951884e-02 1.740121e-02
83 9.889187e-02 1.718249e-02
84 9.827122e-02 1.696882e-02
85 9.765676e-02 1.676007e-02
86 9.704835e-02 1.655608e-02
87 9.644587e-02 1.635670e-02
88 9.584919e-02 1.616181e-02
89 9.525819e-02 1.597128e-02
90 9.467276e-02 1.578497e-02
91 9.409278e-02 1.560276e-02
92 9.351815e-02 1.542454e-02
93 9.294876e-02 1.525019e-02
94 9.238451e-02 1.507961e-02
95 9.182530e-02 1.491269e-02
96 9.127103e-02 1.474932e-02
97 9.072161e-02 1.458941e-02
98 9.017695e-02 1.443286e-02
99 8.963697e-02 1.427958e-02
100 8.910157e-02 1.412947e-02
101 8.857068e-02 1.398245e-02
102 8.804421e-02 1.383844e-02
103 8.752210e-02 1.369735e-02
104 8.700425e-02 1.355910e-02
105 8.649061e-02 1.342361e-02
106 8.598109e-02 1.329081e-02
107 8.547564e-02 1.316063e-02
108 8.497418e-02 1.303300e-02
109 8.447665e-02 1.290784e-02
110 8.398298e-02 1.278508e-02
111 8.349312e-02 1.266467e-02
112 8.300701e-02 1.254655e-02
113 8.252458e-02 1.243064e-02
114 8.204578e-02 1.231689e-02
115 8.157056e-02 1.220523e-02
116 8.109887e-02 1.209563e-02
117 8.063064e-02 1.198801e-02
118 8.016584e-02 1.188233e-02
119 7.970441e-02 1.177853e-02
120 7.924630e-02 1.167657e-02
121 7.879148e-02 1.157639e-02
122 7.833988e-02 1.147794e-02
123 7.789148e-02 1.138119e-02
124 7.744622e-02 1.128608e-02
125 7.700407e-02 1.119258e-02
126 7.656499e-02 1.110063e-02
127 7.612893e-02 1.101020e-02
128 7.569585e-02 1.092125e-02
129 7.526573e-02 1.083373e-02
130 7.483852e-02 1.074762e-02
131 7.441419e-02 1.066287e-02
132 7.399270e-02 1.057945e-02
133 7.357402e-02 1.049732e-02
134 7.315811e-02 1.041646e-02
135 7.274495e-02 1.033682e-02
136 7.233450e-02 1.025837e-02
137 7.192673e-02 1.018109e-02
138 7.152161e-02 1.010494e-02
139 7.111911e-02 1.002990e-02
140 7.071921e-02 9.955929e-03
141 7.032187e-02 9.883011e-03
142 6.992708e-02 9.811115e-03
143 6.953479e-02 9.740216e-03
144 6.914498e-02 9.670289e-03
145 6.875764e-02 9.601308e-03
146 6.837273e-02 9.533251e-03
147 6.799024e-02 9.466094e-03
148 6.761012e-02 9.399815e-03
149 6.723237e-02 9.334392e-03
150 6.685697e-02 9.269805e-03
151 6.648387e-02 9.206032e-03
152 6.611308e-02 9.143055e-03
153 6.574456e-02 9.080854e-03
154 6.537829e-02 9.019410e-03
155 6.501425e-02 8.958706e-03
156 6.465243e-02 8.898723e-03
157 6.429280e-02 8.839445e-03
158 6.393534e-02 8.780856e-03
159 6.358003e-02 8.722939e-03
160 6.322686e-02 8.665679e-03
161 6.287581e-02 8.609061e-03
162 6.252685e-02 8.553070e-03
163 6.217998e-02 8.497692e-03
164 6.183516e-02 8.442913e-03
165 6.149240e-02 8.388721e-03
166 6.115166e-02 8.335102e-03
167 6.081294e-02 8.282043e-03
168 6.047621e-02 8.229533e-03
169 6.014146e-02 8.177559e-03
170 5.980868e-02 8.126111e-03
171 5.947785e-02 8.075177e-03
172 5.914895e-02 8.024746e-03
173 5.882197e-02 7.974808e-03
174 5.849689e-02 7.925353e-03
175 5.817371e-02 7.876370e-03
176 5.785240e-02 7.827852e-03
177 5.753295e-02 7.779787e-03
178 5.721535e-02 7.732168e-03
179 5.689959e-02 7.684985e-03
180 5.658564e-02 7.638231e-03
181 5.627350e-02 7.591896e-03
182 5.596316e-02 7.545973e-03
183 5.565460e-02 7.500454e-03
184 5.534781e-02 7.455332e-03
185 5.504277e-02 7.410600e-03
186 5.473948e-02 7.366250e-03
187 5.443792e-02 7.322275e-03
188 5.413808e-02 7.278669e-03
189 5.383995e-02 7.235426e-03
190 5.354352e-02 7.192538e-03
191 5.324877e-02 7.150001e-03
192 5.295569e-02 7.107807e-03
193 5.266427e-02 7.065952e-03
194 5.237451e-02 7.024430e-03
195 5.208638e-02 6.983235e-03
196 5.179989e-02 6.942362e-03
197 5.151501e-02 6.901806e-03
198 5.123174e-02 6.861562e-03
199 5.095007e-02 6.821625e-03
200 5.066998e-02 6.781990e-03
201 5.039148e-02 6.742653e-03
202 5.011453e-02 6.703609e-03
203 4.983915e-02 6.664854e-03
204 4.956531e-02 6.626384e-03
205 4.929300e-02 6.588195e-03
206 4.902222e-02 6.550282e-03
207 4.875296e-02 6.512642e-03
208 4.848521e-02 6.475271e-03
209 4.821896e-02 6.438165e-03
210 4.795419e-02 6.401321e-03
211 4.769090e-02 6.364735e-03
212 4.742909e-02 6.328405e-03
213 4.716873e-02 6.292325e-03
214 4.690983e-02 6.256494e-03
215 4.665237e-02 6.220908e-03
216 4.639635e-02 6.185564e-03
217 4.614175e-02 6.150459e-03
218 4.588857e-02 6.115591e-03
219 4.563679e-02 6.080955e-03
220 4.538642e-02 6.046551e-03
221 4.513744e-02 6.012374e-03
222 4.488984e-02 5.978422e-03
223 4.464362e-02 5.944693e-03
224 4.439876e-02 5.911184e-03
225 4.415526e-02 5.877893e-03
226 4.391311e-02 5.844817e-03
227 4.367231e-02 5.811954e-03
228 4.343284e-02 5.779302e-03
229 4.319469e-02 5.746858e-03
230 4.295787e-02 5.714620e-03
231 4.272235e-02 5.682586e-03
232 4.248814e-02 5.650754e-03
233 4.225522e-02 5.619122e-03
234 4.202360e-02 5.587689e-03
235 4.179325e-02 5.556451e-03
236 4.156418e-02 5.525407e-03
237 4.133637e-02 5.494555e-03
238 4.110982e-02 5.463894e-03
239 4.088452e-02 5.433421e-03
240 4.066047e-02 5.403135e-03
241 4.043765e-02 5.373034e-03
242 4.021606e-02 5.343116e-03
243 3.999570e-02 5.313380e-03
244 3.977655e-02 5.283824e-03
245 3.955860e-02 5.254447e-03
246 3.934186e-02 5.225246e-03
247 3.912632e-02 5.196221e-03
248 3.891196e-02 5.167369e-03
249 3.869878e-02 5.138690e-03
250 3.848678e-02 5.110182e-03
251 3.827595e-02 5.081844e-03
252 3.806627e-02 5.053673e-03
253 3.785775e-02 5.025669e-03
254 3.765038e-02 4.997831e-03
255 3.744415e-02 4.970156e-03
256 3.723906e-02 4.942644e-03
257 3.703509e-02 4.915294e-03
258 3.683224e-02 4.888104e-03
259 3.663052e-02 4.861072e-03
260 3.642990e-02 4.834199e-03
261 3.623038e-02 4.807481e-03
262 3.603196e-02 4.780920e-03
263 3.583463e-02 4.754512e-03
264 3.563839e-02 4.728257e-03
265 3.544322e-02 4.702154e-03
266 3.524913e-02 4.676202e-03
267 3.505610e-02 4.650399e-03
268 3.486414e-02 4.624745e-03
269 3.467323e-02 4.599238e-03
270 3.448336e-02 4.573877e-03
271 3.429454e-02 4.548662e-03
272 3.410676e-02 4.523592e-03
273 3.392001e-02 4.498664e-03
274 3.373428e-02 4.473879e-03
275 3.354957e-02 4.449235e-03
276 3.336588e-02 4.424732e-03
277 3.318320e-02 4.400368e-03
278 3.300152e-02 4.376142e-03
279 3.282083e-02 4.352054e-03
280 3.264114e-02 4.328103e-03
281 3.246243e-02 4.304287e-03
282 3.228470e-02 4.280605e-03
283 3.210795e-02 4.257058e-03
284 3.193217e-02 4.233644e-03
285 3.175735e-02 4.210362e-03
286 3.158350e-02 4.187211e-03
287 3.141059e-02 4.164190e-03
288 3.123864e-02 4.141299e-03
289 3.106762e-02 4.118537e-03
290 3.089755e-02 4.095902e-03
291 3.072841e-02 4.073395e-03
292 3.056019e-02 4.051014e-03
293 3.039290e-02 4.028758e-03
294 3.022652e-02 4.006627e-03
295 3.006106e-02 3.984620e-03
296 2.989650e-02 3.962736e-03
297 2.973285e-02 3.940974e-03
298 2.957009e-02 3.919334e-03
299 2.940823e-02 3.897815e-03
300 2.924725e-02 3.876416e-03
301 2.908716e-02 3.855136e-03
302 2.892794e-02 3.833975e-03
303 2.876960e-02 3.812932e-03
304 2.861212e-02 3.792006e-03
305 2.845551e-02 3.771196e-03
306 2.829975e-02 3.750502e-03
307 2.814485e-02 3.729923e-03
308 2.799080e-02 3.709459e-03
309 2.783759e-02 3.689108e-03
310 2.768522e-02 3.668870e-03
311 2.753369e-02 3.648744e-03
312 2.738298e-02 3.628731e-03
313 2.723311e-02 3.608828e-03
314 2.708405e-02 3.589035e-03
315 2.693581e-02 3.569352e-03
316 2.678838e-02 3.549778e-03
317 2.664176e-02 3.530313e-03
318 2.649594e-02 3.510955e-03
319 2.635092e-02 3.491705e-03
320 2.620670e-02 3.472561e-03
321 2.606327e-02 3.453522e-03
322 2.592062e-02 3.434589e-03
323 2.577875e-02 3.415761e-03
324 2.563766e-02 3.397037e-03
325 2.549735e-02 3.378416e-03
326 2.535780e-02 3.359898e-03
327 2.521902e-02 3.341482e-03
328 2.508099e-02 3.323168e-03
329 2.494372e-02 3.304954e-03
330 2.480721e-02 3.286842e-03
331 2.467144e-02 3.268829e-03
332 2.453642e-02 3.250915e-03
333 2.440213e-02 3.233101e-03
334 2.426858e-02 3.215384e-03
335 2.413576e-02 3.197765e-03
336 2.400367e-02 3.180243e-03
337 2.387231e-02 3.162818e-03
338 2.374166e-02 3.145489e-03
339 2.361173e-02 3.128255e-03
340 2.348251e-02 3.111116e-03
341 2.335399e-02 3.094071e-03
342 2.322618e-02 3.077120e-03
343 2.309908e-02 3.060263e-03
344 2.297266e-02 3.043498e-03
345 2.284694e-02 3.026825e-03
346 2.272191e-02 3.010244e-03
347 2.259756e-02 2.993754e-03
348 2.247389e-02 2.977355e-03
349 2.235090e-02 2.961046e-03
350 2.222859e-02 2.944827e-03
351 2.210694e-02 2.928697e-03
352 2.198596e-02 2.912655e-03
353 2.186564e-02 2.896702e-03
354 2.174598e-02 2.880836e-03
355 2.162698e-02 2.865058e-03
356 2.150863e-02 2.849366e-03
357 2.139092e-02 2.833760e-03
358 2.127386e-02 2.818240e-03
359 2.115744e-02 2.802805e-03
360 2.104166e-02 2.787455e-03
361 2.092652e-02 2.772190e-03
362 2.081200e-02 2.757008e-03
363 2.069811e-02 2.741909e-03
364 2.058484e-02 2.726893e-03
365 2.047220e-02 2.711960e-03
366 2.036017e-02 2.697109e-03
367 2.024875e-02 2.682339e-03
368 2.013794e-02 2.667650e-03
369 2.002775e-02 2.653042e-03
370 1.991815e-02 2.638514e-03
371 1.980915e-02 2.624066e-03
372 1.970075e-02 2.609697e-03
373 1.959295e-02 2.595407e-03
374 1.948573e-02 2.581195e-03
375 1.937910e-02 2.567061e-03
376 1.927306e-02 2.553004e-03
377 1.916759e-02 2.539025e-03
378 1.906271e-02 2.525122e-03
379 1.895840e-02 2.511296e-03
380 1.885465e-02 2.497545e-03
381 1.875148e-02 2.483870e-03
382 1.864887e-02 2.470270e-03
383 1.854683e-02 2.456744e-03
384 1.844534e-02 2.443293e-03
385 1.834440e-02 2.429915e-03
386 1.824402e-02 2.416611e-03
387 1.814419e-02 2.403379e-03
388 1.804491e-02 2.390220e-03
389 1.794617e-02 2.377133e-03
390 1.784797e-02 2.364118e-03
391 1.775031e-02 2.351174e-03
392 1.765318e-02 2.338302e-03
393 1.755658e-02 2.325499e-03
394 1.746052e-02 2.312767e-03
395 1.736498e-02 2.300105e-03
396 1.726996e-02 2.287512e-03
397 1.717546e-02 2.274988e-03
398 1.708148e-02 2.262532e-03
399 1.698801e-02 2.250145e-03
400 1.689506e-02 2.237826e-03
401 1.680261e-02 2.225574e-03
402 1.671068e-02 2.213390e-03
403 1.661924e-02 2.201272e-03
404 1.652830e-02 2.189220e-03
405 1.643787e-02 2.177235e-03
406 1.634792e-02 2.165315e-03
407 1.625847e-02 2.153461e-03
408 1.616951e-02 2.141671e-03
409 1.608104e-02 2.129946e-03
410 1.599305e-02 2.118285e-03
411 1.590554e-02 2.106688e-03
412 1.581851e-02 2.095155e-03
413 1.573196e-02 2.083685e-03
414 1.564588e-02 2.072277e-03
415 1.556028e-02 2.060933e-03
416 1.547514e-02 2.049650e-03
417 1.539047e-02 2.038429e-03
418 1.530626e-02 2.027269e-03
419 1.522251e-02 2.016171e-03
420 1.513922e-02 2.005133e-03
421 1.505639e-02 1.994156e-03
422 1.497401e-02 1.983239e-03
423 1.489208e-02 1.972382e-03
424 1.481060e-02 1.961584e-03
425 1.472957e-02 1.950846e-03
426 1.464898e-02 1.940166e-03
427 1.456883e-02 1.929544e-03
428 1.448912e-02 1.918981e-03
429 1.440984e-02 1.908476e-03
430 1.433100e-02 1.898028e-03
431 1.425259e-02 1.887637e-03
432 1.417461e-02 1.877304e-03
433 1.409706e-02 1.867027e-03
434 1.401993e-02 1.856806e-03
435 1.394323e-02 1.846641e-03
436 1.386694e-02 1.836532e-03
437 1.379107e-02 1.826478e-03
438 1.371562e-02 1.816479e-03
439 1.364058e-02 1.806535e-03
440 1.356595e-02 1.796645e-03
441 1.349173e-02 1.786810e-03
442 1.341792e-02 1.777028e-03
443 1.334451e-02 1.767300e-03
444 1.327150e-02 1.757626e-03
445 1.319889e-02 1.748004e-03
446 1.312668e-02 1.738435e-03
447 1.305486e-02 1.728918e-03
448 1.298344e-02 1.719453e-03
449 1.291241e-02 1.710041e-03
450 1.284176e-02 1.700679e-03
451 1.277151e-02 1.691369e-03
452 1.270164e-02 1.682110e-03
453 1.263215e-02 1.672902e-03
454 1.256304e-02 1.663744e-03
455 1.249431e-02 1.654636e-03
456 1.242595e-02 1.645578e-03
457 1.235797e-02 1.636570e-03
458 1.229037e-02 1.627611e-03
459 1.222313e-02 1.618701e-03
460 1.215626e-02 1.609840e-03
461 1.208975e-02 1.601027e-03
462 1.202361e-02 1.592263e-03
463 1.195784e-02 1.583546e-03
464 1.189242e-02 1.574878e-03
465 1.182736e-02 1.566256e-03
466 1.176266e-02 1.557682e-03
467 1.169831e-02 1.549155e-03
468 1.163431e-02 1.540675e-03
469 1.157067e-02 1.532241e-03
470 1.150737e-02 1.523853e-03
471 1.144442e-02 1.515511e-03
472 1.138181e-02 1.507215e-03
473 1.131955e-02 1.498964e-03
474 1.125762e-02 1.490759e-03
475 1.119604e-02 1.482598e-03
476 1.113479e-02 1.474482e-03
477 1.107388e-02 1.466410e-03
478 1.101330e-02 1.458383e-03
479 1.095305e-02 1.450399e-03
480 1.089314e-02 1.442459e-03
481 1.083355e-02 1.434563e-03
482 1.077429e-02 1.426710e-03
483 1.071535e-02 1.418900e-03
484 1.065673e-02 1.411133e-03
485 1.059844e-02 1.403408e-03
486 1.054046e-02 1.395725e-03
487 1.048280e-02 1.388085e-03
488 1.042546e-02 1.380486e-03
489 1.036843e-02 1.372929e-03
490 1.031171e-02 1.365414e-03
491 1.025531e-02 1.357939e-03
492 1.019921e-02 1.350506e-03
493 1.014342e-02 1.343113e-03
494 1.008794e-02 1.335760e-03
495 1.003275e-02 1.328448e-03
496 9.977875e-03 1.321176e-03
497 9.923296e-03 1.313944e-03
498 9.869017e-03 1.306751e-03
499 9.815034e-03 1.299597e-03
500 9.761347e-03 1.292483e-03
501 9.707953e-03 1.285408e-03
502 9.654852e-03 1.278371e-03
503 9.602042e-03 1.271373e-03
504 9.549521e-03 1.264414e-03
505 9.497287e-03 1.257492e-03
506 9.445339e-03 1.250608e-03
507 9.393676e-03 1.243762e-03
508 9.342295e-03 1.236954e-03
509 9.291196e-03 1.230183e-03
510 9.240376e-03 1.223448e-03
511 9.189835e-03 1.216751e-03
512 9.139570e-03 1.210090e-03
513 9.089580e-03 1.203466e-03
514 9.039864e-03 1.196878e-03
515 8.990421e-03 1.190326e-03
516 8.941247e-03 1.183810e-03
517 8.892343e-03 1.177330e-03
518 8.843707e-03 1.170885e-03
519 8.795337e-03 1.164475e-03
520 8.747232e-03 1.158101e-03
521 8.699390e-03 1.151761e-03
522 8.651810e-03 1.145456e-03
523 8.604491e-03 1.139186e-03
524 8.557430e-03 1.132950e-03
525 8.510627e-03 1.126748e-03
526 8.464081e-03 1.120580e-03
527 8.417789e-03 1.114446e-03
528 8.371751e-03 1.108345e-03
529 8.325964e-03 1.102278e-03
530 8.280428e-03 1.096244e-03
531 8.235142e-03 1.090243e-03
532 8.190103e-03 1.084275e-03
533 8.145311e-03 1.078339e-03
534 8.100764e-03 1.072436e-03
535 8.056462e-03 1.066566e-03
536 8.012401e-03 1.060727e-03
537 7.968582e-03 1.054920e-03
538 7.925002e-03 1.049146e-03
539 7.881662e-03 1.043403e-03
540 7.838558e-03 1.037691e-03
541 7.795691e-03 1.032010e-03
542 7.753058e-03 1.026361e-03
543 7.710658e-03 1.020743e-03
544 7.668491e-03 1.015155e-03
545 7.626554e-03 1.009598e-03
546 7.584847e-03 1.004071e-03
547 7.543368e-03 9.985746e-04
548 7.502117e-03 9.931083e-04
549 7.461091e-03 9.876719e-04
550 7.420290e-03 9.822652e-04
551 7.379712e-03 9.768882e-04
552 7.339356e-03 9.715406e-04
553 7.299221e-03 9.662222e-04
554 7.259306e-03 9.609330e-04
555 7.219609e-03 9.556727e-04
556 7.180130e-03 9.504412e-04
557 7.140867e-03 9.452384e-04
558 7.101818e-03 9.400640e-04
559 7.062984e-03 9.349180e-04
560 7.024362e-03 9.298001e-04
561 6.985951e-03 9.247103e-04
562 6.947751e-03 9.196483e-04
563 6.909760e-03 9.146140e-04
564 6.871977e-03 9.096073e-04
565 6.834401e-03 9.046280e-04
566 6.797030e-03 8.996759e-04
567 6.759864e-03 8.947510e-04
568 6.722901e-03 8.898530e-04
569 6.686141e-03 8.849818e-04
570 6.649582e-03 8.801373e-04
571 6.613223e-03 8.753193e-04
572 6.577063e-03 8.705277e-04
573 6.541102e-03 8.657623e-04
574 6.505336e-03 8.610230e-04
575 6.469767e-03 8.563096e-04
576 6.434393e-03 8.516221e-04
577 6.399212e-03 8.469602e-04
578 6.364224e-03 8.423238e-04
579 6.329427e-03 8.377128e-04
580 6.294821e-03 8.331271e-04
581 6.260404e-03 8.285664e-04
582 6.226175e-03 8.240308e-04
583 6.192134e-03 8.195199e-04
584 6.158280e-03 8.150337e-04
585 6.124610e-03 8.105721e-04
586 6.091125e-03 8.061350e-04
587 6.057823e-03 8.017221e-04
588 6.024704e-03 7.973333e-04
589 5.991766e-03 7.929686e-04
590 5.959008e-03 7.886278e-04
591 5.926429e-03 7.843108e-04
592 5.894029e-03 7.800173e-04
593 5.861806e-03 7.757474e-04
594 5.829760e-03 7.715009e-04
595 5.797889e-03 7.672776e-04
596 5.766193e-03 7.630774e-04
597 5.734670e-03 7.589002e-04
598 5.703319e-03 7.547459e-04
599 5.672140e-03 7.506143e-04
600 5.641132e-03 7.465054e-04
601 5.610294e-03 7.424189e-04
602 5.579624e-03 7.383548e-04
603 5.549123e-03 7.343129e-04
604 5.518788e-03 7.302932e-04
605 5.488619e-03 7.262955e-04
606 5.458616e-03 7.223197e-04
607 5.428777e-03 7.183656e-04
608 5.399101e-03 7.144332e-04
609 5.369587e-03 7.105223e-04
610 5.340235e-03 7.066328e-04
611 5.311044e-03 7.027646e-04
612 5.282013e-03 6.989175e-04
613 5.253140e-03 6.950916e-04
614 5.224426e-03 6.912866e-04
615 5.195869e-03 6.875024e-04
616 5.167468e-03 6.837389e-04
617 5.139222e-03 6.799960e-04
618 5.111132e-03 6.762736e-04
619 5.083195e-03 6.725716e-04
620 5.055411e-03 6.688899e-04
621 5.027779e-03 6.652283e-04
622 5.000298e-03 6.615867e-04
623 4.972968e-03 6.579651e-04
624 4.945787e-03 6.543633e-04
625 4.918755e-03 6.507813e-04
626 4.891871e-03 6.472188e-04
627 4.865134e-03 6.436758e-04
628 4.838544e-03 6.401523e-04
629 4.812099e-03 6.366480e-04
630 4.785799e-03 6.331629e-04
631 4.759643e-03 6.296969e-04
632 4.733630e-03 6.262498e-04
633 4.707760e-03 6.228217e-04
634 4.682031e-03 6.194123e-04
635 4.656443e-03 6.160215e-04
636 4.630995e-03 6.126493e-04
637 4.605687e-03 6.092956e-04
638 4.580517e-03 6.059603e-04
639 4.555484e-03 6.026431e-04
640 4.530589e-03 5.993442e-04
641 4.505830e-03 5.960633e-04
642 4.481207e-03 5.928004e-04
643 4.456718e-03 5.895553e-04
644 4.432364e-03 5.863280e-04
645 4.408142e-03 5.831184e-04
646 4.384054e-03 5.799263e-04
647 4.360097e-03 5.767517e-04
648 4.336271e-03 5.735945e-04
649 4.312576e-03 5.704546e-04
650 4.289011e-03 5.673318e-04
651 4.265574e-03 5.642262e-04
652 4.242266e-03 5.611375e-04
653 4.219086e-03 5.580658e-04
654 4.196032e-03 5.550109e-04
655 4.173104e-03 5.519727e-04
656 4.150302e-03 5.489511e-04
657 4.127625e-03 5.459461e-04
658 4.105072e-03 5.429575e-04
659 4.082643e-03 5.399853e-04
660 4.060336e-03 5.370293e-04
661 4.038151e-03 5.340896e-04
662 4.016088e-03 5.311659e-04
663 3.994146e-03 5.282582e-04
664 3.972324e-03 5.253665e-04
665 3.950621e-03 5.224905e-04
666 3.929037e-03 5.196303e-04
667 3.907571e-03 5.167858e-04
668 3.886223e-03 5.139569e-04
669 3.864991e-03 5.111434e-04
670 3.843876e-03 5.083453e-04
671 3.822876e-03 5.055626e-04
672 3.801992e-03 5.027951e-04
673 3.781221e-03 5.000427e-04
674 3.760565e-03 4.973054e-04
675 3.740021e-03 4.945831e-04
676 3.719590e-03 4.918757e-04
677 3.699271e-03 4.891831e-04
678 3.679063e-03 4.865052e-04
679 3.658966e-03 4.838420e-04
680 3.638978e-03 4.811934e-04
681 3.619100e-03 4.785593e-04
682 3.599331e-03 4.759396e-04
683 3.579670e-03 4.733343e-04
684 3.560117e-03 4.707432e-04
685 3.540671e-03 4.681663e-04
686 3.521331e-03 4.656035e-04
687 3.502097e-03 4.630547e-04
688 3.482969e-03 4.605199e-04
689 3.463945e-03 4.579989e-04
690 3.445025e-03 4.554918e-04
691 3.426209e-03 4.529984e-04
692 3.407496e-03 4.505186e-04
693 3.388885e-03 4.480524e-04
694 3.370376e-03 4.455997e-04
695 3.351969e-03 4.431604e-04
696 3.333662e-03 4.407345e-04
697 3.315455e-03 4.383219e-04
698 3.297349e-03 4.359224e-04
699 3.279341e-03 4.335361e-04
700 3.261432e-03 4.311629e-04
701 3.243621e-03 4.288027e-04
702 3.225907e-03 4.264553e-04
703 3.208291e-03 4.241209e-04
704 3.190770e-03 4.217992e-04
705 3.173346e-03 4.194902e-04
706 3.156017e-03 4.171939e-04
707 3.138783e-03 4.149101e-04
708 3.121644e-03 4.126388e-04
709 3.104598e-03 4.103800e-04
710 3.087646e-03 4.081335e-04
711 3.070786e-03 4.058993e-04
712 3.054018e-03 4.036774e-04
713 3.037343e-03 4.014676e-04
714 3.020759e-03 3.992699e-04
715 3.004265e-03 3.970843e-04
716 2.987862e-03 3.949106e-04
717 2.971548e-03 3.927488e-04
718 2.955324e-03 3.905988e-04
719 2.939189e-03 3.884606e-04
720 2.923142e-03 3.863341e-04
721 2.907183e-03 3.842193e-04
722 2.891311e-03 3.821160e-04
723 2.875527e-03 3.800243e-04
724 2.859828e-03 3.779440e-04
725 2.844216e-03 3.758751e-04
726 2.828689e-03 3.738175e-04
727 2.813247e-03 3.717711e-04
728 2.797889e-03 3.697360e-04
729 2.782616e-03 3.677120e-04
730 2.767426e-03 3.656991e-04
731 2.752319e-03 3.636973e-04
732 2.737296e-03 3.617063e-04
733 2.722354e-03 3.597263e-04
734 2.707494e-03 3.577571e-04
735 2.692716e-03 3.557987e-04
736 2.678018e-03 3.538510e-04
737 2.663401e-03 3.519140e-04
738 2.648864e-03 3.499876e-04
739 2.634406e-03 3.480717e-04
740 2.620028e-03 3.461663e-04
741 2.605728e-03 3.442713e-04
742 2.591507e-03 3.423868e-04
743 2.577363e-03 3.405125e-04
744 2.563297e-03 3.386485e-04
745 2.549308e-03 3.367947e-04
746 2.535396e-03 3.349510e-04
747 2.521559e-03 3.331174e-04
748 2.507799e-03 3.312939e-04
749 2.494114e-03 3.294804e-04
750 2.480503e-03 3.276768e-04
751 2.466968e-03 3.258830e-04
752 2.453506e-03 3.240991e-04
753 2.440118e-03 3.223249e-04
754 2.426803e-03 3.205605e-04
755 2.413561e-03 3.188057e-04
756 2.400392e-03 3.170605e-04
757 2.387295e-03 3.153249e-04
758 2.374270e-03 3.135987e-04
759 2.361315e-03 3.118821e-04
760 2.348432e-03 3.101748e-04
761 2.335619e-03 3.084768e-04
762 2.322877e-03 3.067882e-04
763 2.310204e-03 3.051088e-04
764 2.297601e-03 3.034386e-04
765 2.285066e-03 3.017775e-04
766 2.272600e-03 3.001256e-04
767 2.260203e-03 2.984826e-04
768 2.247873e-03 2.968487e-04
769 2.235611e-03 2.952237e-04
770 2.223416e-03 2.936076e-04
771 2.211288e-03 2.920004e-04
772 2.199226e-03 2.904019e-04
773 2.187230e-03 2.888122e-04
774 2.175300e-03 2.872312e-04
775 2.163435e-03 2.856589e-04
776 2.151635e-03 2.840952e-04
777 2.139900e-03 2.825400e-04
778 2.128229e-03 2.809933e-04
779 2.116622e-03 2.794551e-04
780 2.105078e-03 2.779254e-04
781 2.093598e-03 2.764040e-04
782 2.082180e-03 2.748909e-04
783 2.070825e-03 2.733861e-04
784 2.059532e-03 2.718895e-04
785 2.048301e-03 2.704012e-04
786 2.037132e-03 2.689210e-04
787 2.026023e-03 2.674489e-04
788 2.014976e-03 2.659848e-04
789 2.003989e-03 2.645288e-04
790 1.993062e-03 2.630807e-04
791 1.982195e-03 2.616406e-04
792 1.971387e-03 2.602083e-04
793 1.960639e-03 2.587839e-04
794 1.949949e-03 2.573673e-04
795 1.939318e-03 2.559584e-04
796 1.928745e-03 2.545573e-04
797 1.918230e-03 2.531638e-04
798 1.907773e-03 2.517780e-04
799 1.897373e-03 2.503997e-04
800 1.887030e-03 2.490290e-04
801 1.876743e-03 2.476658e-04
802 1.866513e-03 2.463100e-04
803 1.856339e-03 2.449617e-04
804 1.846220e-03 2.436207e-04
805 1.836157e-03 2.422871e-04
806 1.826149e-03 2.409608e-04
807 1.816196e-03 2.396417e-04
808 1.806297e-03 2.383299e-04
809 1.796453e-03 2.370253e-04
810 1.786662e-03 2.357278e-04
811 1.776925e-03 2.344374e-04
812 1.767242e-03 2.331540e-04
813 1.757611e-03 2.318777e-04
814 1.748033e-03 2.306084e-04
815 1.738508e-03 2.293460e-04
816 1.729034e-03 2.280905e-04
817 1.719613e-03 2.268419e-04
818 1.710243e-03 2.256002e-04
819 1.700924e-03 2.243652e-04
820 1.691657e-03 2.231370e-04
821 1.682440e-03 2.219155e-04
822 1.673274e-03 2.207007e-04
823 1.664157e-03 2.194926e-04
824 1.655091e-03 2.182910e-04
825 1.646075e-03 2.170961e-04
826 1.637107e-03 2.159077e-04
827 1.628189e-03 2.147258e-04
828 1.619320e-03 2.135503e-04
829 1.610499e-03 2.123813e-04
830 1.601727e-03 2.112187e-04
831 1.593003e-03 2.100625e-04
832 1.584326e-03 2.089126e-04
833 1.575697e-03 2.077690e-04
834 1.567115e-03 2.066316e-04
835 1.558580e-03 2.055005e-04
836 1.550092e-03 2.043755e-04
837 1.541650e-03 2.032568e-04
838 1.533255e-03 2.021441e-04
839 1.524906e-03 2.010375e-04
840 1.516602e-03 1.999370e-04
841 1.508344e-03 1.988426e-04
842 1.500131e-03 1.977541e-04
843 1.491962e-03 1.966715e-04
844 1.483839e-03 1.955949e-04
845 1.475760e-03 1.945242e-04
846 1.467726e-03 1.934594e-04
847 1.459735e-03 1.924004e-04
848 1.451788e-03 1.913471e-04
849 1.443885e-03 1.902997e-04
850 1.436025e-03 1.892579e-04
851 1.428208e-03 1.882219e-04
852 1.420434e-03 1.871916e-04
853 1.412702e-03 1.861669e-04
854 1.405013e-03 1.851478e-04
855 1.397365e-03 1.841342e-04
856 1.389760e-03 1.831263e-04
857 1.382196e-03 1.821238e-04
858 1.374674e-03 1.811268e-04
859 1.367193e-03 1.801353e-04
860 1.359753e-03 1.791492e-04
861 1.352354e-03 1.781686e-04
862 1.344995e-03 1.771932e-04
863 1.337676e-03 1.762233e-04
864 1.330398e-03 1.752586e-04
865 1.323159e-03 1.742992e-04
866 1.315960e-03 1.733451e-04
867 1.308801e-03 1.723961e-04
868 1.301680e-03 1.714524e-04
869 1.294599e-03 1.705139e-04
870 1.287557e-03 1.695805e-04
871 1.280553e-03 1.686522e-04
872 1.273587e-03 1.677289e-04
873 1.266660e-03 1.668108e-04
874 1.259770e-03 1.658976e-04
875 1.252918e-03 1.649895e-04
876 1.246104e-03 1.640863e-04
877 1.239327e-03 1.631881e-04
878 1.232587e-03 1.622948e-04
879 1.225884e-03 1.614063e-04
880 1.219218e-03 1.605228e-04
881 1.212588e-03 1.596441e-04
882 1.205995e-03 1.587701e-04
883 1.199438e-03 1.579010e-04
884 1.192916e-03 1.570366e-04
885 1.186431e-03 1.561770e-04
886 1.179980e-03 1.553221e-04
887 1.173566e-03 1.544718e-04
888 1.167186e-03 1.536262e-04
889 1.160841e-03 1.527852e-04
890 1.154531e-03 1.519489e-04
891 1.148256e-03 1.511171e-04
892 1.142015e-03 1.502899e-04
893 1.135808e-03 1.494672e-04
894 1.129635e-03 1.486490e-04
895 1.123496e-03 1.478352e-04
896 1.117390e-03 1.470260e-04
897 1.111318e-03 1.462211e-04
898 1.105280e-03 1.454207e-04
899 1.099274e-03 1.446246e-04
900 1.093301e-03 1.438329e-04
901 1.087361e-03 1.430456e-04
902 1.081454e-03 1.422625e-04
903 1.075579e-03 1.414838e-04
904 1.069736e-03 1.407093e-04
905 1.063925e-03 1.399390e-04
906 1.058145e-03 1.391730e-04
907 1.052398e-03 1.384111e-04
908 1.046682e-03 1.376534e-04
909 1.040997e-03 1.368999e-04
910 1.035344e-03 1.361505e-04
911 1.029721e-03 1.354052e-04
912 1.024129e-03 1.346640e-04
913 1.018568e-03 1.339268e-04
914 1.013037e-03 1.331937e-04
915 1.007537e-03 1.324645e-04
916 1.002067e-03 1.317394e-04
917 9.966265e-04 1.310183e-04
918 9.912160e-04 1.303010e-04
919 9.858352e-04 1.295878e-04
920 9.804838e-04 1.288784e-04
921 9.751617e-04 1.281729e-04
922 9.698688e-04 1.274712e-04
923 9.646049e-04 1.267734e-04
924 9.593698e-04 1.260795e-04
925 9.541634e-04 1.253893e-04
926 9.489855e-04 1.247029e-04
927 9.438360e-04 1.240203e-04
928 9.387147e-04 1.233414e-04
929 9.336215e-04 1.226662e-04
930 9.285562e-04 1.219947e-04
931 9.235186e-04 1.213269e-04
932 9.185086e-04 1.206627e-04
933 9.135260e-04 1.200022e-04
934 9.085708e-04 1.193453e-04
935 9.036427e-04 1.186920e-04
936 8.987416e-04 1.180422e-04
937 8.938674e-04 1.173961e-04
938 8.890199e-04 1.167534e-04
939 8.841989e-04 1.161143e-04
940 8.794043e-04 1.154787e-04
941 8.746361e-04 1.148465e-04
942 8.698939e-04 1.142178e-04
943 8.651777e-04 1.135926e-04
944 8.604874e-04 1.129708e-04
945 8.558227e-04 1.123524e-04
946 8.511837e-04 1.117373e-04
947 8.465700e-04 1.111257e-04
948 8.419816e-04 1.105173e-04
949 8.374184e-04 1.099124e-04
950 8.328802e-04 1.093107e-04
951 8.283668e-04 1.087123e-04
952 8.238782e-04 1.081172e-04
953 8.194142e-04 1.075253e-04
954 8.149746e-04 1.069367e-04
955 8.105594e-04 1.063514e-04
956 8.061683e-04 1.057692e-04
957 8.018013e-04 1.051902e-04
958 7.974583e-04 1.046144e-04
959 7.931391e-04 1.040417e-04
960 7.888435e-04 1.034721e-04
961 7.845714e-04 1.029057e-04
962 7.803228e-04 1.023424e-04
963 7.760975e-04 1.017822e-04
964 7.718953e-04 1.012250e-04
965 7.677162e-04 1.006709e-04
966 7.635599e-04 1.001198e-04
967 7.594264e-04 9.957173e-05
968 7.553156e-04 9.902666e-05
969 7.512274e-04 9.848457e-05
970 7.471615e-04 9.794546e-05
971 7.431179e-04 9.740929e-05
972 7.390965e-04 9.687606e-05
973 7.350971e-04 9.634575e-05
974 7.311196e-04 9.581834e-05
975 7.271640e-04 9.529382e-05
976 7.232300e-04 9.477217e-05
977 7.193176e-04 9.425337e-05
978 7.154266e-04 9.373741e-05
979 7.115570e-04 9.322428e-05
980 7.077086e-04 9.271396e-05
981 7.038813e-04 9.220643e-05
982 7.000749e-04 9.170168e-05
983 6.962894e-04 9.119970e-05
984 6.925247e-04 9.070046e-05
985 6.887806e-04 9.020395e-05
986 6.850571e-04 8.971016e-05
987 6.813539e-04 8.921908e-05
988 6.776711e-04 8.873068e-05
989 6.740084e-04 8.824496e-05
990 6.703659e-04 8.776189e-05
991 6.667433e-04 8.728147e-05
992 6.631405e-04 8.680368e-05
993 6.595575e-04 8.632851e-05
994 6.559942e-04 8.585594e-05
995 6.524504e-04 8.538595e-05
996 6.489260e-04 8.491854e-05
997 6.454210e-04 8.445368e-05
998 6.419352e-04 8.399137e-05
999 6.384685e-04 8.353159e-05
1000 6.350208e-04 8.307433e-05
1001 6.315920e-04 8.261957e-05
1002 6.281820e-04 8.216730e-05
1003 6.247907e-04 8.171750e-05
1004 6.214180e-04 8.127017e-05
1005 6.180638e-04 8.082529e-05
1006 6.147280e-04 8.038284e-05
1007 6.114105e-04 7.994281e-05
1008 6.081112e-04 7.950520e-05
1009 6.048300e-04 7.906998e-05
1010 6.015668e-04 7.863714e-05
1011 5.983214e-04 7.820667e-05
1012 5.950939e-04 7.777855e-05
1013 5.918841e-04 7.735278e-05
1014 5.886919e-04 7.692934e-05
1015 5.855172e-04 7.650822e-05
1016 5.823599e-04 7.608941e-05
1017 5.792199e-04 7.567288e-05
1018 5.760972e-04 7.525864e-05
1019 5.729916e-04 7.484666e-05
1020 5.699030e-04 7.443694e-05
1021 5.668314e-04 7.402947e-05
1022 5.637766e-04 7.362422e-05
1023 5.607386e-04 7.322119e-05
1024 5.577172e-04 7.282037e-05
1025 5.547125e-04 7.242174e-05
1026 5.517242e-04 7.202529e-05
1027 5.487523e-04 7.163102e-05
1028 5.457967e-04 7.123890e-05
1029 5.428573e-04 7.084893e-05
1030 5.399341e-04 7.046109e-05
1031 5.370269e-04 7.007538e-05
1032 5.341357e-04 6.969178e-05
1033 5.312603e-04 6.931028e-05
1034 5.284007e-04 6.893086e-05
1035 5.255568e-04 6.855353e-05
1036 5.227285e-04 6.817826e-05
1037 5.199157e-04 6.780504e-05
1038 5.171184e-04 6.743387e-05
1039 5.143364e-04 6.706472e-05
1040 5.115697e-04 6.669760e-05
1041 5.088182e-04 6.633249e-05
1042 5.060817e-04 6.596938e-05
1043 5.033603e-04 6.560825e-05
1044 5.006539e-04 6.524911e-05
1045 4.979623e-04 6.489192e-05
1046 4.952854e-04 6.453670e-05
1047 4.926233e-04 6.418342e-05
1048 4.899758e-04 6.383207e-05
1049 4.873428e-04 6.348264e-05
1050 4.847242e-04 6.313513e-05
1051 4.821201e-04 6.278952e-05
1052 4.795302e-04 6.244580e-05
1053 4.769546e-04 6.210397e-05
1054 4.743931e-04 6.176400e-05
1055 4.718457e-04 6.142590e-05
1056 4.693123e-04 6.108964e-05
1057 4.667927e-04 6.075523e-05
1058 4.642871e-04 6.042265e-05
1059 4.617951e-04 6.009189e-05
1060 4.593169e-04 5.976294e-05
1061 4.568523e-04 5.943579e-05
1062 4.544012e-04 5.911043e-05
1063 4.519635e-04 5.878685e-05
1064 4.495393e-04 5.846504e-05
1065 4.471284e-04 5.814500e-05
1066 4.447307e-04 5.782670e-05
1067 4.423462e-04 5.751015e-05
1068 4.399748e-04 5.719533e-05
1069 4.376164e-04 5.688224e-05
1070 4.352710e-04 5.657086e-05
1071 4.329385e-04 5.626118e-05
1072 4.306188e-04 5.595320e-05
1073 4.283118e-04 5.564691e-05
1074 4.260175e-04 5.534229e-05
1075 4.237358e-04 5.503934e-05
1076 4.214667e-04 5.473805e-05
1077 4.192100e-04 5.443840e-05
1078 4.169657e-04 5.414040e-05
1079 4.147338e-04 5.384403e-05
1080 4.125141e-04 5.354928e-05
1081 4.103067e-04 5.325614e-05
1082 4.081113e-04 5.296461e-05
1083 4.059281e-04 5.267468e-05
1084 4.037568e-04 5.238633e-05
1085 4.015975e-04 5.209956e-05
1086 3.994500e-04 5.181436e-05
1087 3.973144e-04 5.153072e-05
1088 3.951905e-04 5.124864e-05
1089 3.930783e-04 5.096809e-05
1090 3.909777e-04 5.068909e-05
1091 3.888886e-04 5.041161e-05
1092 3.868110e-04 5.013565e-05
1093 3.847449e-04 4.986120e-05
1094 3.826901e-04 4.958825e-05
1095 3.806466e-04 4.931680e-05
1096 3.786144e-04 4.904683e-05
1097 3.765933e-04 4.877835e-05
1098 3.745834e-04 4.851133e-05
1099 3.725845e-04 4.824577e-05
1100 3.705966e-04 4.798167e-05
1101 3.686197e-04 4.771901e-05
1102 3.666536e-04 4.745779e-05
1103 3.646984e-04 4.719800e-05
1104 3.627539e-04 4.693963e-05
1105 3.608201e-04 4.668268e-05
1106 3.588970e-04 4.642713e-05
1107 3.569844e-04 4.617298e-05
1108 3.550824e-04 4.592022e-05
1109 3.531908e-04 4.566885e-05
1110 3.513097e-04 4.541885e-05
1111 3.494389e-04 4.517023e-05
1112 3.475784e-04 4.492296e-05
1113 3.457281e-04 4.467704e-05
1114 3.438881e-04 4.443248e-05
1115 3.420581e-04 4.418925e-05
1116 3.402383e-04 4.394735e-05
1117 3.384284e-04 4.370678e-05
1118 3.366286e-04 4.346752e-05
1119 3.348386e-04 4.322957e-05
1120 3.330585e-04 4.299293e-05
1121 3.312882e-04 4.275758e-05
1122 3.295277e-04 4.252352e-05
1123 3.277769e-04 4.229074e-05
1124 3.260357e-04 4.205923e-05
1125 3.243041e-04 4.182900e-05
1126 3.225821e-04 4.160002e-05
1127 3.208695e-04 4.137229e-05
1128 3.191664e-04 4.114582e-05
1129 3.174726e-04 4.092058e-05
1130 3.157882e-04 4.069658e-05
1131 3.141131e-04 4.047380e-05
1132 3.124472e-04 4.025224e-05
1133 3.107906e-04 4.003189e-05
1134 3.091430e-04 3.981275e-05
1135 3.075045e-04 3.959481e-05
1136 3.058751e-04 3.937807e-05
1137 3.042546e-04 3.916250e-05
1138 3.026431e-04 3.894812e-05
1139 3.010405e-04 3.873492e-05
1140 2.994467e-04 3.852288e-05
1141 2.978617e-04 3.831200e-05
1142 2.962855e-04 3.810227e-05
1143 2.947179e-04 3.789370e-05
1144 2.931590e-04 3.768626e-05
1145 2.916087e-04 3.747996e-05
1146 2.900670e-04 3.727479e-05
1147 2.885337e-04 3.707074e-05
1148 2.870090e-04 3.686781e-05
1149 2.854926e-04 3.666600e-05
1150 2.839846e-04 3.646528e-05
1151 2.824850e-04 3.626567e-05
1152 2.809936e-04 3.606714e-05
1153 2.795105e-04 3.586971e-05
1154 2.780355e-04 3.567335e-05
1155 2.765687e-04 3.547807e-05
1156 2.751100e-04 3.528386e-05
1157 2.736594e-04 3.509071e-05
1158 2.722168e-04 3.489862e-05
1159 2.707821e-04 3.470758e-05
1160 2.693554e-04 3.451759e-05
1161 2.679365e-04 3.432863e-05
1162 2.665255e-04 3.414071e-05
1163 2.651223e-04 3.395382e-05
1164 2.637269e-04 3.376795e-05
1165 2.623392e-04 3.358310e-05
1166 2.609591e-04 3.339927e-05
1167 2.595867e-04 3.321643e-05
1168 2.582219e-04 3.303460e-05
1169 2.568646e-04 3.285377e-05
1170 2.555148e-04 3.267392e-05
1171 2.541725e-04 3.249506e-05
1172 2.528376e-04 3.231718e-05
1173 2.515101e-04 3.214027e-05
1174 2.501900e-04 3.196433e-05
1175 2.488772e-04 3.178935e-05
1176 2.475716e-04 3.161533e-05
1177 2.462732e-04 3.144227e-05
1178 2.449821e-04 3.127015e-05
1179 2.436981e-04 3.109897e-05
1180 2.424212e-04 3.092873e-05
1181 2.411514e-04 3.075942e-05
1182 2.398886e-04 3.059104e-05
1183 2.386328e-04 3.042358e-05
1184 2.373840e-04 3.025704e-05
1185 2.361420e-04 3.009141e-05
1186 2.349070e-04 2.992669e-05
1187 2.336788e-04 2.976286e-05
1188 2.324575e-04 2.959994e-05
1189 2.312428e-04 2.943790e-05
1190 2.300350e-04 2.927676e-05
1191 2.288338e-04 2.911649e-05
1192 2.276393e-04 2.895710e-05
1193 2.264514e-04 2.879859e-05
1194 2.252701e-04 2.864094e-05
1195 2.240954e-04 2.848416e-05
1196 2.229272e-04 2.832823e-05
1197 2.217654e-04 2.817316e-05
1198 2.206101e-04 2.801894e-05
1199 2.194613e-04 2.786556e-05
1200 2.183188e-04 2.771302e-05
1201 2.171826e-04 2.756131e-05
1202 2.160528e-04 2.741044e-05
1203 2.149292e-04 2.726039e-05
1204 2.138119e-04 2.711116e-05
1205 2.127008e-04 2.696275e-05
1206 2.115959e-04 2.681516e-05
1207 2.104971e-04 2.666837e-05
1208 2.094044e-04 2.652238e-05
1209 2.083178e-04 2.637719e-05
1210 2.072372e-04 2.623280e-05
1211 2.061627e-04 2.608920e-05
1212 2.050941e-04 2.594638e-05
1213 2.040315e-04 2.580435e-05
1214 2.029747e-04 2.566309e-05
1215 2.019239e-04 2.552261e-05
1216 2.008789e-04 2.538290e-05
1217 1.998397e-04 2.524395e-05
1218 1.988064e-04 2.510576e-05
1219 1.977787e-04 2.496833e-05
1220 1.967568e-04 2.483165e-05
1221 1.957406e-04 2.469571e-05
1222 1.947301e-04 2.456053e-05
1223 1.937251e-04 2.442608e-05
1224 1.927258e-04 2.429237e-05
1225 1.917321e-04 2.415939e-05
1226 1.907439e-04 2.402714e-05
1227 1.897612e-04 2.389561e-05
1228 1.887840e-04 2.376480e-05
1229 1.878122e-04 2.363471e-05
1230 1.868459e-04 2.350533e-05
1231 1.858850e-04 2.337666e-05
1232 1.849294e-04 2.324869e-05
1233 1.839792e-04 2.312143e-05
1234 1.830342e-04 2.299486e-05
1235 1.820946e-04 2.286898e-05
1236 1.811602e-04 2.274379e-05
1237 1.802310e-04 2.261929e-05
1238 1.793070e-04 2.249547e-05
1239 1.783882e-04 2.237232e-05
1240 1.774745e-04 2.224986e-05
1241 1.765659e-04 2.212806e-05
1242 1.756625e-04 2.200693e-05
1243 1.747640e-04 2.188646e-05
1244 1.738706e-04 2.176665e-05
1245 1.729822e-04 2.164749e-05
1246 1.720988e-04 2.152899e-05
1247 1.712203e-04 2.141114e-05
1248 1.703467e-04 2.129393e-05
1249 1.694781e-04 2.117737e-05
1250 1.686143e-04 2.106144e-05
1251 1.677553e-04 2.094615e-05
1252 1.669012e-04 2.083148e-05
1253 1.660518e-04 2.071745e-05
1254 1.652073e-04 2.060404e-05
1255 1.643674e-04 2.049125e-05
1256 1.635323e-04 2.037908e-05
1257 1.627018e-04 2.026752e-05
1258 1.618761e-04 2.015657e-05
1259 1.610549e-04 2.004623e-05
1260 1.602384e-04 1.993650e-05
1261 1.594265e-04 1.982736e-05
1262 1.586191e-04 1.971883e-05
1263 1.578162e-04 1.961088e-05
1264 1.570179e-04 1.950353e-05
1265 1.562241e-04 1.939677e-05
1266 1.554347e-04 1.929059e-05
1267 1.546498e-04 1.918499e-05
1268 1.538693e-04 1.907997e-05
1269 1.530932e-04 1.897552e-05
1270 1.523215e-04 1.887164e-05
1271 1.515541e-04 1.876834e-05
1272 1.507910e-04 1.866560e-05
1273 1.500323e-04 1.856342e-05
1274 1.492778e-04 1.846180e-05
1275 1.485275e-04 1.836074e-05
1276 1.477816e-04 1.826023e-05
1277 1.470398e-04 1.816027e-05
1278 1.463022e-04 1.806086e-05
1279 1.455688e-04 1.796199e-05
1280 1.448395e-04 1.786367e-05
1281 1.441143e-04 1.776588e-05
1282 1.433932e-04 1.766863e-05
1283 1.426763e-04 1.757190e-05
1284 1.419633e-04 1.747571e-05
1285 1.412544e-04 1.738005e-05
1286 1.405495e-04 1.728491e-05
1287 1.398486e-04 1.719029e-05
1288 1.391517e-04 1.709619e-05
1289 1.384587e-04 1.700260e-05
1290 1.377697e-04 1.690953e-05
1291 1.370846e-04 1.681696e-05
1292 1.364033e-04 1.672490e-05
1293 1.357259e-04 1.663335e-05
1294 1.350524e-04 1.654230e-05
1295 1.343826e-04 1.645174e-05
1296 1.337167e-04 1.636168e-05
1297 1.330546e-04 1.627212e-05
1298 1.323962e-04 1.618304e-05
1299 1.317416e-04 1.609445e-05
1300 1.310906e-04 1.600635e-05
1301 1.304434e-04 1.591873e-05
1302 1.297999e-04 1.583159e-05
1303 1.291600e-04 1.574492e-05
1304 1.285238e-04 1.565873e-05
1305 1.278912e-04 1.557302e-05
1306 1.272622e-04 1.548777e-05
1307 1.266368e-04 1.540298e-05
1308 1.260150e-04 1.531867e-05
1309 1.253967e-04 1.523481e-05
1310 1.247820e-04 1.515141e-05
1311 1.241707e-04 1.506847e-05
1312 1.235630e-04 1.498599e-05
1313 1.229587e-04 1.490395e-05
1314 1.223579e-04 1.482236e-05
1315 1.217605e-04 1.474122e-05
1316 1.211665e-04 1.466053e-05
1317 1.205759e-04 1.458028e-05
1318 1.199887e-04 1.450046e-05
1319 1.194049e-04 1.442108e-05
1320 1.188244e-04 1.434214e-05
1321 1.182473e-04 1.426363e-05
1322 1.176734e-04 1.418555e-05
1323 1.171029e-04 1.410790e-05
1324 1.165356e-04 1.403067e-05
1325 1.159716e-04 1.395386e-05
1326 1.154108e-04 1.387748e-05
1327 1.148533e-04 1.380151e-05
1328 1.142989e-04 1.372596e-05
1329 1.137478e-04 1.365082e-05
1330 1.131998e-04 1.357609e-05
1331 1.126549e-04 1.350178e-05
1332 1.121133e-04 1.342787e-05
1333 1.115747e-04 1.335436e-05
1334 1.110392e-04 1.328126e-05
1335 1.105069e-04 1.320855e-05
1336 1.099776e-04 1.313625e-05
1337 1.094513e-04 1.306434e-05
1338 1.089281e-04 1.299282e-05
1339 1.084079e-04 1.292170e-05
1340 1.078908e-04 1.285096e-05
1341 1.073766e-04 1.278062e-05
1342 1.068654e-04 1.271065e-05
1343 1.063572e-04 1.264107e-05
1344 1.058519e-04 1.257187e-05
1345 1.053495e-04 1.250305e-05
1346 1.048501e-04 1.243461e-05
1347 1.043535e-04 1.236654e-05
1348 1.038598e-04 1.229885e-05
1349 1.033691e-04 1.223152e-05
1350 1.028811e-04 1.216456e-05
1351 1.023960e-04 1.209797e-05
1352 1.019137e-04 1.203175e-05
1353 1.014342e-04 1.196588e-05
1354 1.009576e-04 1.190038e-05
1355 1.004837e-04 1.183524e-05
1356 1.000125e-04 1.177045e-05
1357 9.954413e-05 1.170602e-05
1358 9.907847e-05 1.164194e-05
1359 9.861553e-05 1.157821e-05
1360 9.815531e-05 1.151483e-05
1361 9.769777e-05 1.145179e-05
1362 9.724291e-05 1.138910e-05
1363 9.679071e-05 1.132676e-05
1364 9.634116e-05 1.126475e-05
1365 9.589425e-05 1.120309e-05
1366 9.544995e-05 1.114176e-05
1367 9.500827e-05 1.108077e-05
1368 9.456918e-05 1.102011e-05
1369 9.413267e-05 1.095979e-05
1370 9.369872e-05 1.089979e-05
1371 9.326733e-05 1.084013e-05
1372 9.283848e-05 1.078079e-05
1373 9.241215e-05 1.072177e-05
1374 9.198834e-05 1.066308e-05
1375 9.156703e-05 1.060471e-05
1376 9.114820e-05 1.054665e-05
1377 9.073184e-05 1.048892e-05
1378 9.031795e-05 1.043150e-05
1379 8.990650e-05 1.037440e-05
1380 8.949749e-05 1.031761e-05
1381 8.909090e-05 1.026113e-05
1382 8.868671e-05 1.020496e-05
1383 8.828493e-05 1.014910e-05
1384 8.788552e-05 1.009354e-05
1385 8.748849e-05 1.003828e-05
1386 8.709381e-05 9.983334e-06
1387 8.670148e-05 9.928684e-06
1388 8.631149e-05 9.874333e-06
1389 8.592381e-05 9.820279e-06
1390 8.553845e-05 9.766522e-06
1391 8.515538e-05 9.713059e-06
1392 8.477459e-05 9.659888e-06
1393 8.439608e-05 9.607009e-06
1394 8.401983e-05 9.554419e-06
1395 8.364583e-05 9.502116e-06
1396 8.327406e-05 9.450101e-06
1397 8.290452e-05 9.398370e-06
1398 8.253719e-05 9.346922e-06
1399 8.217207e-05 9.295755e-06
1400 8.180913e-05 9.244869e-06
1401 8.144838e-05 9.194262e-06
1402 8.108979e-05 9.143931e-06
1403 8.073335e-05 9.093876e-06
1404 8.037906e-05 9.044095e-06
1405 8.002690e-05 8.994586e-06
1406 7.967687e-05 8.945349e-06
1407 7.932894e-05 8.896381e-06
1408 7.898311e-05 8.847681e-06
1409 7.863938e-05 8.799248e-06
1410 7.829772e-05 8.751079e-06
1411 7.795812e-05 8.703175e-06
1412 7.762058e-05 8.655532e-06
1413 7.728509e-05 8.608151e-06
1414 7.695163e-05 8.561029e-06
1415 7.662019e-05 8.514165e-06
1416 7.629076e-05 8.467557e-06
1417 7.596334e-05 8.421205e-06
1418 7.563791e-05 8.375106e-06
1419 7.531445e-05 8.329259e-06
1420 7.499297e-05 8.283664e-06
1421 7.467345e-05 8.238318e-06
1422 7.435588e-05 8.193220e-06
1423 7.404024e-05 8.148370e-06
1424 7.372654e-05 8.103764e-06
1425 7.341475e-05 8.059403e-06
1426 7.310487e-05 8.015285e-06
1427 7.279689e-05 7.971408e-06
1428 7.249080e-05 7.927772e-06
1429 7.218658e-05 7.884374e-06
1430 7.188424e-05 7.841214e-06
1431 7.158375e-05 7.798290e-06
1432 7.128511e-05 7.755602e-06
1433 7.098831e-05 7.713146e-06
1434 7.069334e-05 7.670924e-06
1435 7.040019e-05 7.628932e-06
1436 7.010885e-05 7.587170e-06
1437 6.981931e-05 7.545637e-06
1438 6.953155e-05 7.504331e-06
1439 6.924558e-05 7.463252e-06
1440 6.896139e-05 7.422397e-06
1441 6.867895e-05 7.381766e-06
1442 6.839826e-05 7.341357e-06
1443 6.811932e-05 7.301169e-06
1444 6.784212e-05 7.261202e-06
1445 6.756663e-05 7.221453e-06
1446 6.729287e-05 7.181922e-06
1447 6.702081e-05 7.142607e-06
1448 6.675045e-05 7.103508e-06
1449 6.648177e-05 7.064622e-06
1450 6.621478e-05 7.025949e-06
1451 6.594945e-05 6.987488e-06
1452 6.568579e-05 6.949238e-06
1453 6.542378e-05 6.911197e-06
1454 6.516341e-05 6.873364e-06
1455 6.490468e-05 6.835738e-06
1456 6.464758e-05 6.798319e-06
1457 6.439209e-05 6.761104e-06
1458 6.413821e-05 6.724093e-06
1459 6.388593e-05 6.687284e-06
1460 6.363525e-05 6.650677e-06
1461 6.338614e-05 6.614270e-06
1462 6.313861e-05 6.578063e-06
1463 6.289265e-05 6.542054e-06
1464 6.264825e-05 6.506242e-06
1465 6.240539e-05 6.470626e-06
1466 6.216408e-05 6.435205e-06
1467 6.192429e-05 6.399978e-06
1468 6.168604e-05 6.364943e-06
1469 6.144929e-05 6.330101e-06
1470 6.121406e-05 6.295449e-06
1471 6.098033e-05 6.260987e-06
1472 6.074809e-05 6.226713e-06
1473 6.051733e-05 6.192628e-06
1474 6.028805e-05 6.158728e-06
1475 6.006023e-05 6.125015e-06
1476 5.983388e-05 6.091486e-06
1477 5.960898e-05 6.058140e-06
1478 5.938552e-05 6.024977e-06
1479 5.916349e-05 5.991995e-06
1480 5.894290e-05 5.959194e-06
1481 5.872373e-05 5.926573e-06
1482 5.850597e-05 5.894130e-06
1483 5.828961e-05 5.861865e-06
1484 5.807465e-05 5.829776e-06
1485 5.786108e-05 5.797863e-06
1486 5.764890e-05 5.766125e-06
1487 5.743809e-05 5.734561e-06
1488 5.722864e-05 5.703169e-06
1489 5.702056e-05 5.671949e-06
1490 5.681382e-05 5.640900e-06
1491 5.660844e-05 5.610021e-06
1492 5.640439e-05 5.579311e-06
1493 5.620167e-05 5.548769e-06
1494 5.600027e-05 5.518395e-06
1495 5.580019e-05 5.488186e-06
1496 5.560141e-05 5.458143e-06
1497 5.540394e-05 5.428264e-06
1498 5.520776e-05 5.398549e-06
1499 5.501287e-05 5.368997e-06
1500 5.481926e-05 5.339607e-06
1501 5.462692e-05 5.310377e-06
1502 5.443584e-05 5.281307e-06
1503 5.424602e-05 5.252397e-06
1504 5.405746e-05 5.223644e-06
1505 5.387014e-05 5.195049e-06
1506 5.368405e-05 5.166611e-06
1507 5.349920e-05 5.138328e-06
1508 5.331557e-05 5.110200e-06
1509 5.313316e-05 5.082227e-06
1510 5.295196e-05 5.054406e-06
1511 5.277196e-05 5.026737e-06
1512 5.259316e-05 4.999220e-06
1513 5.241554e-05 4.971854e-06
1514 5.223911e-05 4.944637e-06
1515 5.206386e-05 4.917570e-06
1516 5.188978e-05 4.890650e-06
1517 5.171686e-05 4.863878e-06
1518 5.154509e-05 4.837253e-06
1519 5.137448e-05 4.810773e-06
1520 5.120501e-05 4.784438e-06
1521 5.103668e-05 4.758248e-06
1522 5.086948e-05 4.732200e-06
1523 5.070340e-05 4.706296e-06
1524 5.053844e-05 4.680533e-06
1525 5.037459e-05 4.654911e-06
1526 5.021185e-05 4.629429e-06
1527 5.005020e-05 4.604087e-06
1528 4.988965e-05 4.578884e-06
1529 4.973019e-05 4.553818e-06
1530 4.957180e-05 4.528890e-06
1531 4.941449e-05 4.504099e-06
1532 4.925824e-05 4.479443e-06
1533 4.910306e-05 4.454921e-06
1534 4.894893e-05 4.430535e-06
1535 4.879586e-05 4.406281e-06
1536 4.864382e-05 4.382161e-06
1537 4.849282e-05 4.358172e-06
1538 4.834286e-05 4.334315e-06
1539 4.819392e-05 4.310588e-06
1540 4.804599e-05 4.286992e-06
1541 4.789909e-05 4.263524e-06
1542 4.775318e-05 4.240185e-06
1543 4.760828e-05 4.216974e-06
1544 4.746438e-05 4.193890e-06
1545 4.732147e-05 4.170932e-06
1546 4.717953e-05 4.148099e-06
1547 4.703858e-05 4.125392e-06
1548 4.689860e-05 4.102809e-06
1549 4.675959e-05 4.080350e-06
1550 4.662154e-05 4.058014e-06
1551 4.648444e-05 4.035799e-06
1552 4.634829e-05 4.013707e-06
1553 4.621309e-05 3.991735e-06
1554 4.607883e-05 3.969884e-06
1555 4.594549e-05 3.948153e-06
1556 4.581309e-05 3.926540e-06
1557 4.568161e-05 3.905045e-06
1558 4.555104e-05 3.883669e-06
1559 4.542138e-05 3.862409e-06
1560 4.529263e-05 3.841266e-06
1561 4.516478e-05 3.820238e-06
1562 4.503783e-05 3.799326e-06
1563 4.491176e-05 3.778528e-06
1564 4.478657e-05 3.757843e-06
1565 4.466227e-05 3.737273e-06
1566 4.453884e-05 3.716814e-06
1567 4.441627e-05 3.696468e-06
1568 4.429457e-05 3.676233e-06
1569 4.417373e-05 3.656109e-06
1570 4.405373e-05 3.636095e-06
1571 4.393459e-05 3.616190e-06
1572 4.381628e-05 3.596395e-06
1573 4.369881e-05 3.576708e-06
1574 4.358218e-05 3.557128e-06
1575 4.346637e-05 3.537656e-06
1576 4.335138e-05 3.518291e-06
1577 4.323720e-05 3.499031e-06
1578 4.312384e-05 3.479877e-06
1579 4.301129e-05 3.460828e-06
1580 4.289953e-05 3.441883e-06
1581 4.278857e-05 3.423041e-06
1582 4.267840e-05 3.404303e-06
1583 4.256902e-05 3.385667e-06
1584 4.246042e-05 3.367134e-06
1585 4.235260e-05 3.348702e-06
1586 4.224555e-05 3.330370e-06
1587 4.213926e-05 3.312140e-06
1588 4.203374e-05 3.294009e-06
1589 4.192897e-05 3.275977e-06
1590 4.182495e-05 3.258044e-06
1591 4.172169e-05 3.240209e-06
1592 4.161916e-05 3.222471e-06
1593 4.151738e-05 3.204831e-06
1594 4.141633e-05 3.187287e-06
1595 4.131600e-05 3.169840e-06
1596 4.121640e-05 3.152488e-06
1597 4.111752e-05 3.135231e-06
1598 4.101936e-05 3.118068e-06
1599 4.092190e-05 3.100999e-06
1600 4.082515e-05 3.084024e-06
1601 4.072911e-05 3.067142e-06
1602 4.063376e-05 3.050352e-06
1603 4.053910e-05 3.033654e-06
1604 4.044513e-05 3.017047e-06
1605 4.035184e-05 3.000531e-06
1606 4.025923e-05 2.984106e-06
1607 4.016730e-05 2.967771e-06
1608 4.007604e-05 2.951525e-06
1609 3.998544e-05 2.935368e-06
1610 3.989550e-05 2.919299e-06
1611 3.980622e-05 2.903318e-06
1612 3.971760e-05 2.887425e-06
1613 3.962962e-05 2.871619e-06
1614 3.954229e-05 2.855900e-06
1615 3.945559e-05 2.840266e-06
1616 3.936954e-05 2.824718e-06
1617 3.928411e-05 2.809255e-06
1618 3.919931e-05 2.793877e-06
1619 3.911514e-05 2.778583e-06
1620 3.903158e-05 2.763373e-06
1621 3.894864e-05 2.748245e-06
1622 3.886631e-05 2.733201e-06
1623 3.878459e-05 2.718239e-06
1624 3.870347e-05 2.703359e-06
1625 3.862295e-05 2.688561e-06
1626 3.854303e-05 2.673843e-06
1627 3.846369e-05 2.659206e-06
1628 3.838495e-05 2.644649e-06
1629 3.830678e-05 2.630172e-06
1630 3.822919e-05 2.615774e-06
1631 3.815218e-05 2.601455e-06
1632 3.807575e-05 2.587215e-06
1633 3.799987e-05 2.573052e-06
1634 3.792456e-05 2.558967e-06
1635 3.784982e-05 2.544959e-06
1636 3.777562e-05 2.531027e-06
1637 3.770198e-05 2.517172e-06
1638 3.762889e-05 2.503393e-06
1639 3.755634e-05 2.489689e-06
1640 3.748434e-05 2.476060e-06
1641 3.741287e-05 2.462506e-06
1642 3.734193e-05 2.449025e-06
1643 3.727152e-05 2.435619e-06
1644 3.720164e-05 2.422286e-06
1645 3.713229e-05 2.409026e-06
1646 3.706345e-05 2.395839e-06
1647 3.699512e-05 2.382724e-06
1648 3.692731e-05 2.369681e-06
1649 3.686001e-05 2.356709e-06
1650 3.679321e-05 2.343808e-06
1651 3.672691e-05 2.330977e-06
1652 3.666111e-05 2.318217e-06
1653 3.659580e-05 2.305527e-06
1654 3.653099e-05 2.292906e-06
1655 3.646666e-05 2.280355e-06
1656 3.640282e-05 2.267872e-06
1657 3.633945e-05 2.255457e-06
1658 3.627657e-05 2.243110e-06
1659 3.621415e-05 2.230831e-06
1660 3.615221e-05 2.218620e-06
1661 3.609073e-05 2.206475e-06
1662 3.602972e-05 2.194396e-06
1663 3.596917e-05 2.182384e-06
1664 3.590908e-05 2.170437e-06
1665 3.584944e-05 2.158556e-06
1666 3.579025e-05 2.146739e-06
1667 3.573150e-05 2.134988e-06
1668 3.567321e-05 2.123301e-06
1669 3.561535e-05 2.111677e-06
1670 3.555793e-05 2.100118e-06
1671 3.550095e-05 2.088622e-06
1672 3.544439e-05 2.077188e-06
1673 3.538827e-05 2.065817e-06
1674 3.533257e-05 2.054509e-06
1675 3.527730e-05 2.043262e-06
1676 3.522244e-05 2.032077e-06
1677 3.516800e-05 2.020953e-06
1678 3.511397e-05 2.009890e-06
1679 3.506036e-05 1.998888e-06
1680 3.500715e-05 1.987946e-06
1681 3.495434e-05 1.977063e-06
1682 3.490194e-05 1.966241e-06
1683 3.484993e-05 1.955477e-06
1684 3.479833e-05 1.944773e-06
1685 3.474711e-05 1.934127e-06
1686 3.469628e-05 1.923539e-06
1687 3.464584e-05 1.913009e-06
1688 3.459579e-05 1.902537e-06
1689 3.454612e-05 1.892123e-06
1690 3.449682e-05 1.881765e-06
1691 3.444790e-05 1.871464e-06
1692 3.439935e-05 1.861219e-06
1693 3.435118e-05 1.851031e-06
1694 3.430337e-05 1.840898e-06
1695 3.425593e-05 1.830821e-06
1696 3.420885e-05 1.820798e-06
1697 3.416212e-05 1.810831e-06
1698 3.411576e-05 1.800918e-06
1699 3.406975e-05 1.791060e-06
1700 3.402409e-05 1.781256e-06
1701 3.397878e-05 1.771505e-06
1702 3.393381e-05 1.761807e-06
1703 3.388919e-05 1.752163e-06
1704 3.384491e-05 1.742571e-06
1705 3.380097e-05 1.733032e-06
1706 3.375737e-05 1.723545e-06
1707 3.371409e-05 1.714111e-06
1708 3.367115e-05 1.704727e-06
1709 3.362854e-05 1.695395e-06
1710 3.358626e-05 1.686115e-06
1711 3.354429e-05 1.676885e-06
1712 3.350265e-05 1.667705e-06
1713 3.346133e-05 1.658576e-06
1714 3.342033e-05 1.649497e-06
1715 3.337963e-05 1.640467e-06
1716 3.333925e-05 1.631487e-06
1717 3.329918e-05 1.622556e-06
1718 3.325942e-05 1.613674e-06
1719 3.321996e-05 1.604840e-06
1720 3.318080e-05 1.596055e-06
1721 3.314195e-05 1.587318e-06
1722 3.310339e-05 1.578629e-06
1723 3.306512e-05 1.569987e-06
1724 3.302715e-05 1.561393e-06
1725 3.298947e-05 1.552846e-06
1726 3.295208e-05 1.544345e-06
1727 3.291498e-05 1.535891e-06
1728 3.287816e-05 1.527484e-06
1729 3.284162e-05 1.519122e-06
1730 3.280536e-05 1.510806e-06
1731 3.276938e-05 1.502536e-06
1732 3.273368e-05 1.494311e-06
1733 3.269825e-05 1.486131e-06
1734 3.266309e-05 1.477995e-06
1735 3.262820e-05 1.469905e-06
1736 3.259358e-05 1.461858e-06
1737 3.255922e-05 1.453856e-06
1738 3.252513e-05 1.445897e-06
1739 3.249130e-05 1.437982e-06
1740 3.245772e-05 1.430111e-06
1741 3.242441e-05 1.422282e-06
1742 3.239135e-05 1.414496e-06
1743 3.235854e-05 1.406753e-06
1744 3.232598e-05 1.399052e-06
1745 3.229368e-05 1.391394e-06
1746 3.226162e-05 1.383777e-06
1747 3.222981e-05 1.376202e-06
1748 3.219824e-05 1.368669e-06
1749 3.216691e-05 1.361176e-06
1750 3.213582e-05 1.353725e-06
1751 3.210497e-05 1.346315e-06
1752 3.207436e-05 1.338945e-06
1753 3.204398e-05 1.331615e-06
1754 3.201383e-05 1.324326e-06
1755 3.198391e-05 1.317076e-06
1756 3.195423e-05 1.309866e-06
1757 3.192477e-05 1.302696e-06
1758 3.189553e-05 1.295565e-06
1759 3.186652e-05 1.288473e-06
1760 3.183773e-05 1.281419e-06
1761 3.180916e-05 1.274405e-06
1762 3.178081e-05 1.267429e-06
1763 3.175267e-05 1.260490e-06
1764 3.172475e-05 1.253590e-06
1765 3.169705e-05 1.246728e-06
1766 3.166955e-05 1.239903e-06
1767 3.164227e-05 1.233116e-06
1768 3.161519e-05 1.226366e-06
1769 3.158832e-05 1.219652e-06
1770 3.156166e-05 1.212976e-06
1771 3.153520e-05 1.206336e-06
1772 3.150894e-05 1.199732e-06
1773 3.148288e-05 1.193165e-06
1774 3.145702e-05 1.186633e-06
1775 3.143135e-05 1.180137e-06
1776 3.140589e-05 1.173677e-06
1777 3.138061e-05 1.167252e-06
1778 3.135553e-05 1.160863e-06
1779 3.133064e-05 1.154508e-06
1780 3.130594e-05 1.148188e-06
1781 3.128143e-05 1.141903e-06
1782 3.125710e-05 1.135652e-06
1783 3.123296e-05 1.129435e-06
1784 3.120900e-05 1.123252e-06
1785 3.118523e-05 1.117104e-06
1786 3.116163e-05 1.110988e-06
1787 3.113822e-05 1.104907e-06
1788 3.111498e-05 1.098858e-06
1789 3.109192e-05 1.092843e-06
1790 3.106903e-05 1.086861e-06
1791 3.104632e-05 1.080911e-06
1792 3.102378e-05 1.074994e-06
1793 3.100141e-05 1.069109e-06
1794 3.097921e-05 1.063257e-06
1795 3.095718e-05 1.057436e-06
1796 3.093531e-05 1.051648e-06
1797 3.091361e-05 1.045891e-06
1798 3.089208e-05 1.040166e-06
1799 3.087071e-05 1.034472e-06
1800 3.084950e-05 1.028809e-06
1801 3.082845e-05 1.023177e-06
1802 3.080756e-05 1.017576e-06
1803 3.078682e-05 1.012006e-06
1804 3.076625e-05 1.006466e-06
1805 3.074583e-05 1.000956e-06
1806 3.072556e-05 9.954770e-07
1807 3.070545e-05 9.900276e-07
1808 3.068548e-05 9.846081e-07
1809 3.066567e-05 9.792182e-07
1810 3.064601e-05 9.738578e-07
1811 3.062649e-05 9.685268e-07
1812 3.060713e-05 9.632249e-07
1813 3.058791e-05 9.579521e-07
1814 3.056883e-05 9.527082e-07
1815 3.054990e-05 9.474929e-07
1816 3.053110e-05 9.423062e-07
1817 3.051245e-05 9.371479e-07
1818 3.049394e-05 9.320179e-07
1819 3.047557e-05 9.269159e-07
1820 3.045734e-05 9.218418e-07
1821 3.043924e-05 9.167955e-07
1822 3.042128e-05 9.117769e-07
1823 3.040346e-05 9.067857e-07
1824 3.038576e-05 9.018218e-07
1825 3.036820e-05 8.968851e-07
1826 3.035078e-05 8.919755e-07
1827 3.033348e-05 8.870927e-07
1828 3.031631e-05 8.822366e-07
1829 3.029927e-05 8.774071e-07
1830 3.028235e-05 8.726041e-07
1831 3.026557e-05 8.678274e-07
1832 3.024890e-05 8.630768e-07
1833 3.023237e-05 8.583522e-07
1834 3.021595e-05 8.536534e-07
1835 3.019966e-05 8.489804e-07
1836 3.018349e-05 8.443330e-07
1837 3.016744e-05 8.397110e-07
1838 3.015151e-05 8.351143e-07
1839 3.013570e-05 8.305428e-07
1840 3.012000e-05 8.259963e-07
1841 3.010442e-05 8.214747e-07
1842 3.008896e-05 8.169778e-07
1843 3.007361e-05 8.125056e-07
1844 3.005838e-05 8.080578e-07
1845 3.004326e-05 8.036344e-07
1846 3.002825e-05 7.992352e-07
1847 3.001335e-05 7.948601e-07
1848 2.999856e-05 7.905089e-07
1849 2.998388e-05 7.861816e-07
1850 2.996931e-05 7.818779e-07
1851 2.995485e-05 7.775978e-07
1852 2.994049e-05 7.733411e-07
1853 2.992624e-05 7.691078e-07
1854 2.991210e-05 7.648976e-07
1855 2.989806e-05 7.607104e-07
1856 2.988412e-05 7.565462e-07
1857 2.987029e-05 7.524048e-07
1858 2.985656e-05 7.482860e-07
1859 2.984293e-05 7.441898e-07
1860 2.982939e-05 7.401160e-07
1861 2.981596e-05 7.360645e-07
1862 2.980263e-05 7.320352e-07
1863 2.978939e-05 7.280279e-07
1864 2.977626e-05 7.240426e-07
1865 2.976322e-05 7.200791e-07
1866 2.975027e-05 7.161373e-07
1867 2.973742e-05 7.122171e-07
1868 2.972466e-05 7.083183e-07
1869 2.971200e-05 7.044409e-07
1870 2.969942e-05 7.005847e-07
1871 2.968694e-05 6.967496e-07
1872 2.967456e-05 6.929355e-07
1873 2.966226e-05 6.891423e-07
1874 2.965005e-05 6.853698e-07
1875 2.963793e-05 6.816180e-07
1876 2.962590e-05 6.778868e-07
1877 2.961396e-05 6.741759e-07
1878 2.960210e-05 6.704854e-07
1879 2.959033e-05 6.668151e-07
1880 2.957864e-05 6.631648e-07
1881 2.956704e-05 6.595346e-07
1882 2.955553e-05 6.559242e-07
1883 2.954409e-05 6.523336e-07
1884 2.953274e-05 6.487626e-07
1885 2.952148e-05 6.452112e-07
1886 2.951029e-05 6.416793e-07
1887 2.949919e-05 6.381666e-07
1888 2.948816e-05 6.346732e-07
1889 2.947722e-05 6.311989e-07
1890 2.946635e-05 6.277437e-07
1891 2.945556e-05 6.243073e-07
1892 2.944485e-05 6.208898e-07
1893 2.943422e-05 6.174909e-07
1894 2.942366e-05 6.141107e-07
1895 2.941318e-05 6.107490e-07
1896 2.940278e-05 6.074057e-07
1897 2.939245e-05 6.040807e-07
1898 2.938219e-05 6.007738e-07
1899 2.937201e-05 5.974851e-07
1900 2.936190e-05 5.942144e-07
1901 2.935186e-05 5.909616e-07
1902 2.934190e-05 5.877266e-07
1903 2.933200e-05 5.845093e-07
1904 2.932218e-05 5.813096e-07
1905 2.931243e-05 5.781275e-07
1906 2.930275e-05 5.749627e-07
1907 2.929313e-05 5.718153e-07
1908 2.928359e-05 5.686851e-07
1909 2.927411e-05 5.655721e-07
1910 2.926470e-05 5.624761e-07
1911 2.925536e-05 5.593970e-07
1912 2.924608e-05 5.563348e-07
1913 2.923687e-05 5.532893e-07
1914 2.922773e-05 5.502605e-07
1915 2.921865e-05 5.472484e-07
1916 2.920963e-05 5.442526e-07
1917 2.920068e-05 5.412733e-07
1918 2.919179e-05 5.383103e-07
1919 2.918297e-05 5.353636e-07
1920 2.917421e-05 5.324329e-07
1921 2.916551e-05 5.295183e-07
1922 2.915687e-05 5.266196e-07
1923 2.914829e-05 5.237369e-07
1924 2.913977e-05 5.208699e-07
1925 2.913132e-05 5.180185e-07
1926 2.912292e-05 5.151828e-07
1927 2.911458e-05 5.123627e-07
1928 2.910630e-05 5.095579e-07
1929 2.909808e-05 5.067685e-07
1930 2.908992e-05 5.039944e-07
1931 2.908181e-05 5.012355e-07
1932 2.907376e-05 4.984917e-07
1933 2.906577e-05 4.957629e-07
1934 2.905783e-05 4.930490e-07
1935 2.904995e-05 4.903500e-07
1936 2.904212e-05 4.876657e-07
1937 2.903435e-05 4.849962e-07
1938 2.902664e-05 4.823413e-07
1939 2.901897e-05 4.797009e-07
1940 2.901136e-05 4.770749e-07
1941 2.900381e-05 4.744633e-07
1942 2.899631e-05 4.718661e-07
1943 2.898885e-05 4.692830e-07
1944 2.898145e-05 4.667141e-07
1945 2.897411e-05 4.641592e-07
1946 2.896681e-05 4.616184e-07
1947 2.895956e-05 4.590914e-07
1948 2.895237e-05 4.565783e-07
1949 2.894522e-05 4.540789e-07
1950 2.893813e-05 4.515932e-07
1951 2.893108e-05 4.491212e-07
1952 2.892408e-05 4.466626e-07
1953 2.891713e-05 4.442175e-07
1954 2.891023e-05 4.417858e-07
1955 2.890338e-05 4.393674e-07
1956 2.889657e-05 4.369623e-07
1957 2.888981e-05 4.345703e-07
1958 2.888310e-05 4.321914e-07
1959 2.887643e-05 4.298255e-07
1960 2.886981e-05 4.274726e-07
1961 2.886323e-05 4.251326e-07
1962 2.885670e-05 4.228053e-07
1963 2.885022e-05 4.204908e-07
1964 2.884378e-05 4.181890e-07
1965 2.883738e-05 4.158998e-07
1966 2.883103e-05 4.136231e-07
1967 2.882472e-05 4.113589e-07
1968 2.881845e-05 4.091070e-07
1969 2.881223e-05 4.068675e-07
1970 2.880605e-05 4.046403e-07
1971 2.879991e-05 4.024252e-07
1972 2.879382e-05 4.002223e-07
1973 2.878776e-05 3.980314e-07
1974 2.878175e-05 3.958526e-07
1975 2.877577e-05 3.936856e-07
1976 2.876984e-05 3.915305e-07
1977 2.876395e-05 3.893872e-07
1978 2.875810e-05 3.872557e-07
1979 2.875229e-05 3.851358e-07
1980 2.874652e-05 3.830275e-07
1981 2.874078e-05 3.809308e-07
1982 2.873509e-05 3.788455e-07
1983 2.872944e-05 3.767717e-07
1984 2.872382e-05 3.747092e-07
1985 2.871824e-05 3.726580e-07
1986 2.871270e-05 3.706180e-07
1987 2.870719e-05 3.685892e-07
1988 2.870173e-05 3.665715e-07
1989 2.869630e-05 3.645648e-07
1990 2.869091e-05 3.625691e-07
1991 2.868555e-05 3.605844e-07
1992 2.868023e-05 3.586105e-07
1993 2.867494e-05 3.566474e-07
1994 2.866969e-05 3.546951e-07
1995 2.866448e-05 3.527534e-07
1996 2.865930e-05 3.508224e-07
1997 2.865416e-05 3.489020e-07
1998 2.864905e-05 3.469920e-07
1999 2.864397e-05 3.450926e-07
2000 2.863893e-05 3.432035e-07
2001 2.863392e-05 3.413247e-07
2002 2.862895e-05 3.394563e-07
2003 2.862401e-05 3.375980e-07
2004 2.861910e-05 3.357500e-07
2005 2.861423e-05 3.339121e-07
2006 2.860938e-05 3.320842e-07
2007 2.860457e-05 3.302663e-07
2008 2.859980e-05 3.284584e-07
2009 2.859505e-05 3.266604e-07
2010 2.859034e-05 3.248722e-07
2011 2.858565e-05 3.230938e-07
2012 2.858100e-05 3.213251e-07
2013 2.857638e-05 3.195662e-07
2014 2.857179e-05 3.178168e-07
2015 2.856723e-05 3.160770e-07
2016 2.856270e-05 3.143468e-07
2017 2.855820e-05 3.126260e-07
2018 2.855373e-05 3.109147e-07
2019 2.854929e-05 3.092127e-07
2020 2.854488e-05 3.075200e-07
2021 2.854049e-05 3.058366e-07
2022 2.853614e-05 3.041624e-07
2023 2.853182e-05 3.024974e-07
2024 2.852752e-05 3.008415e-07
2025 2.852325e-05 2.991946e-07
2026 2.851901e-05 2.975568e-07
2027 2.851480e-05 2.959279e-07
2028 2.851062e-05 2.943080e-07
2029 2.850646e-05 2.926969e-07
2030 2.850233e-05 2.910946e-07
2031 2.849823e-05 2.895012e-07
2032 2.849415e-05 2.879164e-07
2033 2.849011e-05 2.863403e-07
2034 2.848608e-05 2.847728e-07
2035 2.848209e-05 2.832140e-07
2036 2.847812e-05 2.816636e-07
2037 2.847418e-05 2.801217e-07
2038 2.847026e-05 2.785883e-07
2039 2.846637e-05 2.770633e-07
2040 2.846250e-05 2.755466e-07
2041 2.845866e-05 2.740382e-07
2042 2.845484e-05 2.725381e-07
2043 2.845105e-05 2.710462e-07
2044 2.844728e-05 2.695625e-07
2045 2.844354e-05 2.680868e-07
2046 2.843982e-05 2.666193e-07
2047 2.843613e-05 2.651598e-07
2048 2.843246e-05 2.637083e-07
2049 2.842881e-05 2.622647e-07
2050 2.842519e-05 2.608290e-07
2051 2.842159e-05 2.594012e-07
2052 2.841801e-05 2.579812e-07
2053 2.841446e-05 2.565690e-07
2054 2.841093e-05 2.551645e-07
2055 2.840742e-05 2.537677e-07
2056 2.840394e-05 2.523785e-07
2057 2.840048e-05 2.509970e-07
2058 2.839704e-05 2.496230e-07
2059 2.839362e-05 2.482565e-07
2060 2.839023e-05 2.468975e-07
2061 2.838685e-05 2.455460e-07
2062 2.838350e-05 2.442018e-07
2063 2.838017e-05 2.428650e-07
2064 2.837686e-05 2.415356e-07
2065 2.837357e-05 2.402134e-07
2066 2.837031e-05 2.388984e-07
2067 2.836706e-05 2.375907e-07
2068 2.836384e-05 2.362901e-07
2069 2.836063e-05 2.349966e-07
2070 2.835745e-05 2.337102e-07
2071 2.835429e-05 2.324308e-07
2072 2.835114e-05 2.311585e-07
2073 2.834802e-05 2.298931e-07
2074 2.834492e-05 2.286346e-07
2075 2.834184e-05 2.273830e-07
2076 2.833877e-05 2.261383e-07
2077 2.833573e-05 2.249004e-07
2078 2.833270e-05 2.236693e-07
2079 2.832970e-05 2.224449e-07
2080 2.832671e-05 2.212272e-07
2081 2.832374e-05 2.200161e-07
2082 2.832080e-05 2.188117e-07
2083 2.831787e-05 2.176139e-07
2084 2.831496e-05 2.164227e-07
2085 2.831206e-05 2.152380e-07
2086 2.830919e-05 2.140597e-07
2087 2.830633e-05 2.128879e-07
2088 2.830350e-05 2.117226e-07
2089 2.830068e-05 2.105636e-07
2090 2.829787e-05 2.094109e-07
2091 2.829509e-05 2.082646e-07
2092 2.829232e-05 2.071245e-07
2093 2.828957e-05 2.059907e-07
2094 2.828684e-05 2.048631e-07
2095 2.828413e-05 2.037416e-07
2096 2.828143e-05 2.026263e-07
2097 2.827875e-05 2.015171e-07
2098 2.827609e-05 2.004140e-07
2099 2.827344e-05 1.993169e-07
2100 2.827081e-05 1.982258e-07
2101 2.826819e-05 1.971407e-07
2102 2.826560e-05 1.960615e-07
2103 2.826302e-05 1.949882e-07
2104 2.826045e-05 1.939208e-07
2105 2.825790e-05 1.928593e-07
2106 2.825537e-05 1.918036e-07
2107 2.825285e-05 1.907536e-07
2108 2.825035e-05 1.897094e-07
2109 2.824787e-05 1.886709e-07
2110 2.824540e-05 1.876381e-07
2111 2.824294e-05 1.866109e-07
2112 2.824050e-05 1.855894e-07
2113 2.823808e-05 1.845735e-07
2114 2.823567e-05 1.835631e-07
2115 2.823328e-05 1.825582e-07
2116 2.823090e-05 1.815589e-07
2117 2.822853e-05 1.805650e-07
2118 2.822618e-05 1.795766e-07
2119 2.822385e-05 1.785935e-07
2120 2.822153e-05 1.776159e-07
2121 2.821922e-05 1.766436e-07
2122 2.821693e-05 1.756766e-07
2123 2.821466e-05 1.747150e-07
2124 2.821239e-05 1.737586e-07
2125 2.821014e-05 1.728074e-07
2126 2.820791e-05 1.718614e-07
2127 2.820569e-05 1.709206e-07
2128 2.820348e-05 1.699850e-07
2129 2.820129e-05 1.690545e-07
2130 2.819911e-05 1.681290e-07
2131 2.819694e-05 1.672087e-07
2132 2.819479e-05 1.662933e-07
2133 2.819265e-05 1.653830e-07
2134 2.819052e-05 1.644777e-07
2135 2.818841e-05 1.635773e-07
2136 2.818631e-05 1.626819e-07
2137 2.818422e-05 1.617913e-07
2138 2.818214e-05 1.609057e-07
2139 2.818008e-05 1.600249e-07
2140 2.817803e-05 1.591489e-07
2141 2.817599e-05 1.582777e-07
2142 2.817397e-05 1.574112e-07
2143 2.817196e-05 1.565495e-07
2144 2.816996e-05 1.556926e-07
2145 2.816797e-05 1.548403e-07
2146 2.816600e-05 1.539927e-07
2147 2.816403e-05 1.531497e-07
2148 2.816208e-05 1.523113e-07
2149 2.816014e-05 1.514776e-07
2150 2.815822e-05 1.506484e-07
2151 2.815630e-05 1.498237e-07
2152 2.815440e-05 1.490035e-07
2153 2.815251e-05 1.481879e-07
2154 2.815063e-05 1.473767e-07
2155 2.814876e-05 1.465699e-07
2156 2.814690e-05 1.457676e-07
2157 2.814506e-05 1.449696e-07
2158 2.814322e-05 1.441760e-07
2159 2.814140e-05 1.433868e-07
2160 2.813958e-05 1.426019e-07
2161 2.813778e-05 1.418213e-07
2162 2.813599e-05 1.410449e-07
2163 2.813421e-05 1.402728e-07
2164 2.813244e-05 1.395049e-07
2165 2.813069e-05 1.387413e-07
2166 2.812894e-05 1.379818e-07
2167 2.812720e-05 1.372265e-07
2168 2.812548e-05 1.364753e-07
2169 2.812376e-05 1.357282e-07
2170 2.812206e-05 1.349852e-07
2171 2.812036e-05 1.342463e-07
2172 2.811868e-05 1.335114e-07
2173 2.811700e-05 1.327805e-07
2174 2.811534e-05 1.320537e-07
2175 2.811368e-05 1.313308e-07
2176 2.811204e-05 1.306119e-07
2177 2.811041e-05 1.298969e-07
2178 2.810878e-05 1.291858e-07
2179 2.810717e-05 1.284786e-07
2180 2.810556e-05 1.277753e-07
2181 2.810397e-05 1.270759e-07
2182 2.810238e-05 1.263802e-07
2183 2.810081e-05 1.256884e-07
2184 2.809924e-05 1.250004e-07
2185 2.809768e-05 1.243161e-07
2186 2.809613e-05 1.236356e-07
2187 2.809460e-05 1.229588e-07
2188 2.809307e-05 1.222857e-07
2189 2.809155e-05 1.216163e-07
2190 2.809004e-05 1.209505e-07
2191 2.808854e-05 1.202884e-07
2192 2.808704e-05 1.196300e-07
2193 2.808556e-05 1.189751e-07
2194 2.808408e-05 1.183238e-07
2195 2.808262e-05 1.176761e-07
2196 2.808116e-05 1.170319e-07
2197 2.807971e-05 1.163913e-07
2198 2.807827e-05 1.157541e-07
2199 2.807684e-05 1.151205e-07
2200 2.807542e-05 1.144903e-07
2201 2.807401e-05 1.138636e-07
2202 2.807260e-05 1.132402e-07
2203 2.807120e-05 1.126204e-07
2204 2.806981e-05 1.120039e-07
2205 2.806843e-05 1.113907e-07
2206 2.806706e-05 1.107810e-07
2207 2.806570e-05 1.101745e-07
2208 2.806434e-05 1.095714e-07
2209 2.806299e-05 1.089716e-07
2210 2.806165e-05 1.083751e-07
2211 2.806032e-05 1.077818e-07
2212 2.805900e-05 1.071918e-07
2213 2.805768e-05 1.066050e-07
2214 2.805638e-05 1.060215e-07
2215 2.805508e-05 1.054411e-07
2216 2.805378e-05 1.048639e-07
2217 2.805250e-05 1.042899e-07
2218 2.805122e-05 1.037190e-07
2219 2.804995e-05 1.031512e-07
2220 2.804869e-05 1.025865e-07
2221 2.804743e-05 1.020250e-07
2222 2.804619e-05 1.014665e-07
2223 2.804495e-05 1.009110e-07
2224 2.804372e-05 1.003586e-07
2225 2.804249e-05 9.980924e-08
2226 2.804127e-05 9.926287e-08
2227 2.804006e-05 9.871950e-08
2228 2.803886e-05 9.817909e-08
2229 2.803766e-05 9.764165e-08
2230 2.803647e-05 9.710714e-08
2231 2.803529e-05 9.657557e-08
2232 2.803412e-05 9.604690e-08
2233 2.803295e-05 9.552113e-08
2234 2.803179e-05 9.499823e-08
2235 2.803063e-05 9.447820e-08
2236 2.802948e-05 9.396101e-08
2237 2.802834e-05 9.344666e-08
2238 2.802721e-05 9.293512e-08
2239 2.802608e-05 9.242638e-08
2240 2.802496e-05 9.192043e-08
2241 2.802385e-05 9.141724e-08
2242 2.802274e-05 9.091681e-08
2243 2.802164e-05 9.041912e-08
2244 2.802054e-05 8.992416e-08
2245 2.801945e-05 8.943190e-08
2246 2.801837e-05 8.894234e-08
2247 2.801730e-05 8.845546e-08
2248 2.801623e-05 8.797124e-08
2249 2.801517e-05 8.748967e-08
2250 2.801411e-05 8.701074e-08
2251 2.801306e-05 8.653444e-08
2252 2.801201e-05 8.606073e-08
2253 2.801098e-05 8.558963e-08
2254 2.800994e-05 8.512110e-08
2255 2.800892e-05 8.465513e-08
2256 2.800790e-05 8.419172e-08
2257 2.800688e-05 8.373085e-08
2258 2.800588e-05 8.327249e-08
2259 2.800487e-05 8.281665e-08
2260 2.800388e-05 8.236330e-08
2261 2.800289e-05 8.191243e-08
2262 2.800190e-05 8.146403e-08
2263 2.800092e-05 8.101809e-08
2264 2.799995e-05 8.057458e-08
2265 2.799898e-05 8.013351e-08
2266 2.799802e-05 7.969485e-08
2267 2.799707e-05 7.925859e-08
2268 2.799612e-05 7.882471e-08
2269 2.799517e-05 7.839322e-08
2270 2.799423e-05 7.796408e-08
2271 2.799330e-05 7.753730e-08
2272 2.799237e-05 7.711285e-08
2273 2.799145e-05 7.669072e-08
2274 2.799053e-05 7.627091e-08
2275 2.798962e-05 7.585339e-08
2276 2.798871e-05 7.543816e-08
2277 2.798781e-05 7.502520e-08
2278 2.798691e-05 7.461450e-08
2279 2.798602e-05 7.420605e-08
2280 2.798513e-05 7.379984e-08
2281 2.798425e-05 7.339585e-08
2282 2.798338e-05 7.299407e-08
2283 2.798250e-05 7.259449e-08
2284 2.798164e-05 7.219710e-08
2285 2.798078e-05 7.180189e-08
2286 2.797992e-05 7.140883e-08
2287 2.797907e-05 7.101793e-08
2288 2.797823e-05 7.062917e-08
2289 2.797739e-05 7.024254e-08
2290 2.797655e-05 6.985802e-08
2291 2.797572e-05 6.947561e-08
2292 2.797489e-05 6.909529e-08
2293 2.797407e-05 6.871705e-08
2294 2.797325e-05 6.834089e-08
2295 2.797244e-05 6.796678e-08
2296 2.797163e-05 6.759472e-08
2297 2.797083e-05 6.722470e-08
2298 2.797003e-05 6.685670e-08
2299 2.796924e-05 6.649072e-08
2300 2.796845e-05 6.612674e-08
2301 2.796767e-05 6.576476e-08
2302 2.796689e-05 6.540475e-08
2303 2.796611e-05 6.504672e-08
2304 2.796534e-05 6.469064e-08
2305 2.796458e-05 6.433652e-08
2306 2.796381e-05 6.398433e-08
2307 2.796306e-05 6.363407e-08
2308 2.796230e-05 6.328573e-08
2309 2.796155e-05 6.293930e-08
2310 2.796081e-05 6.259476e-08
2311 2.796007e-05 6.225211e-08
2312 2.795933e-05 6.191133e-08
2313 2.795860e-05 6.157242e-08
2314 2.795788e-05 6.123536e-08
2315 2.795715e-05 6.090015e-08
2316 2.795643e-05 6.056678e-08
2317 2.795572e-05 6.023523e-08
2318 2.795501e-05 5.990549e-08
2319 2.795430e-05 5.957756e-08
2320 2.795360e-05 5.925143e-08
2321 2.795290e-05 5.892708e-08
2322 2.795221e-05 5.860450e-08
2323 2.795152e-05 5.828369e-08
2324 2.795083e-05 5.796464e-08
2325 2.795015e-05 5.764734e-08
2326 2.794947e-05 5.733177e-08
2327 2.794879e-05 5.701793e-08
2328 2.794812e-05 5.670580e-08
2329 2.794745e-05 5.639539e-08
2330 2.794679e-05 5.608667e-08
2331 2.794613e-05 5.577965e-08
2332 2.794548e-05 5.547430e-08
2333 2.794482e-05 5.517063e-08
2334 2.794418e-05 5.486862e-08
2335 2.794353e-05 5.456826e-08
2336 2.794289e-05 5.426954e-08
2337 2.794225e-05 5.397247e-08
2338 2.794162e-05 5.367701e-08
2339 2.794099e-05 5.338318e-08
2340 2.794037e-05 5.309095e-08
2341 2.793974e-05 5.280033e-08
2342 2.793912e-05 5.251129e-08
2343 2.793851e-05 5.222384e-08
2344 2.793790e-05 5.193796e-08
2345 2.793729e-05 5.165364e-08
2346 2.793668e-05 5.137088e-08
2347 2.793608e-05 5.108967e-08
2348 2.793548e-05 5.081000e-08
2349 2.793489e-05 5.053186e-08
2350 2.793430e-05 5.025524e-08
2351 2.793371e-05 4.998014e-08
2352 2.793313e-05 4.970654e-08
2353 2.793254e-05 4.943444e-08
2354 2.793197e-05 4.916383e-08
2355 2.793139e-05 4.889470e-08
2356 2.793082e-05 4.862704e-08
2357 2.793025e-05 4.836085e-08
2358 2.792969e-05 4.809612e-08
2359 2.792913e-05 4.783284e-08
2360 2.792857e-05 4.757099e-08
2361 2.792801e-05 4.731058e-08
2362 2.792746e-05 4.705160e-08
2363 2.792691e-05 4.679403e-08
2364 2.792637e-05 4.653788e-08
2365 2.792582e-05 4.628312e-08
2366 2.792528e-05 4.602976e-08
2367 2.792475e-05 4.577779e-08
2368 2.792421e-05 4.552719e-08
2369 2.792368e-05 4.527797e-08
2370 2.792316e-05 4.503012e-08
2371 2.792263e-05 4.478361e-08
2372 2.792211e-05 4.453846e-08
2373 2.792159e-05 4.429465e-08
2374 2.792108e-05 4.405218e-08
2375 2.792057e-05 4.381103e-08
2376 2.792006e-05 4.357120e-08
2377 2.791955e-05 4.333269e-08
2378 2.791905e-05 4.309548e-08
2379 2.791854e-05 4.285957e-08
2380 2.791805e-05 4.262495e-08
2381 2.791755e-05 4.239162e-08
2382 2.791706e-05 4.215956e-08
2383 2.791657e-05 4.192877e-08
2384 2.791608e-05 4.169925e-08
2385 2.791560e-05 4.147098e-08
2386 2.791512e-05 4.124397e-08
2387 2.791464e-05 4.101819e-08
2388 2.791416e-05 4.079365e-08
2389 2.791369e-05 4.057034e-08
2390 2.791322e-05 4.034826e-08
2391 2.791275e-05 4.012738e-08
2392 2.791229e-05 3.990772e-08
2393 2.791182e-05 3.968926e-08
2394 2.791136e-05 3.947200e-08
2395 2.791091e-05 3.925592e-08
2396 2.791045e-05 3.904103e-08
2397 2.791000e-05 3.882731e-08
2398 2.790955e-05 3.861477e-08
2399 2.790910e-05 3.840339e-08
2400 2.790866e-05 3.819316e-08
2401 2.790822e-05 3.798409e-08
2402 2.790778e-05 3.777616e-08
2403 2.790734e-05 3.756937e-08
2404 2.790690e-05 3.736371e-08
2405 2.790647e-05 3.715917e-08
2406 2.790604e-05 3.695576e-08
2407 2.790562e-05 3.675346e-08
2408 2.790519e-05 3.655226e-08
2409 2.790477e-05 3.635217e-08
2410 2.790435e-05 3.615318e-08
2411 2.790393e-05 3.595527e-08
2412 2.790351e-05 3.575844e-08
2413 2.790310e-05 3.556270e-08
2414 2.790269e-05 3.536802e-08
2415 2.790228e-05 3.517441e-08
2416 2.790188e-05 3.498187e-08
2417 2.790147e-05 3.479037e-08
2418 2.790107e-05 3.459992e-08
2419 2.790067e-05 3.441052e-08
2420 2.790028e-05 3.422215e-08
2421 2.789988e-05 3.403481e-08
2422 2.789949e-05 3.384850e-08
2423 2.789910e-05 3.366321e-08
2424 2.789871e-05 3.347894e-08
2425 2.789832e-05 3.329567e-08
2426 2.789794e-05 3.311340e-08
2427 2.789756e-05 3.293214e-08
2428 2.789718e-05 3.275186e-08
2429 2.789680e-05 3.257257e-08
2430 2.789643e-05 3.239427e-08
2431 2.789605e-05 3.221694e-08
2432 2.789568e-05 3.204058e-08
2433 2.789532e-05 3.186518e-08
2434 2.789495e-05 3.169075e-08
2435 2.789458e-05 3.151727e-08
2436 2.789422e-05 3.134474e-08
2437 2.789386e-05 3.117315e-08
2438 2.789350e-05 3.100251e-08
2439 2.789315e-05 3.083280e-08
2440 2.789279e-05 3.066401e-08
2441 2.789244e-05 3.049615e-08
2442 2.789209e-05 3.032921e-08
2443 2.789174e-05 3.016319e-08
2444 2.789139e-05 2.999807e-08
2445 2.789105e-05 2.983386e-08
2446 2.789071e-05 2.967054e-08
2447 2.789036e-05 2.950812e-08
2448 2.789003e-05 2.934659e-08
2449 2.788969e-05 2.918595e-08
2450 2.788935e-05 2.902618e-08
2451 2.788902e-05 2.886728e-08
2452 2.788869e-05 2.870926e-08
2453 2.788836e-05 2.855210e-08
2454 2.788803e-05 2.839581e-08
2455 2.788771e-05 2.824036e-08
2456 2.788738e-05 2.808577e-08
2457 2.788706e-05 2.793203e-08
2458 2.788674e-05 2.777912e-08
2459 2.788642e-05 2.762706e-08
2460 2.788610e-05 2.747582e-08
2461 2.788579e-05 2.732542e-08
2462 2.788548e-05 2.717583e-08
2463 2.788517e-05 2.702707e-08
2464 2.788486e-05 2.687912e-08
2465 2.788455e-05 2.673198e-08
2466 2.788424e-05 2.658565e-08
2467 2.788394e-05 2.644011e-08
2468 2.788363e-05 2.629538e-08
2469 2.788333e-05 2.615143e-08
2470 2.788303e-05 2.600827e-08
2471 2.788274e-05 2.586590e-08
2472 2.788244e-05 2.572431e-08
2473 2.788215e-05 2.558349e-08
2474 2.788185e-05 2.544344e-08
2475 2.788156e-05 2.530416e-08
2476 2.788127e-05 2.516564e-08
2477 2.788098e-05 2.502788e-08
2478 2.788070e-05 2.489088e-08
2479 2.788041e-05 2.475462e-08
2480 2.788013e-05 2.461911e-08
2481 2.787985e-05 2.448434e-08
2482 2.787957e-05 2.435031e-08
2483 2.787929e-05 2.421702e-08
2484 2.787901e-05 2.408445e-08
2485 2.787874e-05 2.395261e-08
2486 2.787846e-05 2.382149e-08
2487 2.787819e-05 2.369109e-08
2488 2.787792e-05 2.356140e-08
2489 2.787765e-05 2.343242e-08
2490 2.787738e-05 2.330415e-08
2491 2.787712e-05 2.317658e-08
2492 2.787685e-05 2.304971e-08
2493 2.787659e-05 2.292353e-08
2494 2.787633e-05 2.279804e-08
2495 2.787607e-05 2.267324e-08
2496 2.787581e-05 2.254913e-08
2497 2.787555e-05 2.242569e-08
2498 2.787530e-05 2.230293e-08
2499 2.787504e-05 2.218084e-08
2500 2.787479e-05 2.205942e-08
2501 2.787454e-05 2.193866e-08
2502 2.787429e-05 2.181857e-08
2503 2.787404e-05 2.169913e-08
2504 2.787379e-05 2.158035e-08
2505 2.787355e-05 2.146221e-08
2506 2.787330e-05 2.134473e-08
2507 2.787306e-05 2.122788e-08
2508 2.787282e-05 2.111168e-08
2509 2.787257e-05 2.099611e-08
2510 2.787234e-05 2.088118e-08
2511 2.787210e-05 2.076687e-08
2512 2.787186e-05 2.065319e-08
2513 2.787163e-05 2.054013e-08
2514 2.787139e-05 2.042769e-08
2515 2.787116e-05 2.031587e-08
2516 2.787093e-05 2.020466e-08
2517 2.787070e-05 2.009405e-08
2518 2.787047e-05 1.998405e-08
2519 2.787024e-05 1.987466e-08
2520 2.787001e-05 1.976586e-08
2521 2.786979e-05 1.965766e-08
2522 2.786957e-05 1.955005e-08
2523 2.786934e-05 1.944303e-08
2524 2.786912e-05 1.933660e-08
2525 2.786890e-05 1.923075e-08
2526 2.786868e-05 1.912548e-08
2527 2.786847e-05 1.902078e-08
2528 2.786825e-05 1.891666e-08
2529 2.786803e-05 1.881311e-08
2530 2.786782e-05 1.871012e-08
2531 2.786761e-05 1.860770e-08
2532 2.786740e-05 1.850584e-08
2533 2.786719e-05 1.840454e-08
2534 2.786698e-05 1.830379e-08
2535 2.786677e-05 1.820359e-08
2536 2.786656e-05 1.810394e-08
2537 2.786636e-05 1.800484e-08
2538 2.786615e-05 1.790628e-08
2539 2.786595e-05 1.780826e-08
2540 2.786574e-05 1.771077e-08
2541 2.786554e-05 1.761382e-08
2542 2.786534e-05 1.751740e-08
2543 2.786514e-05 1.742151e-08
2544 2.786495e-05 1.732614e-08
2545 2.786475e-05 1.723129e-08
2546 2.786455e-05 1.713697e-08
2547 2.786436e-05 1.704316e-08
2548 2.786417e-05 1.694986e-08
2549 2.786397e-05 1.685708e-08
2550 2.786378e-05 1.676480e-08
2551 2.786359e-05 1.667303e-08
2552 2.786340e-05 1.658176e-08
2553 2.786321e-05 1.649098e-08
2554 2.786303e-05 1.640071e-08
2555 2.786284e-05 1.631093e-08
2556 2.786266e-05 1.622164e-08
2557 2.786247e-05 1.613284e-08
2558 2.786229e-05 1.604453e-08
2559 2.786211e-05 1.595670e-08
2560 2.786193e-05 1.586935e-08
2561 2.786175e-05 1.578248e-08
2562 2.786157e-05 1.569609e-08
2563 2.786139e-05 1.561016e-08
2564 2.786121e-05 1.552471e-08
2565 2.786104e-05 1.543973e-08
2566 2.786086e-05 1.535521e-08
2567 2.786069e-05 1.527115e-08
2568 2.786051e-05 1.518755e-08
2569 2.786034e-05 1.510442e-08
2570 2.786017e-05 1.502173e-08
2571 2.786000e-05 1.493950e-08
2572 2.785983e-05 1.485772e-08
2573 2.785966e-05 1.477639e-08
2574 2.785949e-05 1.469550e-08
2575 2.785933e-05 1.461505e-08
2576 2.785916e-05 1.453505e-08
2577 2.785900e-05 1.445548e-08
2578 2.785883e-05 1.437635e-08
2579 2.785867e-05 1.429765e-08
2580 2.785851e-05 1.421939e-08
2581 2.785835e-05 1.414155e-08
2582 2.785819e-05 1.406414e-08
2583 2.785803e-05 1.398715e-08
2584 2.785787e-05 1.391058e-08
2585 2.785771e-05 1.383443e-08
2586 2.785756e-05 1.375870e-08
2587 2.785740e-05 1.368338e-08
2588 2.785725e-05 1.360848e-08
2589 2.785709e-05 1.353398e-08
2590 2.785694e-05 1.345990e-08
2591 2.785679e-05 1.338622e-08
2592 2.785663e-05 1.331294e-08
2593 2.785648e-05 1.324006e-08
2594 2.785633e-05 1.316758e-08
2595 2.785618e-05 1.309550e-08
2596 2.785604e-05 1.302382e-08
2597 2.785589e-05 1.295252e-08
2598 2.785574e-05 1.288162e-08
2599 2.785560e-05 1.281110e-08
2600 2.785545e-05 1.274097e-08
2601 2.785531e-05 1.267123e-08
2602 2.785516e-05 1.260186e-08
2603 2.785502e-05 1.253288e-08
2604 2.785488e-05 1.246427e-08
2605 2.785474e-05 1.239604e-08
2606 2.785460e-05 1.232818e-08
2607 2.785446e-05 1.226070e-08
2608 2.785432e-05 1.219358e-08
2609 2.785418e-05 1.212683e-08
2610 2.785405e-05 1.206045e-08
2611 2.785391e-05 1.199443e-08
2612 2.785377e-05 1.192877e-08
2613 2.785364e-05 1.186347e-08
2614 2.785351e-05 1.179853e-08
2615 2.785337e-05 1.173394e-08
2616 2.785324e-05 1.166971e-08
2617 2.785311e-05 1.160582e-08
2618 2.785298e-05 1.154229e-08
2619 2.785285e-05 1.147911e-08
2620 2.785272e-05 1.141627e-08
2621 2.785259e-05 1.135378e-08
2622 2.785246e-05 1.129162e-08
2623 2.785233e-05 1.122981e-08
2624 2.785220e-05 1.116834e-08
2625 2.785208e-05 1.110720e-08
2626 2.785195e-05 1.104640e-08
2627 2.785183e-05 1.098593e-08
2628 2.785170e-05 1.092579e-08
2629 2.785158e-05 1.086598e-08
2630 2.785146e-05 1.080650e-08
2631 2.785134e-05 1.074735e-08
2632 2.785121e-05 1.068851e-08
2633 2.785109e-05 1.063000e-08
2634 2.785097e-05 1.057181e-08
2635 2.785085e-05 1.051394e-08
2636 2.785074e-05 1.045639e-08
2637 2.785062e-05 1.039915e-08
2638 2.785050e-05 1.034222e-08
2639 2.785038e-05 1.028561e-08
2640 2.785027e-05 1.022930e-08
2641 2.785015e-05 1.017330e-08
2642 2.785004e-05 1.011761e-08
2643 2.784992e-05 1.006223e-08
2644 2.784981e-05 1.000715e-08
2645 2.784970e-05 9.952367e-09
