err_l2 = 2.7840377362481772e-05
steps = 91
runtime_s = 1.741048812866211
err_max = 0.0001466201810293999
history_file = "history_cg_nx128_ny128_nz128_steps91.txt"
exact_plot = "exact_nx128_ny128_nz128.png"
error_plot = "error_nx128_ny128_nz128_M10_steps91.png"
res_l2 = 8.027525e-09
