err_l2 = 0.00011113635464536921
steps = 483
runtime_s = 2.057107925415039
err_max = 0.0005704356932659804
mg_levels_used = 5
history_file = "history_nx64_ny64_nz64_M6_steps483.txt"
res_l2 = 9.956697e-9
exact_plot = "exact_nx64_ny64_nz64.png"
error_plot = "error_nx64_ny64_nz64_M6_steps483.png"

[mg_coarsest_grid]
nz = 4
nx = 4
ny = 4
