# step err_l2 res_l2
0 2.462974e-01 1.000000e+00
1 2.151921e-01 4.455687e-01
2 2.076514e-01 3.197911e-01
3 1.977369e-01 1.919550e-01
4 1.918697e-01 1.112658e-01
5 1.860507e-01 7.165040e-02
6 1.812373e-01 5.192868e-02
7 1.767454e-01 4.272612e-02
8 1.726837e-01 3.663367e-02
9 1.689011e-01 3.216266e-02
10 1.653832e-01 2.843146e-02
11 1.620796e-01 2.540165e-02
12 1.589672e-01 2.292323e-02
13 1.560207e-01 2.091628e-02
14 1.532224e-01 1.926486e-02
15 1.505563e-01 1.788060e-02
16 1.480096e-01 1.669094e-02
17 1.455712e-01 1.564768e-02
18 1.432316e-01 1.471868e-02
19 1.409825e-01 1.388397e-02
20 1.388169e-01 1.313041e-02
21 1.367282e-01 1.244883e-02
22 1.347111e-01 1.183187e-02
23 1.327605e-01 1.127310e-02
24 1.308719e-01 1.076650e-02
25 1.290414e-01 1.030636e-02
26 1.272654e-01 9.887294e-03
27 1.255405e-01 9.504349e-03
28 1.238639e-01 9.153028e-03
29 1.222327e-01 8.829350e-03
30 1.206446e-01 8.529841e-03
31 1.190971e-01 8.251514e-03
32 1.175882e-01 7.991821e-03
33 1.161160e-01 7.748610e-03
34 1.146786e-01 7.520063e-03
35 1.132744e-01 7.304646e-03
36 1.119018e-01 7.101064e-03
37 1.105594e-01 6.908217e-03
38 1.092458e-01 6.725165e-03
39 1.079598e-01 6.551099e-03
40 1.067001e-01 6.385318e-03
41 1.054657e-01 6.227210e-03
42 1.042556e-01 6.076232e-03
43 1.030687e-01 5.931906e-03
44 1.019041e-01 5.793800e-03
45 1.007610e-01 5.661527e-03
46 9.963859e-02 5.534735e-03
47 9.853606e-02 5.413105e-03
48 9.745269e-02 5.296341e-03
49 9.638781e-02 5.184175e-03
50 9.534076e-02 5.076356e-03
51 9.431094e-02 4.972653e-03
52 9.329775e-02 4.872853e-03
53 9.230066e-02 4.776754e-03
54 9.131914e-02 4.684169e-03
55 9.035269e-02 4.594924e-03
56 8.940084e-02 4.508855e-03
57 8.846315e-02 4.425808e-03
58 8.753919e-02 4.345637e-03
59 8.662857e-02 4.268206e-03
60 8.573088e-02 4.193385e-03
61 8.484578e-02 4.121055e-03
62 8.397291e-02 4.051098e-03
63 8.311193e-02 3.983406e-03
64 8.226254e-02 3.917876e-03
65 8.142443e-02 3.854410e-03
66 8.059731e-02 3.792915e-03
67 7.978090e-02 3.733303e-03
68 7.897495e-02 3.675489e-03
69 7.817920e-02 3.619396e-03
70 7.739342e-02 3.564945e-03
71 7.661737e-02 3.512067e-03
72 7.585082e-02 3.460692e-03
73 7.509358e-02 3.410755e-03
74 7.434544e-02 3.362193e-03
75 7.360621e-02 3.314949e-03
76 7.287569e-02 3.268965e-03
77 7.215372e-02 3.224189e-03
78 7.144011e-02 3.180568e-03
79 7.073471e-02 3.138055e-03
80 7.003736e-02 3.096602e-03
81 6.934790e-02 3.056167e-03
82 6.866619e-02 3.016707e-03
83 6.799209e-02 2.978183e-03
84 6.732546e-02 2.940555e-03
85 6.666617e-02 2.903787e-03
86 6.601409e-02 2.867846e-03
87 6.536911e-02 2.832698e-03
88 6.473110e-02 2.798312e-03
89 6.409995e-02 2.764658e-03
90 6.347554e-02 2.731708e-03
91 6.285779e-02 2.699434e-03
92 6.224657e-02 2.667810e-03
93 6.164179e-02 2.636813e-03
94 6.104336e-02 2.606418e-03
95 6.045118e-02 2.576604e-03
96 5.986515e-02 2.547350e-03
97 5.928520e-02 2.518634e-03
98 5.871123e-02 2.490438e-03
99 5.814316e-02 2.462743e-03
100 5.758091e-02 2.435532e-03
101 5.702440e-02 2.408789e-03
102 5.647356e-02 2.382498e-03
103 5.592831e-02 2.356643e-03
104 5.538857e-02 2.331210e-03
105 5.485427e-02 2.306185e-03
106 5.432536e-02 2.281556e-03
107 5.380175e-02 2.257309e-03
108 5.328338e-02 2.233434e-03
109 5.277019e-02 2.209918e-03
110 5.226211e-02 2.186752e-03
111 5.175909e-02 2.163924e-03
112 5.126106e-02 2.141425e-03
113 5.076796e-02 2.119246e-03
114 5.027974e-02 2.097377e-03
115 4.979633e-02 2.075810e-03
116 4.931769e-02 2.054537e-03
117 4.884375e-02 2.033551e-03
118 4.837447e-02 2.012843e-03
119 4.790979e-02 1.992407e-03
120 4.744967e-02 1.972236e-03
121 4.699404e-02 1.952323e-03
122 4.654286e-02 1.932662e-03
123 4.609609e-02 1.913248e-03
124 4.565366e-02 1.894074e-03
125 4.521555e-02 1.875135e-03
126 4.478170e-02 1.856426e-03
127 4.435206e-02 1.837942e-03
128 4.392659e-02 1.819678e-03
129 4.350524e-02 1.801630e-03
130 4.308798e-02 1.783792e-03
131 4.267476e-02 1.766162e-03
132 4.226553e-02 1.748734e-03
133 4.186026e-02 1.731505e-03
134 4.145891e-02 1.714471e-03
135 4.106143e-02 1.697628e-03
136 4.066778e-02 1.680973e-03
137 4.027793e-02 1.664503e-03
138 3.989184e-02 1.648214e-03
139 3.950946e-02 1.632103e-03
140 3.913077e-02 1.616168e-03
141 3.875572e-02 1.600405e-03
142 3.838428e-02 1.584811e-03
143 3.801640e-02 1.569383e-03
144 3.765206e-02 1.554120e-03
145 3.729122e-02 1.539018e-03
146 3.693385e-02 1.524076e-03
147 3.657991e-02 1.509290e-03
148 3.622936e-02 1.494658e-03
149 3.588217e-02 1.480178e-03
150 3.553832e-02 1.465848e-03
151 3.519776e-02 1.451666e-03
152 3.486046e-02 1.437630e-03
153 3.452640e-02 1.423737e-03
154 3.419554e-02 1.409986e-03
155 3.386784e-02 1.396375e-03
156 3.354328e-02 1.382902e-03
157 3.322184e-02 1.369565e-03
158 3.290346e-02 1.356362e-03
159 3.258814e-02 1.343293e-03
160 3.227583e-02 1.330354e-03
161 3.196651e-02 1.317545e-03
162 3.166015e-02 1.304863e-03
163 3.135672e-02 1.292308e-03
164 3.105619e-02 1.279877e-03
165 3.075854e-02 1.267570e-03
166 3.046373e-02 1.255385e-03
167 3.017174e-02 1.243320e-03
168 2.988254e-02 1.231374e-03
169 2.959611e-02 1.219545e-03
170 2.931242e-02 1.207833e-03
171 2.903143e-02 1.196235e-03
172 2.875314e-02 1.184752e-03
173 2.847750e-02 1.173380e-03
174 2.820450e-02 1.162120e-03
175 2.793410e-02 1.150970e-03
176 2.766629e-02 1.139928e-03
177 2.740104e-02 1.128994e-03
178 2.713832e-02 1.118166e-03
179 2.687812e-02 1.107443e-03
180 2.662040e-02 1.096825e-03
181 2.636514e-02 1.086309e-03
182 2.611232e-02 1.075895e-03
183 2.586192e-02 1.065583e-03
184 2.561391e-02 1.055369e-03
185 2.536827e-02 1.045255e-03
186 2.512497e-02 1.035238e-03
187 2.488401e-02 1.025318e-03
188 2.464534e-02 1.015493e-03
189 2.440895e-02 1.005763e-03
190 2.417483e-02 9.961274e-04
191 2.394294e-02 9.865840e-04
192 2.371327e-02 9.771324e-04
193 2.348579e-02 9.677718e-04
194 2.326048e-02 9.585011e-04
195 2.303733e-02 9.493195e-04
196 2.281631e-02 9.402260e-04
197 2.259741e-02 9.312198e-04
198 2.238059e-02 9.223000e-04
199 2.216585e-02 9.134658e-04
200 2.195316e-02 9.047162e-04
201 2.174251e-02 8.960505e-04
202 2.153387e-02 8.874679e-04
203 2.132722e-02 8.789674e-04
204 2.112255e-02 8.705483e-04
205 2.091983e-02 8.622099e-04
206 2.071905e-02 8.539512e-04
207 2.052020e-02 8.457715e-04
208 2.032324e-02 8.376701e-04
209 2.012817e-02 8.296462e-04
210 1.993496e-02 8.216989e-04
211 1.974360e-02 8.138277e-04
212 1.955408e-02 8.060317e-04
213 1.936636e-02 7.983101e-04
214 1.918044e-02 7.906624e-04
215 1.899630e-02 7.830877e-04
216 1.881392e-02 7.755854e-04
217 1.863328e-02 7.681547e-04
218 1.845438e-02 7.607950e-04
219 1.827718e-02 7.535055e-04
220 1.810168e-02 7.462857e-04
221 1.792786e-02 7.391348e-04
222 1.775571e-02 7.320521e-04
223 1.758520e-02 7.250370e-04
224 1.741632e-02 7.180889e-04
225 1.724906e-02 7.112071e-04
226 1.708340e-02 7.043910e-04
227 1.691933e-02 6.976399e-04
228 1.675682e-02 6.909532e-04
229 1.659588e-02 6.843303e-04
230 1.643647e-02 6.777706e-04
231 1.627859e-02 6.712735e-04
232 1.612222e-02 6.648384e-04
233 1.596735e-02 6.584647e-04
234 1.581397e-02 6.521518e-04
235 1.566205e-02 6.458991e-04
236 1.551159e-02 6.397060e-04
237 1.536257e-02 6.335720e-04
238 1.521497e-02 6.274966e-04
239 1.506880e-02 6.214790e-04
240 1.492402e-02 6.155189e-04
241 1.478063e-02 6.096157e-04
242 1.463861e-02 6.037687e-04
243 1.449795e-02 5.979776e-04
244 1.435865e-02 5.922417e-04
245 1.422067e-02 5.865605e-04
246 1.408402e-02 5.809335e-04
247 1.394868e-02 5.753602e-04
248 1.381464e-02 5.698400e-04
249 1.368188e-02 5.643726e-04
250 1.355040e-02 5.589572e-04
251 1.342018e-02 5.535936e-04
252 1.329120e-02 5.482811e-04
253 1.316346e-02 5.430194e-04
254 1.303695e-02 5.378078e-04
255 1.291165e-02 5.326460e-04
256 1.278755e-02 5.275334e-04
257 1.266465e-02 5.224696e-04
258 1.254292e-02 5.174542e-04
259 1.242236e-02 5.124866e-04
260 1.230296e-02 5.075664e-04
261 1.218470e-02 5.026932e-04
262 1.206758e-02 4.978665e-04
263 1.195158e-02 4.930859e-04
264 1.183669e-02 4.883510e-04
265 1.172291e-02 4.836612e-04
266 1.161022e-02 4.790162e-04
267 1.149861e-02 4.744156e-04
268 1.138807e-02 4.698589e-04
269 1.127860e-02 4.653457e-04
270 1.117017e-02 4.608757e-04
271 1.106279e-02 4.564483e-04
272 1.095644e-02 4.520632e-04
273 1.085111e-02 4.477200e-04
274 1.074679e-02 4.434182e-04
275 1.064347e-02 4.391576e-04
276 1.054114e-02 4.349377e-04
277 1.043980e-02 4.307581e-04
278 1.033943e-02 4.266184e-04
279 1.024003e-02 4.225183e-04
280 1.014158e-02 4.184574e-04
281 1.004408e-02 4.144353e-04
282 9.947511e-03 4.104516e-04
283 9.851873e-03 4.065060e-04
284 9.757153e-03 4.025981e-04
285 9.663345e-03 3.987276e-04
286 9.570437e-03 3.948941e-04
287 9.478423e-03 3.910972e-04
288 9.387294e-03 3.873366e-04
289 9.297040e-03 3.836120e-04
290 9.207654e-03 3.799231e-04
291 9.119128e-03 3.762694e-04
292 9.031452e-03 3.726506e-04
293 8.944620e-03 3.690665e-04
294 8.858623e-03 3.655166e-04
295 8.773453e-03 3.620007e-04
296 8.689102e-03 3.585185e-04
297 8.605562e-03 3.550696e-04
298 8.522826e-03 3.516536e-04
299 8.440886e-03 3.482704e-04
300 8.359734e-03 3.449195e-04
301 8.279362e-03 3.416007e-04
302 8.199764e-03 3.383137e-04
303 8.120932e-03 3.350582e-04
304 8.042858e-03 3.318338e-04
305 7.965536e-03 3.286402e-04
306 7.888958e-03 3.254773e-04
307 7.813116e-03 3.223446e-04
308 7.738005e-03 3.192420e-04
309 7.663616e-03 3.161690e-04
310 7.589944e-03 3.131255e-04
311 7.516981e-03 3.101112e-04
312 7.444720e-03 3.071257e-04
313 7.373155e-03 3.041688e-04
314 7.302279e-03 3.012402e-04
315 7.232085e-03 2.983397e-04
316 7.162567e-03 2.954670e-04
317 7.093719e-03 2.926218e-04
318 7.025533e-03 2.898039e-04
319 6.958004e-03 2.870130e-04
320 6.891126e-03 2.842489e-04
321 6.824891e-03 2.815112e-04
322 6.759295e-03 2.787998e-04
323 6.694331e-03 2.761144e-04
324 6.629992e-03 2.734547e-04
325 6.566273e-03 2.708205e-04
326 6.503168e-03 2.682116e-04
327 6.440671e-03 2.656277e-04
328 6.378776e-03 2.630686e-04
329 6.317478e-03 2.605340e-04
330 6.256770e-03 2.580237e-04
331 6.196647e-03 2.555376e-04
332 6.137104e-03 2.530752e-04
333 6.078134e-03 2.506365e-04
334 6.019733e-03 2.482212e-04
335 5.961894e-03 2.458291e-04
336 5.904614e-03 2.434599e-04
337 5.847885e-03 2.411135e-04
338 5.791703e-03 2.387895e-04
339 5.736063e-03 2.364879e-04
340 5.680959e-03 2.342084e-04
341 5.626387e-03 2.319507e-04
342 5.572341e-03 2.297148e-04
343 5.518815e-03 2.275003e-04
344 5.465806e-03 2.253070e-04
345 5.413309e-03 2.231348e-04
346 5.361317e-03 2.209835e-04
347 5.309827e-03 2.188528e-04
348 5.258833e-03 2.167426e-04
349 5.208332e-03 2.146527e-04
350 5.158317e-03 2.125828e-04
351 5.108785e-03 2.105329e-04
352 5.059731e-03 2.085026e-04
353 5.011149e-03 2.064918e-04
354 4.963037e-03 2.045003e-04
355 4.915389e-03 2.025280e-04
356 4.868200e-03 2.005746e-04
357 4.821467e-03 1.986400e-04
358 4.775185e-03 1.967240e-04
359 4.729349e-03 1.948264e-04
360 4.683956e-03 1.929470e-04
361 4.639001e-03 1.910857e-04
362 4.594479e-03 1.892423e-04
363 4.550388e-03 1.874166e-04
364 4.506722e-03 1.856085e-04
365 4.463477e-03 1.838177e-04
366 4.420650e-03 1.820442e-04
367 4.378236e-03 1.802877e-04
368 4.336232e-03 1.785481e-04
369 4.294633e-03 1.768253e-04
370 4.253436e-03 1.751190e-04
371 4.212637e-03 1.734291e-04
372 4.172231e-03 1.717555e-04
373 4.132216e-03 1.700979e-04
374 4.092587e-03 1.684563e-04
375 4.053341e-03 1.668305e-04
376 4.014474e-03 1.652204e-04
377 3.975982e-03 1.636257e-04
378 3.937862e-03 1.620464e-04
379 3.900110e-03 1.604823e-04
380 3.862723e-03 1.589332e-04
381 3.825696e-03 1.573990e-04
382 3.789028e-03 1.558796e-04
383 3.752714e-03 1.543749e-04
384 3.716751e-03 1.528846e-04
385 3.681135e-03 1.514086e-04
386 3.645863e-03 1.499469e-04
387 3.610932e-03 1.484992e-04
388 3.576338e-03 1.470655e-04
389 3.542079e-03 1.456455e-04
390 3.508151e-03 1.442393e-04
391 3.474551e-03 1.428465e-04
392 3.441275e-03 1.414672e-04
393 3.408321e-03 1.401012e-04
394 3.375686e-03 1.387483e-04
395 3.343366e-03 1.374085e-04
396 3.311358e-03 1.360815e-04
397 3.279660e-03 1.347673e-04
398 3.248269e-03 1.334658e-04
399 3.217180e-03 1.321769e-04
400 3.186393e-03 1.309003e-04
401 3.155903e-03 1.296360e-04
402 3.125707e-03 1.283840e-04
403 3.095804e-03 1.271439e-04
404 3.066190e-03 1.259159e-04
405 3.036862e-03 1.246996e-04
406 3.007818e-03 1.234951e-04
407 2.979055e-03 1.223022e-04
408 2.950570e-03 1.211208e-04
409 2.922361e-03 1.199507e-04
410 2.894424e-03 1.187920e-04
411 2.866758e-03 1.176444e-04
412 2.839359e-03 1.165078e-04
413 2.812225e-03 1.153823e-04
414 2.785354e-03 1.142675e-04
415 2.758743e-03 1.131636e-04
416 2.732389e-03 1.120702e-04
417 2.706290e-03 1.109874e-04
418 2.680444e-03 1.099150e-04
419 2.654848e-03 1.088530e-04
420 2.629500e-03 1.078012e-04
421 2.604397e-03 1.067596e-04
422 2.579536e-03 1.057280e-04
423 2.554917e-03 1.047063e-04
424 2.530536e-03 1.036945e-04
425 2.506391e-03 1.026925e-04
426 2.482479e-03 1.017001e-04
427 2.458799e-03 1.007173e-04
428 2.435349e-03 9.974392e-05
429 2.412125e-03 9.877997e-05
430 2.389126e-03 9.782532e-05
431 2.366350e-03 9.687987e-05
432 2.343795e-03 9.594354e-05
433 2.321458e-03 9.501625e-05
434 2.299337e-03 9.409790e-05
435 2.277431e-03 9.318841e-05
436 2.255737e-03 9.228769e-05
437 2.234253e-03 9.139566e-05
438 2.212977e-03 9.051224e-05
439 2.191907e-03 8.963734e-05
440 2.171041e-03 8.877089e-05
441 2.150377e-03 8.791279e-05
442 2.129914e-03 8.706297e-05
443 2.109649e-03 8.622135e-05
444 2.089581e-03 8.538786e-05
445 2.069706e-03 8.456240e-05
446 2.050025e-03 8.374492e-05
447 2.030534e-03 8.293532e-05
448 2.011232e-03 8.213353e-05
449 1.992118e-03 8.133949e-05
450 1.973188e-03 8.055310e-05
451 1.954443e-03 7.977431e-05
452 1.935879e-03 7.900303e-05
453 1.917495e-03 7.823920e-05
454 1.899289e-03 7.748275e-05
455 1.881260e-03 7.673359e-05
456 1.863405e-03 7.599166e-05
457 1.845724e-03 7.525690e-05
458 1.828215e-03 7.452923e-05
459 1.810875e-03 7.380859e-05
460 1.793703e-03 7.309490e-05
461 1.776699e-03 7.238811e-05
462 1.759859e-03 7.168813e-05
463 1.743182e-03 7.099492e-05
464 1.726668e-03 7.030840e-05
465 1.710313e-03 6.962851e-05
466 1.694118e-03 6.895518e-05
467 1.678080e-03 6.828836e-05
468 1.662197e-03 6.762797e-05
469 1.646469e-03 6.697396e-05
470 1.630893e-03 6.632627e-05
471 1.615469e-03 6.568483e-05
472 1.600194e-03 6.504959e-05
473 1.585068e-03 6.442048e-05
474 1.570089e-03 6.379745e-05
475 1.555255e-03 6.318044e-05
476 1.540565e-03 6.256939e-05
477 1.526018e-03 6.196423e-05
478 1.511613e-03 6.136493e-05
479 1.497347e-03 6.077141e-05
480 1.483220e-03 6.018362e-05
481 1.469231e-03 5.960152e-05
482 1.455377e-03 5.902503e-05
483 1.441659e-03 5.845412e-05
484 1.428073e-03 5.788872e-05
485 1.414620e-03 5.732878e-05
486 1.401298e-03 5.677425e-05
487 1.388105e-03 5.622508e-05
488 1.375040e-03 5.568122e-05
489 1.362103e-03 5.514261e-05
490 1.349291e-03 5.460920e-05
491 1.336605e-03 5.408095e-05
492 1.324041e-03 5.355780e-05
493 1.311600e-03 5.303971e-05
494 1.299281e-03 5.252662e-05
495 1.287081e-03 5.201849e-05
496 1.275000e-03 5.151527e-05
497 1.263036e-03 5.101691e-05
498 1.251189e-03 5.052337e-05
499 1.239458e-03 5.003460e-05
500 1.227841e-03 4.955055e-05
501 1.216337e-03 4.907119e-05
502 1.204945e-03 4.859645e-05
503 1.193664e-03 4.812630e-05
504 1.182494e-03 4.766069e-05
505 1.171432e-03 4.719959e-05
506 1.160478e-03 4.674294e-05
507 1.149631e-03 4.629071e-05
508 1.138889e-03 4.584284e-05
509 1.128253e-03 4.539931e-05
510 1.117720e-03 4.496006e-05
511 1.107291e-03 4.452506e-05
512 1.096963e-03 4.409426e-05
513 1.086735e-03 4.366763e-05
514 1.076608e-03 4.324512e-05
515 1.066580e-03 4.282669e-05
516 1.056649e-03 4.241231e-05
517 1.046816e-03 4.200194e-05
518 1.037079e-03 4.159553e-05
519 1.027437e-03 4.119305e-05
520 1.017889e-03 4.079447e-05
521 1.008435e-03 4.039973e-05
522 9.990726e-04 4.000882e-05
523 9.898023e-04 3.962168e-05
524 9.806227e-04 3.923828e-05
525 9.715329e-04 3.885860e-05
526 9.625321e-04 3.848258e-05
527 9.536195e-04 3.811020e-05
528 9.447941e-04 3.774141e-05
529 9.360552e-04 3.737620e-05
530 9.274019e-04 3.701451e-05
531 9.188335e-04 3.665633e-05
532 9.103490e-04 3.630160e-05
533 9.019477e-04 3.595031e-05
534 8.936288e-04 3.560241e-05
535 8.853916e-04 3.525788e-05
536 8.772351e-04 3.491668e-05
537 8.691588e-04 3.457878e-05
538 8.611617e-04 3.424414e-05
539 8.532432e-04 3.391275e-05
540 8.454024e-04 3.358455e-05
541 8.376387e-04 3.325953e-05
542 8.299513e-04 3.293766e-05
543 8.223395e-04 3.261889e-05
544 8.148026e-04 3.230321e-05
545 8.073398e-04 3.199059e-05
546 7.999504e-04 3.168098e-05
547 7.926338e-04 3.137437e-05
548 7.853892e-04 3.107073e-05
549 7.782160e-04 3.077002e-05
550 7.711135e-04 3.047222e-05
551 7.640809e-04 3.017730e-05
552 7.571177e-04 2.988524e-05
553 7.502232e-04 2.959600e-05
554 7.433967e-04 2.930955e-05
555 7.366376e-04 2.902588e-05
556 7.299452e-04 2.874495e-05
557 7.233189e-04 2.846674e-05
558 7.167581e-04 2.819122e-05
559 7.102622e-04 2.791836e-05
560 7.038304e-04 2.764814e-05
561 6.974623e-04 2.738054e-05
562 6.911572e-04 2.711553e-05
563 6.849146e-04 2.685308e-05
564 6.787337e-04 2.659316e-05
565 6.726141e-04 2.633577e-05
566 6.665552e-04 2.608086e-05
567 6.605563e-04 2.582842e-05
568 6.546169e-04 2.557842e-05
569 6.487365e-04 2.533084e-05
570 6.429145e-04 2.508565e-05
571 6.371503e-04 2.484284e-05
572 6.314434e-04 2.460237e-05
573 6.257932e-04 2.436423e-05
574 6.201992e-04 2.412840e-05
575 6.146609e-04 2.389484e-05
576 6.091778e-04 2.366355e-05
577 6.037492e-04 2.343449e-05
578 5.983748e-04 2.320765e-05
579 5.930540e-04 2.298301e-05
580 5.877863e-04 2.276054e-05
581 5.825711e-04 2.254022e-05
582 5.774080e-04 2.232203e-05
583 5.722965e-04 2.210595e-05
584 5.672362e-04 2.189197e-05
585 5.622264e-04 2.168005e-05
586 5.572668e-04 2.147019e-05
587 5.523569e-04 2.126235e-05
588 5.474962e-04 2.105653e-05
589 5.426842e-04 2.085270e-05
590 5.379205e-04 2.065084e-05
591 5.332047e-04 2.045093e-05
592 5.285362e-04 2.025296e-05
593 5.239146e-04 2.005690e-05
594 5.193395e-04 1.986274e-05
595 5.148105e-04 1.967046e-05
596 5.103271e-04 1.948004e-05
597 5.058888e-04 1.929146e-05
598 5.014954e-04 1.910471e-05
599 4.971462e-04 1.891976e-05
600 4.928410e-04 1.873661e-05
601 4.885793e-04 1.855522e-05
602 4.843607e-04 1.837560e-05
603 4.801848e-04 1.819770e-05
604 4.760512e-04 1.802154e-05
605 4.719595e-04 1.784707e-05
606 4.679093e-04 1.767430e-05
607 4.639002e-04 1.750319e-05
608 4.599319e-04 1.733374e-05
609 4.560038e-04 1.716594e-05
610 4.521158e-04 1.699975e-05
611 4.482673e-04 1.683518e-05
612 4.444581e-04 1.667219e-05
613 4.406877e-04 1.651079e-05
614 4.369558e-04 1.635094e-05
615 4.332621e-04 1.619265e-05
616 4.296061e-04 1.603588e-05
617 4.259876e-04 1.588063e-05
618 4.224061e-04 1.572689e-05
619 4.188613e-04 1.557463e-05
620 4.153529e-04 1.542385e-05
621 4.118806e-04 1.527452e-05
622 4.084439e-04 1.512664e-05
623 4.050427e-04 1.498020e-05
624 4.016764e-04 1.483517e-05
625 3.983449e-04 1.469154e-05
626 3.950478e-04 1.454930e-05
627 3.917847e-04 1.440844e-05
628 3.885554e-04 1.426894e-05
629 3.853595e-04 1.413080e-05
630 3.821968e-04 1.399399e-05
631 3.790668e-04 1.385850e-05
632 3.759694e-04 1.372433e-05
633 3.729041e-04 1.359145e-05
634 3.698708e-04 1.345986e-05
635 3.668691e-04 1.332955e-05
636 3.638986e-04 1.320049e-05
637 3.609592e-04 1.307269e-05
638 3.580506e-04 1.294612e-05
639 3.551723e-04 1.282078e-05
640 3.523243e-04 1.269665e-05
641 3.495061e-04 1.257372e-05
642 3.467175e-04 1.245198e-05
643 3.439582e-04 1.233142e-05
644 3.412280e-04 1.221203e-05
645 3.385265e-04 1.209379e-05
646 3.358536e-04 1.197669e-05
647 3.332089e-04 1.186073e-05
648 3.305922e-04 1.174590e-05
649 3.280032e-04 1.163217e-05
650 3.254417e-04 1.151955e-05
651 3.229074e-04 1.140801e-05
652 3.204000e-04 1.129756e-05
653 3.179193e-04 1.118817e-05
654 3.154651e-04 1.107984e-05
655 3.130371e-04 1.097257e-05
656 3.106351e-04 1.086633e-05
657 3.082587e-04 1.076111e-05
658 3.059079e-04 1.065692e-05
659 3.035823e-04 1.055374e-05
660 3.012817e-04 1.045155e-05
661 2.990059e-04 1.035036e-05
662 2.967546e-04 1.025014e-05
663 2.945276e-04 1.015089e-05
664 2.923247e-04 1.005261e-05
665 2.901456e-04 9.955272e-06
666 2.879902e-04 9.858879e-06
667 2.858582e-04 9.763420e-06
668 2.837494e-04 9.668885e-06
669 2.816636e-04 9.575265e-06
670 2.796005e-04 9.482552e-06
671 2.775600e-04 9.390736e-06
672 2.755418e-04 9.299809e-06
673 2.735457e-04 9.209762e-06
674 2.715716e-04 9.120587e-06
675 2.696191e-04 9.032275e-06
676 2.676882e-04 8.944818e-06
677 2.657786e-04 8.858207e-06
678 2.638900e-04 8.772435e-06
679 2.620224e-04 8.687494e-06
680 2.601755e-04 8.603375e-06
681 2.583491e-04 8.520070e-06
682 2.565430e-04 8.437572e-06
683 2.547570e-04 8.355872e-06
684 2.529909e-04 8.274963e-06
685 2.512446e-04 8.194838e-06
686 2.495179e-04 8.115488e-06
687 2.478105e-04 8.036906e-06
688 2.461223e-04 7.959086e-06
689 2.444531e-04 7.882018e-06
690 2.428027e-04 7.805697e-06
691 2.411710e-04 7.730115e-06
692 2.395577e-04 7.655264e-06
693 2.379627e-04 7.581138e-06
694 2.363858e-04 7.507730e-06
695 2.348269e-04 7.435032e-06
696 2.332857e-04 7.363038e-06
697 2.317621e-04 7.291742e-06
698 2.302560e-04 7.221135e-06
699 2.287670e-04 7.151212e-06
700 2.272952e-04 7.081966e-06
701 2.258403e-04 7.013391e-06
702 2.244021e-04 6.945479e-06
703 2.229806e-04 6.878225e-06
704 2.215754e-04 6.811622e-06
705 2.201866e-04 6.745664e-06
706 2.188138e-04 6.680344e-06
707 2.174570e-04 6.615657e-06
708 2.161160e-04 6.551596e-06
709 2.147907e-04 6.488156e-06
710 2.134808e-04 6.425329e-06
711 2.121863e-04 6.363111e-06
712 2.109069e-04 6.301495e-06
713 2.096426e-04 6.240476e-06
714 2.083932e-04 6.180048e-06
715 2.071584e-04 6.120205e-06
716 2.059383e-04 6.060941e-06
717 2.047327e-04 6.002251e-06
718 2.035413e-04 5.944129e-06
719 2.023641e-04 5.886570e-06
720 2.012009e-04 5.829568e-06
721 2.000515e-04 5.773118e-06
722 1.989159e-04 5.717215e-06
723 1.977939e-04 5.661853e-06
724 1.966853e-04 5.607027e-06
725 1.955901e-04 5.552731e-06
726 1.945080e-04 5.498962e-06
727 1.934390e-04 5.445713e-06
728 1.923829e-04 5.392980e-06
729 1.913396e-04 5.340757e-06
730 1.903089e-04 5.289040e-06
731 1.892907e-04 5.237823e-06
732 1.882849e-04 5.187103e-06
733 1.872914e-04 5.136874e-06
734 1.863100e-04 5.087131e-06
735 1.853406e-04 5.037869e-06
736 1.843831e-04 4.989085e-06
737 1.834374e-04 4.940773e-06
738 1.825032e-04 4.892928e-06
739 1.815806e-04 4.845547e-06
740 1.806694e-04 4.798625e-06
741 1.797694e-04 4.752157e-06
742 1.788806e-04 4.706139e-06
743 1.780027e-04 4.660567e-06
744 1.771358e-04 4.615436e-06
745 1.762797e-04 4.570742e-06
746 1.754343e-04 4.526480e-06
747 1.745994e-04 4.482647e-06
748 1.737750e-04 4.439239e-06
749 1.729609e-04 4.396251e-06
750 1.721570e-04 4.353679e-06
751 1.713632e-04 4.311519e-06
752 1.705794e-04 4.269768e-06
753 1.698055e-04 4.228421e-06
754 1.690413e-04 4.187474e-06
755 1.682869e-04 4.146924e-06
756 1.675420e-04 4.106766e-06
757 1.668065e-04 4.066997e-06
758 1.660804e-04 4.027614e-06
759 1.653636e-04 3.988611e-06
760 1.646558e-04 3.949986e-06
761 1.639572e-04 3.911736e-06
762 1.632674e-04 3.873855e-06
763 1.625865e-04 3.836342e-06
764 1.619143e-04 3.799191e-06
765 1.612508e-04 3.762401e-06
766 1.605958e-04 3.725967e-06
767 1.599492e-04 3.689885e-06
768 1.593109e-04 3.654153e-06
769 1.586810e-04 3.618767e-06
770 1.580591e-04 3.583723e-06
771 1.574453e-04 3.549019e-06
772 1.568395e-04 3.514651e-06
773 1.562415e-04 3.480615e-06
774 1.556513e-04 3.446910e-06
775 1.550688e-04 3.413530e-06
776 1.544939e-04 3.380474e-06
777 1.539265e-04 3.347738e-06
778 1.533665e-04 3.315319e-06
779 1.528139e-04 3.283214e-06
780 1.522684e-04 3.251419e-06
781 1.517302e-04 3.219933e-06
782 1.511990e-04 3.188751e-06
783 1.506747e-04 3.157872e-06
784 1.501574e-04 3.127291e-06
785 1.496469e-04 3.097007e-06
786 1.491431e-04 3.067016e-06
787 1.486460e-04 3.037315e-06
788 1.481554e-04 3.007902e-06
789 1.476713e-04 2.978773e-06
790 1.471937e-04 2.949927e-06
791 1.467223e-04 2.921360e-06
792 1.462573e-04 2.893069e-06
793 1.457983e-04 2.865053e-06
794 1.453455e-04 2.837308e-06
795 1.448988e-04 2.809832e-06
796 1.444579e-04 2.782621e-06
797 1.440229e-04 2.755674e-06
798 1.435938e-04 2.728988e-06
799 1.431703e-04 2.702561e-06
800 1.427526e-04 2.676389e-06
801 1.423404e-04 2.650471e-06
802 1.419337e-04 2.624804e-06
803 1.415325e-04 2.599385e-06
804 1.411366e-04 2.574212e-06
805 1.407460e-04 2.549284e-06
806 1.403607e-04 2.524596e-06
807 1.399806e-04 2.500148e-06
808 1.396055e-04 2.475936e-06
809 1.392355e-04 2.451959e-06
810 1.388705e-04 2.428214e-06
811 1.385104e-04 2.404699e-06
812 1.381551e-04 2.381412e-06
813 1.378046e-04 2.358350e-06
814 1.374588e-04 2.335512e-06
815 1.371177e-04 2.312894e-06
816 1.367812e-04 2.290496e-06
817 1.364493e-04 2.268315e-06
818 1.361218e-04 2.246348e-06
819 1.357987e-04 2.224594e-06
820 1.354800e-04 2.203051e-06
821 1.351656e-04 2.181717e-06
822 1.348555e-04 2.160588e-06
823 1.345495e-04 2.139665e-06
824 1.342477e-04 2.118944e-06
825 1.339499e-04 2.098424e-06
826 1.336562e-04 2.078103e-06
827 1.333665e-04 2.057978e-06
828 1.330807e-04 2.038048e-06
829 1.327988e-04 2.018312e-06
830 1.325206e-04 1.998766e-06
831 1.322463e-04 1.979410e-06
832 1.319756e-04 1.960241e-06
833 1.317086e-04 1.941257e-06
834 1.314453e-04 1.922458e-06
835 1.311855e-04 1.903840e-06
836 1.309292e-04 1.885403e-06
837 1.306764e-04 1.867145e-06
838 1.304270e-04 1.849063e-06
839 1.301810e-04 1.831156e-06
840 1.299383e-04 1.813423e-06
841 1.296990e-04 1.795862e-06
842 1.294628e-04 1.778470e-06
843 1.292299e-04 1.761247e-06
844 1.290001e-04 1.744191e-06
845 1.287734e-04 1.727300e-06
846 1.285498e-04 1.710572e-06
847 1.283292e-04 1.694007e-06
848 1.281116e-04 1.677601e-06
849 1.278969e-04 1.661355e-06
850 1.276852e-04 1.645266e-06
851 1.274763e-04 1.629333e-06
852 1.272702e-04 1.613554e-06
853 1.270669e-04 1.597928e-06
854 1.268664e-04 1.582453e-06
855 1.266685e-04 1.567129e-06
856 1.264734e-04 1.551952e-06
857 1.262809e-04 1.536923e-06
858 1.260909e-04 1.522039e-06
859 1.259036e-04 1.507299e-06
860 1.257187e-04 1.492702e-06
861 1.255364e-04 1.478246e-06
862 1.253565e-04 1.463930e-06
863 1.251790e-04 1.449753e-06
864 1.250039e-04 1.435714e-06
865 1.248312e-04 1.421810e-06
866 1.246608e-04 1.408040e-06
867 1.244926e-04 1.394405e-06
868 1.243268e-04 1.380901e-06
869 1.241632e-04 1.367528e-06
870 1.240017e-04 1.354284e-06
871 1.238424e-04 1.341169e-06
872 1.236853e-04 1.328181e-06
873 1.235303e-04 1.315318e-06
874 1.233773e-04 1.302580e-06
875 1.232264e-04 1.289966e-06
876 1.230775e-04 1.277473e-06
877 1.229306e-04 1.265102e-06
878 1.227856e-04 1.252850e-06
879 1.226426e-04 1.240717e-06
880 1.225015e-04 1.228702e-06
881 1.223623e-04 1.216803e-06
882 1.222249e-04 1.205019e-06
883 1.220893e-04 1.193349e-06
884 1.219556e-04 1.181792e-06
885 1.218236e-04 1.170347e-06
886 1.216934e-04 1.159013e-06
887 1.215649e-04 1.147789e-06
888 1.214381e-04 1.136673e-06
889 1.213130e-04 1.125666e-06
890 1.211895e-04 1.114764e-06
891 1.210677e-04 1.103969e-06
892 1.209475e-04 1.093277e-06
893 1.208289e-04 1.082690e-06
894 1.207118e-04 1.072205e-06
895 1.205963e-04 1.061821e-06
896 1.204823e-04 1.051538e-06
897 1.203698e-04 1.041354e-06
898 1.202587e-04 1.031270e-06
899 1.201492e-04 1.021282e-06
900 1.200410e-04 1.011392e-06
901 1.199343e-04 1.001597e-06
902 1.198290e-04 9.918974e-07
903 1.197250e-04 9.822915e-07
904 1.196225e-04 9.727787e-07
905 1.195212e-04 9.633579e-07
906 1.194213e-04 9.540284e-07
907 1.193227e-04 9.447893e-07
908 1.192253e-04 9.356396e-07
909 1.191292e-04 9.265785e-07
910 1.190344e-04 9.176052e-07
911 1.189408e-04 9.087187e-07
912 1.188484e-04 8.999184e-07
913 1.187573e-04 8.912032e-07
914 1.186672e-04 8.825725e-07
915 1.185784e-04 8.740253e-07
916 1.184907e-04 8.655609e-07
917 1.184041e-04 8.571785e-07
918 1.183187e-04 8.488772e-07
919 1.182343e-04 8.406564e-07
920 1.181510e-04 8.325151e-07
921 1.180688e-04 8.244527e-07
922 1.179877e-04 8.164684e-07
923 1.179076e-04 8.085614e-07
924 1.178285e-04 8.007310e-07
925 1.177504e-04 7.929764e-07
926 1.176734e-04 7.852969e-07
927 1.175973e-04 7.776918e-07
928 1.175221e-04 7.701603e-07
929 1.174480e-04 7.627017e-07
930 1.173747e-04 7.553154e-07
931 1.173025e-04 7.480007e-07
932 1.172311e-04 7.407567e-07
933 1.171606e-04 7.335829e-07
934 1.170910e-04 7.264786e-07
935 1.170223e-04 7.194431e-07
936 1.169545e-04 7.124757e-07
937 1.168875e-04 7.055758e-07
938 1.168214e-04 6.987427e-07
939 1.167560e-04 6.919758e-07
940 1.166916e-04 6.852744e-07
941 1.166279e-04 6.786379e-07
942 1.165650e-04 6.720657e-07
943 1.165029e-04 6.655571e-07
944 1.164416e-04 6.591116e-07
945 1.163810e-04 6.527285e-07
946 1.163213e-04 6.464072e-07
947 1.162622e-04 6.401471e-07
948 1.162039e-04 6.339476e-07
949 1.161463e-04 6.278082e-07
950 1.160894e-04 6.217283e-07
951 1.160333e-04 6.157072e-07
952 1.159778e-04 6.097444e-07
953 1.159230e-04 6.038394e-07
954 1.158689e-04 5.979915e-07
955 1.158154e-04 5.922003e-07
956 1.157627e-04 5.864652e-07
957 1.157105e-04 5.807856e-07
958 1.156590e-04 5.751610e-07
959 1.156082e-04 5.695909e-07
960 1.155579e-04 5.640747e-07
961 1.155083e-04 5.586120e-07
962 1.154593e-04 5.532021e-07
963 1.154109e-04 5.478447e-07
964 1.153630e-04 5.425391e-07
965 1.153158e-04 5.372849e-07
966 1.152691e-04 5.320816e-07
967 1.152230e-04 5.269287e-07
968 1.151775e-04 5.218257e-07
969 1.151325e-04 5.167721e-07
970 1.150881e-04 5.117674e-07
971 1.150441e-04 5.068112e-07
972 1.150008e-04 5.019031e-07
973 1.149579e-04 4.970424e-07
974 1.149156e-04 4.922288e-07
975 1.148738e-04 4.874618e-07
976 1.148324e-04 4.827410e-07
977 1.147916e-04 4.780660e-07
978 1.147513e-04 4.734361e-07
979 1.147114e-04 4.688512e-07
980 1.146720e-04 4.643106e-07
981 1.146331e-04 4.598140e-07
982 1.145947e-04 4.553609e-07
983 1.145567e-04 4.509510e-07
984 1.145192e-04 4.465838e-07
985 1.144821e-04 4.422589e-07
986 1.144455e-04 4.379758e-07
987 1.144093e-04 4.337343e-07
988 1.143735e-04 4.295338e-07
989 1.143381e-04 4.253740e-07
990 1.143032e-04 4.212545e-07
991 1.142687e-04 4.171748e-07
992 1.142345e-04 4.131347e-07
993 1.142008e-04 4.091337e-07
994 1.141675e-04 4.051715e-07
995 1.141346e-04 4.012476e-07
996 1.141020e-04 3.973617e-07
997 1.140699e-04 3.935135e-07
998 1.140381e-04 3.897025e-07
999 1.140067e-04 3.859285e-07
1000 1.139756e-04 3.821909e-07
1001 1.139450e-04 3.784896e-07
1002 1.139146e-04 3.748241e-07
1003 1.138847e-04 3.711942e-07
1004 1.138550e-04 3.675993e-07
1005 1.138258e-04 3.640393e-07
1006 1.137968e-04 3.605138e-07
1007 1.137682e-04 3.570224e-07
1008 1.137399e-04 3.535648e-07
1009 1.137120e-04 3.501407e-07
1010 1.136844e-04 3.467498e-07
1011 1.136571e-04 3.433917e-07
1012 1.136301e-04 3.400661e-07
1013 1.136034e-04 3.367728e-07
1014 1.135770e-04 3.335113e-07
1015 1.135510e-04 3.302814e-07
1016 1.135252e-04 3.270828e-07
1017 1.134997e-04 3.239152e-07
1018 1.134745e-04 3.207782e-07
1019 1.134496e-04 3.176717e-07
1020 1.134250e-04 3.145952e-07
1021 1.134007e-04 3.115485e-07
1022 1.133766e-04 3.085313e-07
1023 1.133529e-04 3.055433e-07
1024 1.133294e-04 3.025843e-07
1025 1.133061e-04 2.996539e-07
1026 1.132831e-04 2.967519e-07
1027 1.132604e-04 2.938780e-07
1028 1.132380e-04 2.910320e-07
1029 1.132157e-04 2.882135e-07
1030 1.131938e-04 2.854223e-07
1031 1.131721e-04 2.826581e-07
1032 1.131506e-04 2.799207e-07
1033 1.131294e-04 2.772098e-07
1034 1.131084e-04 2.745252e-07
1035 1.130877e-04 2.718665e-07
1036 1.130672e-04 2.692336e-07
1037 1.130469e-04 2.666262e-07
1038 1.130268e-04 2.640441e-07
1039 1.130070e-04 2.614870e-07
1040 1.129874e-04 2.589546e-07
1041 1.129680e-04 2.564467e-07
1042 1.129488e-04 2.539632e-07
1043 1.129298e-04 2.515037e-07
1044 1.129111e-04 2.490680e-07
1045 1.128925e-04 2.466559e-07
1046 1.128742e-04 2.442671e-07
1047 1.128561e-04 2.419015e-07
1048 1.128381e-04 2.395588e-07
1049 1.128204e-04 2.372388e-07
1050 1.128029e-04 2.349413e-07
1051 1.127855e-04 2.326660e-07
1052 1.127684e-04 2.304127e-07
1053 1.127514e-04 2.281813e-07
1054 1.127346e-04 2.259715e-07
1055 1.127180e-04 2.237831e-07
1056 1.127016e-04 2.216158e-07
1057 1.126854e-04 2.194696e-07
1058 1.126693e-04 2.173441e-07
1059 1.126535e-04 2.152393e-07
1060 1.126378e-04 2.131548e-07
1061 1.126222e-04 2.110905e-07
1062 1.126069e-04 2.090462e-07
1063 1.125917e-04 2.070217e-07
1064 1.125767e-04 2.050168e-07
1065 1.125618e-04 2.030313e-07
1066 1.125471e-04 2.010650e-07
1067 1.125326e-04 1.991178e-07
1068 1.125182e-04 1.971894e-07
1069 1.125040e-04 1.952798e-07
1070 1.124899e-04 1.933886e-07
1071 1.124760e-04 1.915157e-07
1072 1.124622e-04 1.896610e-07
1073 1.124486e-04 1.878242e-07
1074 1.124351e-04 1.860052e-07
1075 1.124218e-04 1.842038e-07
1076 1.124086e-04 1.824199e-07
1077 1.123956e-04 1.806532e-07
1078 1.123827e-04 1.789037e-07
1079 1.123699e-04 1.771711e-07
1080 1.123573e-04 1.754553e-07
1081 1.123448e-04 1.737561e-07
1082 1.123325e-04 1.720733e-07
1083 1.123203e-04 1.704069e-07
1084 1.123082e-04 1.687566e-07
1085 1.122962e-04 1.671223e-07
1086 1.122844e-04 1.655038e-07
1087 1.122727e-04 1.639009e-07
1088 1.122611e-04 1.623136e-07
1089 1.122496e-04 1.607417e-07
1090 1.122383e-04 1.591850e-07
1091 1.122271e-04 1.576434e-07
1092 1.122160e-04 1.561167e-07
1093 1.122050e-04 1.546048e-07
1094 1.121942e-04 1.531075e-07
1095 1.121834e-04 1.516247e-07
1096 1.121728e-04 1.501563e-07
1097 1.121623e-04 1.487021e-07
1098 1.121519e-04 1.472620e-07
1099 1.121416e-04 1.458358e-07
1100 1.121314e-04 1.444235e-07
1101 1.121214e-04 1.430248e-07
1102 1.121114e-04 1.416397e-07
1103 1.121015e-04 1.402680e-07
1104 1.120918e-04 1.389095e-07
1105 1.120821e-04 1.375643e-07
1106 1.120726e-04 1.362320e-07
1107 1.120631e-04 1.349127e-07
1108 1.120538e-04 1.336061e-07
1109 1.120445e-04 1.323122e-07
1110 1.120353e-04 1.310308e-07
1111 1.120263e-04 1.297619e-07
1112 1.120173e-04 1.285052e-07
1113 1.120084e-04 1.272607e-07
1114 1.119997e-04 1.260282e-07
1115 1.119910e-04 1.248077e-07
1116 1.119824e-04 1.235990e-07
1117 1.119739e-04 1.224020e-07
1118 1.119655e-04 1.212166e-07
1119 1.119571e-04 1.200426e-07
1120 1.119489e-04 1.188801e-07
1121 1.119407e-04 1.177288e-07
1122 1.119327e-04 1.165886e-07
1123 1.119247e-04 1.154595e-07
1124 1.119168e-04 1.143414e-07
1125 1.119090e-04 1.132340e-07
1126 1.119012e-04 1.121374e-07
1127 1.118936e-04 1.110514e-07
1128 1.118860e-04 1.099759e-07
1129 1.118785e-04 1.089109e-07
1130 1.118711e-04 1.078561e-07
1131 1.118637e-04 1.068116e-07
1132 1.118565e-04 1.057772e-07
1133 1.118493e-04 1.047527e-07
1134 1.118422e-04 1.037383e-07
1135 1.118351e-04 1.027336e-07
1136 1.118281e-04 1.017387e-07
1137 1.118212e-04 1.007534e-07
1138 1.118144e-04 9.977764e-08
1139 1.118076e-04 9.881134e-08
1140 1.118010e-04 9.785440e-08
1141 1.117943e-04 9.690673e-08
1142 1.117878e-04 9.596823e-08
1143 1.117813e-04 9.503882e-08
1144 1.117749e-04 9.411842e-08
1145 1.117685e-04 9.320692e-08
1146 1.117623e-04 9.230426e-08
1147 1.117560e-04 9.141033e-08
1148 1.117499e-04 9.052507e-08
1149 1.117438e-04 8.964837e-08
1150 1.117378e-04 8.878017e-08
1151 1.117318e-04 8.792038e-08
1152 1.117259e-04 8.706891e-08
1153 1.117200e-04 8.622569e-08
1154 1.117143e-04 8.539063e-08
1155 1.117085e-04 8.456366e-08
1156 1.117029e-04 8.374470e-08
1157 1.116973e-04 8.293367e-08
1158 1.116917e-04 8.213050e-08
1159 1.116862e-04 8.133510e-08
1160 1.116808e-04 8.054741e-08
1161 1.116754e-04 7.976735e-08
1162 1.116701e-04 7.899484e-08
1163 1.116648e-04 7.822981e-08
1164 1.116596e-04 7.747219e-08
1165 1.116544e-04 7.672191e-08
1166 1.116493e-04 7.597889e-08
1167 1.116442e-04 7.524307e-08
1168 1.116392e-04 7.451438e-08
1169 1.116342e-04 7.379274e-08
1170 1.116293e-04 7.307809e-08
1171 1.116245e-04 7.237036e-08
1172 1.116197e-04 7.166949e-08
1173 1.116149e-04 7.097540e-08
1174 1.116102e-04 7.028804e-08
1175 1.116055e-04 6.960733e-08
1176 1.116009e-04 6.893322e-08
1177 1.115963e-04 6.826563e-08
1178 1.115918e-04 6.760451e-08
1179 1.115873e-04 6.694979e-08
1180 1.115829e-04 6.630141e-08
1181 1.115785e-04 6.565931e-08
1182 1.115742e-04 6.502343e-08
1183 1.115699e-04 6.439371e-08
1184 1.115656e-04 6.377009e-08
1185 1.115614e-04 6.315251e-08
1186 1.115572e-04 6.254090e-08
1187 1.115531e-04 6.193522e-08
1188 1.115490e-04 6.133541e-08
1189 1.115450e-04 6.074140e-08
1190 1.115410e-04 6.015315e-08
1191 1.115370e-04 5.957059e-08
1192 1.115331e-04 5.899368e-08
1193 1.115292e-04 5.842235e-08
1194 1.115253e-04 5.785656e-08
1195 1.115215e-04 5.729625e-08
1196 1.115178e-04 5.674136e-08
1197 1.115140e-04 5.619184e-08
1198 1.115103e-04 5.564765e-08
1199 1.115067e-04 5.510873e-08
1200 1.115031e-04 5.457503e-08
1201 1.114995e-04 5.404649e-08
1202 1.114959e-04 5.352308e-08
1203 1.114924e-04 5.300473e-08
1204 1.114889e-04 5.249140e-08
1205 1.114855e-04 5.198305e-08
1206 1.114821e-04 5.147962e-08
1207 1.114787e-04 5.098106e-08
1208 1.114754e-04 5.048733e-08
1209 1.114721e-04 4.999839e-08
1210 1.114688e-04 4.951417e-08
1211 1.114656e-04 4.903465e-08
1212 1.114624e-04 4.855977e-08
1213 1.114592e-04 4.808950e-08
1214 1.114560e-04 4.762377e-08
1215 1.114529e-04 4.716256e-08
1216 1.114499e-04 4.670581e-08
1217 1.114468e-04 4.625348e-08
1218 1.114438e-04 4.580554e-08
1219 1.114408e-04 4.536193e-08
1220 1.114378e-04 4.492262e-08
1221 1.114349e-04 4.448757e-08
1222 1.114320e-04 4.405673e-08
1223 1.114291e-04 4.363006e-08
1224 1.114263e-04 4.320752e-08
1225 1.114235e-04 4.278908e-08
1226 1.114207e-04 4.237468e-08
1227 1.114179e-04 4.196430e-08
1228 1.114152e-04 4.155790e-08
1229 1.114125e-04 4.115543e-08
1230 1.114098e-04 4.075686e-08
1231 1.114072e-04 4.036215e-08
1232 1.114046e-04 3.997126e-08
1233 1.114020e-04 3.958415e-08
1234 1.113994e-04 3.920080e-08
1235 1.113968e-04 3.882116e-08
1236 1.113943e-04 3.844519e-08
1237 1.113918e-04 3.807287e-08
1238 1.113894e-04 3.770415e-08
1239 1.113869e-04 3.733900e-08
1240 1.113845e-04 3.697739e-08
1241 1.113821e-04 3.661928e-08
1242 1.113797e-04 3.626464e-08
1243 1.113774e-04 3.591343e-08
1244 1.113750e-04 3.556563e-08
1245 1.113727e-04 3.522119e-08
1246 1.113705e-04 3.488009e-08
1247 1.113682e-04 3.454229e-08
1248 1.113660e-04 3.420777e-08
1249 1.113637e-04 3.387648e-08
1250 1.113616e-04 3.354840e-08
1251 1.113594e-04 3.322350e-08
1252 1.113572e-04 3.290175e-08
1253 1.113551e-04 3.258311e-08
1254 1.113530e-04 3.226755e-08
1255 1.113509e-04 3.195506e-08
1256 1.113489e-04 3.164559e-08
1257 1.113468e-04 3.133911e-08
1258 1.113448e-04 3.103561e-08
1259 1.113428e-04 3.073504e-08
1260 1.113408e-04 3.043739e-08
1261 1.113388e-04 3.014262e-08
1262 1.113369e-04 2.985070e-08
1263 1.113350e-04 2.956161e-08
1264 1.113331e-04 2.927532e-08
1265 1.113312e-04 2.899180e-08
1266 1.113293e-04 2.871103e-08
1267 1.113275e-04 2.843297e-08
1268 1.113256e-04 2.815761e-08
1269 1.113238e-04 2.788492e-08
1270 1.113220e-04 2.761487e-08
1271 1.113202e-04 2.734743e-08
1272 1.113185e-04 2.708258e-08
1273 1.113167e-04 2.682030e-08
1274 1.113150e-04 2.656056e-08
1275 1.113133e-04 2.630333e-08
1276 1.113116e-04 2.604859e-08
1277 1.113099e-04 2.579633e-08
1278 1.113083e-04 2.554650e-08
1279 1.113066e-04 2.529909e-08
1280 1.113050e-04 2.505408e-08
1281 1.113034e-04 2.481145e-08
1282 1.113018e-04 2.457116e-08
1283 1.113002e-04 2.433320e-08
1284 1.112986e-04 2.409754e-08
1285 1.112971e-04 2.386417e-08
1286 1.112956e-04 2.363305e-08
1287 1.112940e-04 2.340418e-08
1288 1.112925e-04 2.317752e-08
1289 1.112911e-04 2.295306e-08
1290 1.112896e-04 2.273077e-08
1291 1.112881e-04 2.251063e-08
1292 1.112867e-04 2.229262e-08
1293 1.112852e-04 2.207673e-08
1294 1.112838e-04 2.186293e-08
1295 1.112824e-04 2.165119e-08
1296 1.112810e-04 2.144151e-08
1297 1.112797e-04 2.123386e-08
1298 1.112783e-04 2.102822e-08
1299 1.112770e-04 2.082457e-08
1300 1.112756e-04 2.062290e-08
1301 1.112743e-04 2.042317e-08
1302 1.112730e-04 2.022538e-08
1303 1.112717e-04 2.002951e-08
1304 1.112704e-04 1.983553e-08
1305 1.112691e-04 1.964343e-08
1306 1.112679e-04 1.945320e-08
1307 1.112666e-04 1.926480e-08
1308 1.112654e-04 1.907823e-08
1309 1.112642e-04 1.889347e-08
1310 1.112630e-04 1.871049e-08
1311 1.112618e-04 1.852929e-08
1312 1.112606e-04 1.834984e-08
1313 1.112594e-04 1.817213e-08
1314 1.112583e-04 1.799614e-08
1315 1.112571e-04 1.782186e-08
1316 1.112560e-04 1.764926e-08
1317 1.112548e-04 1.747834e-08
1318 1.112537e-04 1.730907e-08
1319 1.112526e-04 1.714144e-08
1320 1.112515e-04 1.697543e-08
1321 1.112504e-04 1.681103e-08
1322 1.112494e-04 1.664822e-08
1323 1.112483e-04 1.648699e-08
1324 1.112472e-04 1.632732e-08
1325 1.112462e-04 1.616920e-08
1326 1.112452e-04 1.601261e-08
1327 1.112441e-04 1.585753e-08
1328 1.112431e-04 1.570396e-08
1329 1.112421e-04 1.555187e-08
1330 1.112411e-04 1.540126e-08
1331 1.112402e-04 1.525211e-08
1332 1.112392e-04 1.510440e-08
1333 1.112382e-04 1.495812e-08
1334 1.112373e-04 1.481326e-08
1335 1.112363e-04 1.466980e-08
1336 1.112354e-04 1.452773e-08
1337 1.112345e-04 1.438703e-08
1338 1.112335e-04 1.424770e-08
1339 1.112326e-04 1.410972e-08
1340 1.112317e-04 1.397307e-08
1341 1.112308e-04 1.383775e-08
1342 1.112300e-04 1.370374e-08
1343 1.112291e-04 1.357102e-08
1344 1.112282e-04 1.343959e-08
1345 1.112274e-04 1.330943e-08
1346 1.112265e-04 1.318054e-08
1347 1.112257e-04 1.305289e-08
1348 1.112248e-04 1.292648e-08
1349 1.112240e-04 1.280129e-08
1350 1.112232e-04 1.267732e-08
1351 1.112224e-04 1.255454e-08
1352 1.112216e-04 1.243296e-08
1353 1.112208e-04 1.231255e-08
1354 1.112200e-04 1.219331e-08
1355 1.112192e-04 1.207522e-08
1356 1.112185e-04 1.195828e-08
1357 1.112177e-04 1.184247e-08
1358 1.112170e-04 1.172778e-08
1359 1.112162e-04 1.161420e-08
1360 1.112155e-04 1.150172e-08
1361 1.112147e-04 1.139033e-08
1362 1.112140e-04 1.128002e-08
1363 1.112133e-04 1.117078e-08
1364 1.112126e-04 1.106260e-08
1365 1.112119e-04 1.095546e-08
1366 1.112112e-04 1.084936e-08
1367 1.112105e-04 1.074429e-08
1368 1.112098e-04 1.064024e-08
1369 1.112091e-04 1.053719e-08
1370 1.112085e-04 1.043514e-08
1371 1.112078e-04 1.033409e-08
1372 1.112071e-04 1.023400e-08
1373 1.112065e-04 1.013489e-08
1374 1.112058e-04 1.003674e-08
1375 1.112052e-04 9.939539e-09
