# step err_l2 res_l2
0 2.462974e-01 1.000000e+00
1 2.217733e-01 2.396081e-01
2 2.102370e-01 1.397955e-01
3 2.019362e-01 1.010019e-01
4 1.952087e-01 8.027085e-02
5 1.894565e-01 6.717540e-02
6 1.843854e-01 5.805750e-02
7 1.798243e-01 5.129513e-02
8 1.756638e-01 4.605251e-02
9 1.718285e-01 4.185242e-02
10 1.682641e-01 3.840127e-02
11 1.649295e-01 3.550788e-02
12 1.617934e-01 3.304206e-02
13 1.588306e-01 3.091188e-02
14 1.560209e-01 2.905043e-02
15 1.533477e-01 2.740783e-02
16 1.507972e-01 2.594603e-02
17 1.483576e-01 2.463548e-02
18 1.460189e-01 2.345287e-02
19 1.437724e-01 2.237954e-02
20 1.416108e-01 2.140036e-02
21 1.395274e-01 2.050294e-02
22 1.375165e-01 1.967701e-02
23 1.355729e-01 1.891398e-02
24 1.336920e-01 1.820662e-02
25 1.318697e-01 1.754881e-02
26 1.301024e-01 1.693530e-02
27 1.283866e-01 1.636157e-02
28 1.267194e-01 1.582373e-02
29 1.250980e-01 1.531839e-02
30 1.235197e-01 1.484258e-02
31 1.219824e-01 1.439370e-02
32 1.204838e-01 1.396947e-02
33 1.190220e-01 1.356785e-02
34 1.175952e-01 1.318705e-02
35 1.162017e-01 1.282545e-02
36 1.148398e-01 1.248164e-02
37 1.135082e-01 1.215432e-02
38 1.122054e-01 1.184234e-02
39 1.109302e-01 1.154465e-02
40 1.096814e-01 1.126032e-02
41 1.084578e-01 1.098848e-02
42 1.072585e-01 1.072835e-02
43 1.060824e-01 1.047923e-02
44 1.049286e-01 1.024046e-02
45 1.037963e-01 1.001144e-02
46 1.026845e-01 9.791631e-03
47 1.015925e-01 9.580523e-03
48 1.005197e-01 9.377645e-03
49 9.946524e-02 9.182566e-03
50 9.842852e-02 8.994880e-03
51 9.740891e-02 8.814212e-03
52 9.640583e-02 8.640212e-03
53 9.541871e-02 8.472552e-03
54 9.444703e-02 8.310925e-03
55 9.349028e-02 8.155041e-03
56 9.254798e-02 8.004630e-03
57 9.161969e-02 7.859436e-03
58 9.070496e-02 7.719218e-03
59 8.980339e-02 7.583747e-03
60 8.891459e-02 7.452808e-03
61 8.803818e-02 7.326197e-03
62 8.717382e-02 7.203719e-03
63 8.632116e-02 7.085191e-03
64 8.547988e-02 6.970438e-03
65 8.464968e-02 6.859294e-03
66 8.383026e-02 6.751601e-03
67 8.302134e-02 6.647208e-03
68 8.222266e-02 6.545972e-03
69 8.143396e-02 6.447756e-03
70 8.065501e-02 6.352430e-03
71 7.988555e-02 6.259871e-03
72 7.912538e-02 6.169959e-03
73 7.837428e-02 6.082583e-03
74 7.763205e-02 5.997633e-03
75 7.689849e-02 5.915008e-03
76 7.617340e-02 5.834608e-03
77 7.545662e-02 5.756342e-03
78 7.474798e-02 5.680119e-03
79 7.404729e-02 5.605854e-03
80 7.335441e-02 5.533466e-03
81 7.266919e-02 5.462877e-03
82 7.199147e-02 5.394013e-03
83 7.132112e-02 5.326804e-03
84 7.065800e-02 5.261183e-03
85 7.000197e-02 5.197084e-03
86 6.935292e-02 5.134447e-03
87 6.871072e-02 5.073214e-03
88 6.807525e-02 5.013328e-03
89 6.744641e-02 4.954737e-03
90 6.682408e-02 4.897389e-03
91 6.620815e-02 4.841237e-03
92 6.559853e-02 4.786234e-03
93 6.499512e-02 4.732337e-03
94 6.439782e-02 4.679504e-03
95 6.380653e-02 4.627695e-03
96 6.322118e-02 4.576872e-03
97 6.264167e-02 4.526998e-03
98 6.206792e-02 4.478039e-03
99 6.149985e-02 4.429963e-03
100 6.093737e-02 4.382738e-03
101 6.038042e-02 4.336334e-03
102 5.982891e-02 4.290723e-03
103 5.928278e-02 4.245877e-03
104 5.874195e-02 4.201771e-03
105 5.820636e-02 4.158381e-03
106 5.767593e-02 4.115681e-03
107 5.715061e-02 4.073651e-03
108 5.663032e-02 4.032270e-03
109 5.611501e-02 3.991515e-03
110 5.560462e-02 3.951369e-03
111 5.509908e-02 3.911813e-03
112 5.459835e-02 3.872828e-03
113 5.410235e-02 3.834399e-03
114 5.361104e-02 3.796509e-03
115 5.312437e-02 3.759143e-03
116 5.264227e-02 3.722286e-03
117 5.216470e-02 3.685924e-03
118 5.169161e-02 3.650044e-03
119 5.122294e-02 3.614633e-03
120 5.075866e-02 3.579679e-03
121 5.029870e-02 3.545170e-03
122 4.984303e-02 3.511096e-03
123 4.939159e-02 3.477445e-03
124 4.894435e-02 3.444207e-03
125 4.850126e-02 3.411373e-03
126 4.806226e-02 3.378933e-03
127 4.762733e-02 3.346878e-03
128 4.719642e-02 3.315200e-03
129 4.676948e-02 3.283890e-03
130 4.634648e-02 3.252941e-03
131 4.592738e-02 3.222345e-03
132 4.551213e-02 3.192095e-03
133 4.510070e-02 3.162183e-03
134 4.469305e-02 3.132604e-03
135 4.428914e-02 3.103350e-03
136 4.388893e-02 3.074416e-03
137 4.349239e-02 3.045795e-03
138 4.309948e-02 3.017482e-03
139 4.271017e-02 2.989471e-03
140 4.232441e-02 2.961757e-03
141 4.194218e-02 2.934334e-03
142 4.156344e-02 2.907199e-03
143 4.118816e-02 2.880346e-03
144 4.081630e-02 2.853770e-03
145 4.044783e-02 2.827467e-03
146 4.008272e-02 2.801433e-03
147 3.972093e-02 2.775663e-03
148 3.936243e-02 2.750154e-03
149 3.900720e-02 2.724901e-03
150 3.865520e-02 2.699901e-03
151 3.830640e-02 2.675151e-03
152 3.796077e-02 2.650645e-03
153 3.761828e-02 2.626382e-03
154 3.727891e-02 2.602358e-03
155 3.694261e-02 2.578569e-03
156 3.660936e-02 2.555012e-03
157 3.627914e-02 2.531685e-03
158 3.595192e-02 2.508584e-03
159 3.562766e-02 2.485706e-03
160 3.530634e-02 2.463048e-03
161 3.498794e-02 2.440609e-03
162 3.467242e-02 2.418384e-03
163 3.435976e-02 2.396371e-03
164 3.404993e-02 2.374569e-03
165 3.374291e-02 2.352973e-03
166 3.343866e-02 2.331583e-03
167 3.313718e-02 2.310394e-03
168 3.283842e-02 2.289406e-03
169 3.254236e-02 2.268615e-03
170 3.224899e-02 2.248020e-03
171 3.195826e-02 2.227619e-03
172 3.167017e-02 2.207408e-03
173 3.138469e-02 2.187386e-03
174 3.110178e-02 2.167551e-03
175 3.082144e-02 2.147901e-03
176 3.054362e-02 2.128434e-03
177 3.026832e-02 2.109148e-03
178 2.999551e-02 2.090041e-03
179 2.972517e-02 2.071111e-03
180 2.945726e-02 2.052356e-03
181 2.919178e-02 2.033774e-03
182 2.892870e-02 2.015364e-03
183 2.866799e-02 1.997124e-03
184 2.840964e-02 1.979052e-03
185 2.815363e-02 1.961146e-03
186 2.789992e-02 1.943405e-03
187 2.764851e-02 1.925827e-03
188 2.739937e-02 1.908410e-03
189 2.715248e-02 1.891153e-03
190 2.690782e-02 1.874055e-03
191 2.666536e-02 1.857113e-03
192 2.642510e-02 1.840325e-03
193 2.618701e-02 1.823692e-03
194 2.595106e-02 1.807210e-03
195 2.571725e-02 1.790879e-03
196 2.548555e-02 1.774697e-03
197 2.525593e-02 1.758663e-03
198 2.502840e-02 1.742775e-03
199 2.480291e-02 1.727032e-03
200 2.457946e-02 1.711432e-03
201 2.435803e-02 1.695974e-03
202 2.413859e-02 1.680657e-03
203 2.392114e-02 1.665479e-03
204 2.370565e-02 1.650439e-03
205 2.349210e-02 1.635536e-03
206 2.328048e-02 1.620768e-03
207 2.307078e-02 1.606135e-03
208 2.286296e-02 1.591634e-03
209 2.265702e-02 1.577265e-03
210 2.245293e-02 1.563026e-03
211 2.225069e-02 1.548917e-03
212 2.205028e-02 1.534935e-03
213 2.185167e-02 1.521080e-03
214 2.165485e-02 1.507351e-03
215 2.145981e-02 1.493746e-03
216 2.126653e-02 1.480265e-03
217 2.107499e-02 1.466906e-03
218 2.088518e-02 1.453667e-03
219 2.069709e-02 1.440549e-03
220 2.051069e-02 1.427549e-03
221 2.032597e-02 1.414667e-03
222 2.014292e-02 1.401902e-03
223 1.996152e-02 1.389252e-03
224 1.978176e-02 1.376716e-03
225 1.960362e-02 1.364294e-03
226 1.942708e-02 1.351984e-03
227 1.925214e-02 1.339786e-03
228 1.907878e-02 1.327698e-03
229 1.890698e-02 1.315719e-03
230 1.873673e-02 1.303848e-03
231 1.856802e-02 1.292085e-03
232 1.840082e-02 1.280428e-03
233 1.823514e-02 1.268876e-03
234 1.807095e-02 1.257429e-03
235 1.790824e-02 1.246085e-03
236 1.774700e-02 1.234844e-03
237 1.758722e-02 1.223704e-03
238 1.742887e-02 1.212665e-03
239 1.727196e-02 1.201726e-03
240 1.711646e-02 1.190885e-03
241 1.696236e-02 1.180143e-03
242 1.680965e-02 1.169497e-03
243 1.665832e-02 1.158947e-03
244 1.650836e-02 1.148493e-03
245 1.635975e-02 1.138133e-03
246 1.621247e-02 1.127867e-03
247 1.606653e-02 1.117693e-03
248 1.592190e-02 1.107611e-03
249 1.577858e-02 1.097620e-03
250 1.563655e-02 1.087720e-03
251 1.549580e-02 1.077909e-03
252 1.535632e-02 1.068186e-03
253 1.521810e-02 1.058551e-03
254 1.508113e-02 1.049003e-03
255 1.494539e-02 1.039541e-03
256 1.481088e-02 1.030165e-03
257 1.467757e-02 1.020873e-03
258 1.454548e-02 1.011665e-03
259 1.441457e-02 1.002540e-03
260 1.428484e-02 9.934976e-04
261 1.415629e-02 9.845366e-04
262 1.402889e-02 9.756566e-04
263 1.390264e-02 9.668566e-04
264 1.377753e-02 9.581361e-04
265 1.365355e-02 9.494942e-04
266 1.353069e-02 9.409304e-04
267 1.340894e-02 9.324437e-04
268 1.328828e-02 9.240337e-04
269 1.316872e-02 9.156995e-04
270 1.305023e-02 9.074405e-04
271 1.293281e-02 8.992561e-04
272 1.281645e-02 8.911454e-04
273 1.270113e-02 8.831079e-04
274 1.258686e-02 8.751430e-04
275 1.247362e-02 8.672499e-04
276 1.236140e-02 8.594280e-04
277 1.225020e-02 8.516767e-04
278 1.213999e-02 8.439952e-04
279 1.203078e-02 8.363831e-04
280 1.192256e-02 8.288397e-04
281 1.181531e-02 8.213643e-04
282 1.170903e-02 8.139563e-04
283 1.160371e-02 8.066151e-04
284 1.149933e-02 7.993402e-04
285 1.139590e-02 7.921309e-04
286 1.129341e-02 7.849866e-04
287 1.119183e-02 7.779068e-04
288 1.109117e-02 7.708908e-04
289 1.099142e-02 7.639381e-04
290 1.089257e-02 7.570481e-04
291 1.079462e-02 7.502203e-04
292 1.069754e-02 7.434541e-04
293 1.060134e-02 7.367489e-04
294 1.050601e-02 7.301041e-04
295 1.041154e-02 7.235193e-04
296 1.031792e-02 7.169939e-04
297 1.022515e-02 7.105274e-04
298 1.013321e-02 7.041191e-04
299 1.004210e-02 6.977687e-04
300 9.951813e-03 6.914756e-04
301 9.862341e-03 6.852392e-04
302 9.773675e-03 6.790591e-04
303 9.685809e-03 6.729347e-04
304 9.598736e-03 6.668655e-04
305 9.512449e-03 6.608511e-04
306 9.426939e-03 6.548909e-04
307 9.342201e-03 6.489845e-04
308 9.258228e-03 6.431314e-04
309 9.175011e-03 6.373310e-04
310 9.092546e-03 6.315830e-04
311 9.010824e-03 6.258868e-04
312 8.929839e-03 6.202420e-04
313 8.849585e-03 6.146481e-04
314 8.770055e-03 6.091046e-04
315 8.691242e-03 6.036112e-04
316 8.613141e-03 5.981673e-04
317 8.535743e-03 5.927725e-04
318 8.459044e-03 5.874263e-04
319 8.383037e-03 5.821284e-04
320 8.307715e-03 5.768782e-04
321 8.233073e-03 5.716754e-04
322 8.159104e-03 5.665196e-04
323 8.085802e-03 5.614102e-04
324 8.013161e-03 5.563469e-04
325 7.941176e-03 5.513293e-04
326 7.869840e-03 5.463569e-04
327 7.799148e-03 5.414294e-04
328 7.729093e-03 5.365463e-04
329 7.659670e-03 5.317073e-04
330 7.590874e-03 5.269119e-04
331 7.522698e-03 5.221597e-04
332 7.455137e-03 5.174504e-04
333 7.388185e-03 5.127836e-04
334 7.321838e-03 5.081589e-04
335 7.256089e-03 5.035759e-04
336 7.190933e-03 4.990342e-04
337 7.126365e-03 4.945335e-04
338 7.062379e-03 4.900733e-04
339 6.998970e-03 4.856534e-04
340 6.936134e-03 4.812734e-04
341 6.873864e-03 4.769328e-04
342 6.812156e-03 4.726314e-04
343 6.751005e-03 4.683689e-04
344 6.690406e-03 4.641447e-04
345 6.630353e-03 4.599586e-04
346 6.570842e-03 4.558103e-04
347 6.511867e-03 4.516995e-04
348 6.453425e-03 4.476256e-04
349 6.395510e-03 4.435886e-04
350 6.338118e-03 4.395879e-04
351 6.281243e-03 4.356233e-04
352 6.224881e-03 4.316945e-04
353 6.169028e-03 4.278011e-04
354 6.113679e-03 4.239428e-04
355 6.058829e-03 4.201194e-04
356 6.004474e-03 4.163304e-04
357 5.950609e-03 4.125755e-04
358 5.897230e-03 4.088546e-04
359 5.844333e-03 4.051672e-04
360 5.791913e-03 4.015130e-04
361 5.739966e-03 3.978919e-04
362 5.688488e-03 3.943033e-04
363 5.637474e-03 3.907472e-04
364 5.586920e-03 3.872231e-04
365 5.536822e-03 3.837308e-04
366 5.487177e-03 3.802700e-04
367 5.437979e-03 3.768404e-04
368 5.389225e-03 3.734417e-04
369 5.340911e-03 3.700737e-04
370 5.293033e-03 3.667360e-04
371 5.245587e-03 3.634285e-04
372 5.198570e-03 3.601508e-04
373 5.151976e-03 3.569027e-04
374 5.105803e-03 3.536838e-04
375 5.060046e-03 3.504940e-04
376 5.014702e-03 3.473329e-04
377 4.969767e-03 3.442004e-04
378 4.925238e-03 3.410961e-04
379 4.881111e-03 3.380198e-04
380 4.837381e-03 3.349713e-04
381 4.794047e-03 3.319502e-04
382 4.751103e-03 3.289564e-04
383 4.708547e-03 3.259896e-04
384 4.666374e-03 3.230495e-04
385 4.624583e-03 3.201360e-04
386 4.583168e-03 3.172487e-04
387 4.542128e-03 3.143875e-04
388 4.501457e-03 3.115521e-04
389 4.461154e-03 3.087423e-04
390 4.421214e-03 3.059578e-04
391 4.381634e-03 3.031984e-04
392 4.342412e-03 3.004639e-04
393 4.303544e-03 2.977541e-04
394 4.265027e-03 2.950687e-04
395 4.226857e-03 2.924075e-04
396 4.189031e-03 2.897703e-04
397 4.151547e-03 2.871569e-04
398 4.114402e-03 2.845671e-04
399 4.077591e-03 2.820006e-04
400 4.041113e-03 2.794573e-04
401 4.004964e-03 2.769369e-04
402 3.969141e-03 2.744393e-04
403 3.933641e-03 2.719641e-04
404 3.898462e-03 2.695113e-04
405 3.863601e-03 2.670806e-04
406 3.829054e-03 2.646719e-04
407 3.794819e-03 2.622849e-04
408 3.760893e-03 2.599193e-04
409 3.727273e-03 2.575752e-04
410 3.693956e-03 2.552521e-04
411 3.660941e-03 2.529501e-04
412 3.628223e-03 2.506687e-04
413 3.595801e-03 2.484080e-04
414 3.563671e-03 2.461677e-04
415 3.531831e-03 2.439475e-04
416 3.500279e-03 2.417474e-04
417 3.469011e-03 2.395671e-04
418 3.438026e-03 2.374065e-04
419 3.407321e-03 2.352653e-04
420 3.376893e-03 2.331435e-04
421 3.346739e-03 2.310408e-04
422 3.316858e-03 2.289571e-04
423 3.287246e-03 2.268922e-04
424 3.257902e-03 2.248459e-04
425 3.228823e-03 2.228180e-04
426 3.200006e-03 2.208085e-04
427 3.171449e-03 2.188170e-04
428 3.143151e-03 2.168436e-04
429 3.115108e-03 2.148879e-04
430 3.087318e-03 2.129498e-04
431 3.059779e-03 2.110293e-04
432 3.032488e-03 2.091260e-04
433 3.005444e-03 2.072400e-04
434 2.978644e-03 2.053709e-04
435 2.952087e-03 2.035187e-04
436 2.925769e-03 2.016832e-04
437 2.899689e-03 1.998642e-04
438 2.873844e-03 1.980617e-04
439 2.848233e-03 1.962754e-04
440 2.822853e-03 1.945052e-04
441 2.797702e-03 1.927510e-04
442 2.772778e-03 1.910126e-04
443 2.748080e-03 1.892899e-04
444 2.723604e-03 1.875827e-04
445 2.699350e-03 1.858909e-04
446 2.675315e-03 1.842144e-04
447 2.651497e-03 1.825530e-04
448 2.627894e-03 1.809066e-04
449 2.604504e-03 1.792750e-04
450 2.581325e-03 1.776582e-04
451 2.558356e-03 1.760559e-04
452 2.535595e-03 1.744681e-04
453 2.513039e-03 1.728946e-04
454 2.490687e-03 1.713353e-04
455 2.468537e-03 1.697900e-04
456 2.446587e-03 1.682587e-04
457 2.424835e-03 1.667412e-04
458 2.403280e-03 1.652374e-04
459 2.381919e-03 1.637472e-04
460 2.360752e-03 1.622704e-04
461 2.339776e-03 1.608069e-04
462 2.318990e-03 1.593566e-04
463 2.298391e-03 1.579194e-04
464 2.277979e-03 1.564951e-04
465 2.257751e-03 1.550837e-04
466 2.237705e-03 1.536850e-04
467 2.217842e-03 1.522990e-04
468 2.198157e-03 1.509254e-04
469 2.178651e-03 1.495642e-04
470 2.159321e-03 1.482153e-04
471 2.140165e-03 1.468786e-04
472 2.121183e-03 1.455539e-04
473 2.102373e-03 1.442412e-04
474 2.083732e-03 1.429403e-04
475 2.065260e-03 1.416512e-04
476 2.046956e-03 1.403736e-04
477 2.028816e-03 1.391076e-04
478 2.010841e-03 1.378530e-04
479 1.993028e-03 1.366097e-04
480 1.975377e-03 1.353777e-04
481 1.957885e-03 1.341567e-04
482 1.940551e-03 1.329468e-04
483 1.923374e-03 1.317478e-04
484 1.906353e-03 1.305596e-04
485 1.889485e-03 1.293821e-04
486 1.872770e-03 1.282152e-04
487 1.856206e-03 1.270588e-04
488 1.839792e-03 1.259129e-04
489 1.823527e-03 1.247773e-04
490 1.807409e-03 1.236520e-04
491 1.791437e-03 1.225368e-04
492 1.775609e-03 1.214316e-04
493 1.759925e-03 1.203365e-04
494 1.744382e-03 1.192512e-04
495 1.728980e-03 1.181757e-04
496 1.713718e-03 1.171098e-04
497 1.698594e-03 1.160537e-04
498 1.683606e-03 1.150070e-04
499 1.668755e-03 1.139698e-04
500 1.654038e-03 1.129419e-04
501 1.639454e-03 1.119233e-04
502 1.625002e-03 1.109139e-04
503 1.610681e-03 1.099135e-04
504 1.596490e-03 1.089222e-04
505 1.582428e-03 1.079399e-04
506 1.568492e-03 1.069664e-04
507 1.554683e-03 1.060017e-04
508 1.541000e-03 1.050457e-04
509 1.527440e-03 1.040983e-04
510 1.514003e-03 1.031594e-04
511 1.500688e-03 1.022291e-04
512 1.487493e-03 1.013071e-04
513 1.474418e-03 1.003934e-04
514 1.461462e-03 9.948796e-05
515 1.448623e-03 9.859070e-05
516 1.435901e-03 9.770152e-05
517 1.423293e-03 9.682037e-05
518 1.410801e-03 9.594716e-05
519 1.398421e-03 9.508183e-05
520 1.386154e-03 9.422430e-05
521 1.373998e-03 9.337451e-05
522 1.361952e-03 9.253237e-05
523 1.350016e-03 9.169784e-05
524 1.338188e-03 9.087083e-05
525 1.326467e-03 9.005128e-05
526 1.314853e-03 8.923912e-05
527 1.303344e-03 8.843429e-05
528 1.291939e-03 8.763671e-05
529 1.280639e-03 8.684633e-05
530 1.269440e-03 8.606308e-05
531 1.258344e-03 8.528689e-05
532 1.247348e-03 8.451770e-05
533 1.236452e-03 8.375545e-05
534 1.225655e-03 8.300007e-05
535 1.214956e-03 8.225150e-05
536 1.204354e-03 8.150969e-05
537 1.193849e-03 8.077457e-05
538 1.183439e-03 8.004607e-05
539 1.173124e-03 7.932415e-05
540 1.162903e-03 7.860874e-05
541 1.152774e-03 7.789978e-05
542 1.142738e-03 7.719721e-05
543 1.132793e-03 7.650098e-05
544 1.122938e-03 7.581103e-05
545 1.113173e-03 7.512730e-05
546 1.103497e-03 7.444974e-05
547 1.093909e-03 7.377829e-05
548 1.084408e-03 7.311290e-05
549 1.074994e-03 7.245350e-05
550 1.065666e-03 7.180006e-05
551 1.056422e-03 7.115250e-05
552 1.047263e-03 7.051079e-05
553 1.038187e-03 6.987486e-05
554 1.029194e-03 6.924467e-05
555 1.020282e-03 6.862017e-05
556 1.011452e-03 6.800129e-05
557 1.002703e-03 6.738800e-05
558 9.940328e-04 6.678024e-05
559 9.854420e-04 6.617796e-05
560 9.769297e-04 6.558111e-05
561 9.684949e-04 6.498964e-05
562 9.601372e-04 6.440351e-05
563 9.518557e-04 6.382266e-05
564 9.436499e-04 6.324706e-05
565 9.355189e-04 6.267664e-05
566 9.274622e-04 6.211137e-05
567 9.194791e-04 6.155120e-05
568 9.115690e-04 6.099608e-05
569 9.037311e-04 6.044596e-05
570 8.959649e-04 5.990081e-05
571 8.882696e-04 5.936057e-05
572 8.806448e-04 5.882521e-05
573 8.730896e-04 5.829468e-05
574 8.656036e-04 5.776892e-05
575 8.581862e-04 5.724792e-05
576 8.508366e-04 5.673161e-05
577 8.435543e-04 5.621995e-05
578 8.363386e-04 5.571291e-05
579 8.291891e-04 5.521045e-05
580 8.221051e-04 5.471251e-05
581 8.150860e-04 5.421907e-05
582 8.081313e-04 5.373008e-05
583 8.012404e-04 5.324549e-05
584 7.944126e-04 5.276528e-05
585 7.876475e-04 5.228940e-05
586 7.809445e-04 5.181781e-05
587 7.743031e-04 5.135047e-05
588 7.677226e-04 5.088735e-05
589 7.612026e-04 5.042840e-05
590 7.547424e-04 4.997360e-05
591 7.483417e-04 4.952289e-05
592 7.419998e-04 4.907625e-05
593 7.357163e-04 4.863364e-05
594 7.294906e-04 4.819502e-05
595 7.233221e-04 4.776036e-05
596 7.172105e-04 4.732962e-05
597 7.111551e-04 4.690276e-05
598 7.051556e-04 4.647975e-05
599 6.992113e-04 4.606056e-05
600 6.933219e-04 4.564514e-05
601 6.874867e-04 4.523348e-05
602 6.817054e-04 4.482552e-05
603 6.759775e-04 4.442125e-05
604 6.703024e-04 4.402062e-05
605 6.646798e-04 4.362360e-05
606 6.591091e-04 4.323017e-05
607 6.535900e-04 4.284028e-05
608 6.481218e-04 4.245391e-05
609 6.427043e-04 4.207103e-05
610 6.373369e-04 4.169160e-05
611 6.320192e-04 4.131559e-05
612 6.267508e-04 4.094297e-05
613 6.215311e-04 4.057371e-05
614 6.163599e-04 4.020778e-05
615 6.112367e-04 3.984515e-05
616 6.061610e-04 3.948580e-05
617 6.011324e-04 3.912968e-05
618 5.961505e-04 3.877678e-05
619 5.912150e-04 3.842705e-05
620 5.863253e-04 3.808049e-05
621 5.814811e-04 3.773704e-05
622 5.766820e-04 3.739670e-05
623 5.719275e-04 3.705942e-05
624 5.672174e-04 3.672519e-05
625 5.625512e-04 3.639397e-05
626 5.579284e-04 3.606574e-05
627 5.533489e-04 3.574047e-05
628 5.488120e-04 3.541813e-05
629 5.443176e-04 3.509870e-05
630 5.398651e-04 3.478215e-05
631 5.354543e-04 3.446846e-05
632 5.310848e-04 3.415759e-05
633 5.267561e-04 3.384953e-05
634 5.224681e-04 3.354425e-05
635 5.182202e-04 3.324171e-05
636 5.140121e-04 3.294191e-05
637 5.098435e-04 3.264481e-05
638 5.057141e-04 3.235040e-05
639 5.016235e-04 3.205863e-05
640 4.975714e-04 3.176950e-05
641 4.935573e-04 3.148298e-05
642 4.895811e-04 3.119904e-05
643 4.856423e-04 3.091766e-05
644 4.817406e-04 3.063882e-05
645 4.778758e-04 3.036249e-05
646 4.740474e-04 3.008865e-05
647 4.702552e-04 2.981729e-05
648 4.664988e-04 2.954837e-05
649 4.627780e-04 2.928188e-05
650 4.590924e-04 2.901779e-05
651 4.554417e-04 2.875608e-05
652 4.518256e-04 2.849674e-05
653 4.482439e-04 2.823973e-05
654 4.446961e-04 2.798504e-05
655 4.411821e-04 2.773265e-05
656 4.377014e-04 2.748253e-05
657 4.342539e-04 2.723467e-05
658 4.308392e-04 2.698905e-05
659 4.274571e-04 2.674564e-05
660 4.241073e-04 2.650442e-05
661 4.207894e-04 2.626538e-05
662 4.175032e-04 2.602850e-05
663 4.142485e-04 2.579375e-05
664 4.110249e-04 2.556112e-05
665 4.078322e-04 2.533059e-05
666 4.046701e-04 2.510214e-05
667 4.015384e-04 2.487574e-05
668 3.984368e-04 2.465139e-05
669 3.953649e-04 2.442907e-05
670 3.923227e-04 2.420874e-05
671 3.893097e-04 2.399041e-05
672 3.863258e-04 2.377404e-05
673 3.833707e-04 2.355963e-05
674 3.804442e-04 2.334715e-05
675 3.775459e-04 2.313658e-05
676 3.746757e-04 2.292792e-05
677 3.718333e-04 2.272114e-05
678 3.690185e-04 2.251622e-05
679 3.662310e-04 2.231315e-05
680 3.634706e-04 2.211191e-05
681 3.607370e-04 2.191248e-05
682 3.580301e-04 2.171486e-05
683 3.553496e-04 2.151902e-05
684 3.526952e-04 2.132494e-05
685 3.500668e-04 2.113261e-05
686 3.474640e-04 2.094202e-05
687 3.448868e-04 2.075315e-05
688 3.423348e-04 2.056598e-05
689 3.398079e-04 2.038050e-05
690 3.373058e-04 2.019669e-05
691 3.348283e-04 2.001454e-05
692 3.323752e-04 1.983403e-05
693 3.299463e-04 1.965515e-05
694 3.275414e-04 1.947788e-05
695 3.251602e-04 1.930222e-05
696 3.228026e-04 1.912813e-05
697 3.204684e-04 1.895562e-05
698 3.181573e-04 1.878466e-05
699 3.158691e-04 1.861524e-05
700 3.136037e-04 1.844736e-05
701 3.113609e-04 1.828098e-05
702 3.091404e-04 1.811611e-05
703 3.069421e-04 1.795272e-05
704 3.047658e-04 1.779081e-05
705 3.026113e-04 1.763036e-05
706 3.004783e-04 1.747135e-05
707 2.983667e-04 1.731378e-05
708 2.962764e-04 1.715763e-05
709 2.942071e-04 1.700289e-05
710 2.921586e-04 1.684954e-05
711 2.901308e-04 1.669758e-05
712 2.881235e-04 1.654699e-05
713 2.861365e-04 1.639775e-05
714 2.841696e-04 1.624986e-05
715 2.822227e-04 1.610331e-05
716 2.802956e-04 1.595807e-05
717 2.783881e-04 1.581415e-05
718 2.765000e-04 1.567152e-05
719 2.746311e-04 1.553019e-05
720 2.727814e-04 1.539012e-05
721 2.709506e-04 1.525132e-05
722 2.691386e-04 1.511377e-05
723 2.673451e-04 1.497746e-05
724 2.655701e-04 1.484238e-05
725 2.638134e-04 1.470852e-05
726 2.620747e-04 1.457587e-05
727 2.603541e-04 1.444441e-05
728 2.586512e-04 1.431414e-05
729 2.569659e-04 1.418504e-05
730 2.552982e-04 1.405711e-05
731 2.536478e-04 1.393033e-05
732 2.520145e-04 1.380469e-05
733 2.503983e-04 1.368019e-05
734 2.487989e-04 1.355681e-05
735 2.472163e-04 1.343455e-05
736 2.456502e-04 1.331338e-05
737 2.441006e-04 1.319331e-05
738 2.425672e-04 1.307432e-05
739 2.410500e-04 1.295641e-05
740 2.395487e-04 1.283955e-05
741 2.380633e-04 1.272376e-05
742 2.365937e-04 1.260900e-05
743 2.351395e-04 1.249528e-05
744 2.337009e-04 1.238259e-05
745 2.322775e-04 1.227091e-05
746 2.308692e-04 1.216025e-05
747 2.294760e-04 1.205057e-05
748 2.280976e-04 1.194189e-05
749 2.267340e-04 1.183419e-05
750 2.253850e-04 1.172746e-05
751 2.240505e-04 1.162169e-05
752 2.227303e-04 1.151688e-05
753 2.214243e-04 1.141301e-05
754 2.201325e-04 1.131008e-05
755 2.188546e-04 1.120807e-05
756 2.175905e-04 1.110699e-05
757 2.163401e-04 1.100682e-05
758 2.151033e-04 1.090755e-05
759 2.138800e-04 1.080917e-05
760 2.126700e-04 1.071169e-05
761 2.114732e-04 1.061508e-05
762 2.102895e-04 1.051934e-05
763 2.091187e-04 1.042447e-05
764 2.079608e-04 1.033046e-05
765 2.068157e-04 1.023729e-05
766 2.056831e-04 1.014496e-05
767 2.045631e-04 1.005346e-05
768 2.034554e-04 9.962792e-06
769 2.023599e-04 9.872939e-06
770 2.012766e-04 9.783896e-06
771 2.002054e-04 9.695657e-06
772 1.991460e-04 9.608213e-06
773 1.980985e-04 9.521558e-06
774 1.970627e-04 9.435685e-06
775 1.960384e-04 9.350586e-06
776 1.950256e-04 9.266254e-06
777 1.940242e-04 9.182683e-06
778 1.930340e-04 9.099866e-06
779 1.920550e-04 9.017796e-06
780 1.910870e-04 8.936466e-06
781 1.901299e-04 8.855869e-06
782 1.891837e-04 8.775999e-06
783 1.882482e-04 8.696850e-06
784 1.873233e-04 8.618414e-06
785 1.864089e-04 8.540686e-06
786 1.855050e-04 8.463659e-06
787 1.846113e-04 8.387327e-06
788 1.837279e-04 8.311683e-06
789 1.828546e-04 8.236721e-06
790 1.819913e-04 8.162435e-06
791 1.811379e-04 8.088819e-06
792 1.802943e-04 8.015868e-06
793 1.794605e-04 7.943574e-06
794 1.786363e-04 7.871932e-06
795 1.778215e-04 7.800936e-06
796 1.770163e-04 7.730581e-06
797 1.762203e-04 7.660860e-06
798 1.754336e-04 7.591768e-06
799 1.746561e-04 7.523299e-06
800 1.738876e-04 7.455447e-06
801 1.731281e-04 7.388208e-06
802 1.723774e-04 7.321575e-06
803 1.716356e-04 7.255543e-06
804 1.709024e-04 7.190106e-06
805 1.701779e-04 7.125259e-06
806 1.694618e-04 7.060998e-06
807 1.687542e-04 6.997316e-06
808 1.680549e-04 6.934208e-06
809 1.673639e-04 6.871670e-06
810 1.666811e-04 6.809695e-06
811 1.660063e-04 6.748279e-06
812 1.653396e-04 6.687418e-06
813 1.646807e-04 6.627105e-06
814 1.640297e-04 6.567336e-06
815 1.633865e-04 6.508106e-06
816 1.627509e-04 6.449411e-06
817 1.621229e-04 6.391244e-06
818 1.615024e-04 6.333603e-06
819 1.608894e-04 6.276481e-06
820 1.602837e-04 6.219874e-06
821 1.596853e-04 6.163778e-06
822 1.590940e-04 6.108188e-06
823 1.585099e-04 6.053099e-06
824 1.579328e-04 5.998507e-06
825 1.573627e-04 5.944408e-06
826 1.567995e-04 5.890796e-06
827 1.562431e-04 5.837668e-06
828 1.556934e-04 5.785019e-06
829 1.551504e-04 5.732845e-06
830 1.546140e-04 5.681141e-06
831 1.540841e-04 5.629904e-06
832 1.535606e-04 5.579129e-06
833 1.530435e-04 5.528811e-06
834 1.525328e-04 5.478948e-06
835 1.520282e-04 5.429534e-06
836 1.515299e-04 5.380566e-06
837 1.510376e-04 5.332039e-06
838 1.505513e-04 5.283950e-06
839 1.500710e-04 5.236295e-06
840 1.495966e-04 5.189070e-06
841 1.491281e-04 5.142271e-06
842 1.486653e-04 5.095893e-06
843 1.482082e-04 5.049934e-06
844 1.477567e-04 5.004390e-06
845 1.473108e-04 4.959256e-06
846 1.468704e-04 4.914529e-06
847 1.464354e-04 4.870206e-06
848 1.460058e-04 4.826282e-06
849 1.455815e-04 4.782755e-06
850 1.451625e-04 4.739620e-06
851 1.447486e-04 4.696874e-06
852 1.443399e-04 4.654513e-06
853 1.439363e-04 4.612535e-06
854 1.435377e-04 4.570935e-06
855 1.431440e-04 4.529711e-06
856 1.427553e-04 4.488858e-06
857 1.423714e-04 4.448374e-06
858 1.419922e-04 4.408254e-06
859 1.416178e-04 4.368497e-06
860 1.412481e-04 4.329098e-06
861 1.408829e-04 4.290055e-06
862 1.405224e-04 4.251363e-06
863 1.401663e-04 4.213021e-06
864 1.398147e-04 4.175024e-06
865 1.394675e-04 4.137371e-06
866 1.391246e-04 4.100056e-06
867 1.387861e-04 4.063079e-06
868 1.384517e-04 4.026434e-06
869 1.381216e-04 3.990120e-06
870 1.377956e-04 3.954134e-06
871 1.374737e-04 3.918472e-06
872 1.371558e-04 3.883132e-06
873 1.368419e-04 3.848111e-06
874 1.365320e-04 3.813405e-06
875 1.362260e-04 3.779013e-06
876 1.359238e-04 3.744931e-06
877 1.356254e-04 3.711156e-06
878 1.353308e-04 3.677685e-06
879 1.350398e-04 3.644517e-06
880 1.347526e-04 3.611648e-06
881 1.344689e-04 3.579075e-06
882 1.341889e-04 3.546796e-06
883 1.339123e-04 3.514808e-06
884 1.336393e-04 3.483108e-06
885 1.333696e-04 3.451694e-06
886 1.331034e-04 3.420564e-06
887 1.328406e-04 3.389715e-06
888 1.325810e-04 3.359143e-06
889 1.323247e-04 3.328848e-06
890 1.320717e-04 3.298825e-06
891 1.318218e-04 3.269074e-06
892 1.315751e-04 3.239590e-06
893 1.313315e-04 3.210373e-06
894 1.310910e-04 3.181419e-06
895 1.308535e-04 3.152726e-06
896 1.306190e-04 3.124293e-06
897 1.303875e-04 3.096115e-06
898 1.301589e-04 3.068192e-06
899 1.299332e-04 3.040520e-06
900 1.297103e-04 3.013098e-06
901 1.294902e-04 2.985923e-06
902 1.292729e-04 2.958994e-06
903 1.290584e-04 2.932307e-06
904 1.288466e-04 2.905861e-06
905 1.286374e-04 2.879654e-06
906 1.284308e-04 2.853682e-06
907 1.282269e-04 2.827946e-06
908 1.280255e-04 2.802441e-06
909 1.278267e-04 2.777166e-06
910 1.276304e-04 2.752119e-06
911 1.274365e-04 2.727298e-06
912 1.272451e-04 2.702701e-06
913 1.270561e-04 2.678326e-06
914 1.268695e-04 2.654170e-06
915 1.266852e-04 2.630233e-06
916 1.265032e-04 2.606511e-06
917 1.263236e-04 2.583004e-06
918 1.261461e-04 2.559708e-06
919 1.259709e-04 2.536622e-06
920 1.257980e-04 2.513745e-06
921 1.256271e-04 2.491074e-06
922 1.254585e-04 2.468607e-06
923 1.252919e-04 2.446343e-06
924 1.251274e-04 2.424280e-06
925 1.249650e-04 2.402416e-06
926 1.248046e-04 2.380749e-06
927 1.246463e-04 2.359277e-06
928 1.244899e-04 2.337999e-06
929 1.243354e-04 2.316913e-06
930 1.241829e-04 2.296017e-06
931 1.240323e-04 2.275310e-06
932 1.238836e-04 2.254789e-06
933 1.237368e-04 2.234454e-06
934 1.235917e-04 2.214301e-06
935 1.234485e-04 2.194331e-06
936 1.233071e-04 2.174541e-06
937 1.231674e-04 2.154929e-06
938 1.230295e-04 2.135494e-06
939 1.228933e-04 2.116234e-06
940 1.227587e-04 2.097148e-06
941 1.226259e-04 2.078234e-06
942 1.224947e-04 2.059491e-06
943 1.223651e-04 2.040917e-06
944 1.222371e-04 2.022510e-06
945 1.221107e-04 2.004269e-06
946 1.219859e-04 1.986193e-06
947 1.218626e-04 1.968280e-06
948 1.217409e-04 1.950528e-06
949 1.216206e-04 1.932937e-06
950 1.215018e-04 1.915504e-06
951 1.213845e-04 1.898228e-06
952 1.212687e-04 1.881108e-06
953 1.211543e-04 1.864143e-06
954 1.210412e-04 1.847331e-06
955 1.209296e-04 1.830670e-06
956 1.208193e-04 1.814159e-06
957 1.207104e-04 1.797798e-06
958 1.206029e-04 1.781584e-06
959 1.204966e-04 1.765516e-06
960 1.203917e-04 1.749593e-06
961 1.202880e-04 1.733814e-06
962 1.201856e-04 1.718177e-06
963 1.200844e-04 1.702681e-06
964 1.199845e-04 1.687324e-06
965 1.198858e-04 1.672107e-06
966 1.197883e-04 1.657026e-06
967 1.196920e-04 1.642082e-06
968 1.195969e-04 1.627272e-06
969 1.195029e-04 1.612596e-06
970 1.194101e-04 1.598052e-06
971 1.193184e-04 1.583640e-06
972 1.192278e-04 1.569357e-06
973 1.191383e-04 1.555203e-06
974 1.190499e-04 1.541177e-06
975 1.189625e-04 1.527277e-06
976 1.188762e-04 1.513503e-06
977 1.187909e-04 1.499853e-06
978 1.187067e-04 1.486326e-06
979 1.186235e-04 1.472921e-06
980 1.185413e-04 1.459637e-06
981 1.184601e-04 1.446473e-06
982 1.183798e-04 1.433427e-06
983 1.183005e-04 1.420500e-06
984 1.182222e-04 1.407688e-06
985 1.181448e-04 1.394993e-06
986 1.180683e-04 1.382411e-06
987 1.179927e-04 1.369944e-06
988 1.179181e-04 1.357588e-06
989 1.178443e-04 1.345344e-06
990 1.177714e-04 1.333211e-06
991 1.176994e-04 1.321187e-06
992 1.176282e-04 1.309271e-06
993 1.175579e-04 1.297463e-06
994 1.174884e-04 1.285762e-06
995 1.174197e-04 1.274166e-06
996 1.173518e-04 1.262674e-06
997 1.172848e-04 1.251286e-06
998 1.172185e-04 1.240001e-06
999 1.171530e-04 1.228818e-06
1000 1.170883e-04 1.217735e-06
1001 1.170244e-04 1.206753e-06
1002 1.169612e-04 1.195869e-06
1003 1.168987e-04 1.185084e-06
1004 1.168370e-04 1.174396e-06
1005 1.167760e-04 1.163804e-06
1006 1.167157e-04 1.153308e-06
1007 1.166561e-04 1.142906e-06
1008 1.165972e-04 1.132599e-06
1009 1.165390e-04 1.122384e-06
1010 1.164815e-04 1.112261e-06
1011 1.164247e-04 1.102230e-06
1012 1.163685e-04 1.092289e-06
1013 1.163129e-04 1.082438e-06
1014 1.162580e-04 1.072676e-06
1015 1.162038e-04 1.063001e-06
1016 1.161502e-04 1.053414e-06
1017 1.160971e-04 1.043914e-06
1018 1.160447e-04 1.034499e-06
1019 1.159929e-04 1.025169e-06
1020 1.159418e-04 1.015923e-06
1021 1.158911e-04 1.006760e-06
1022 1.158411e-04 9.976806e-07
1023 1.157917e-04 9.886827e-07
1024 1.157428e-04 9.797659e-07
1025 1.156945e-04 9.709296e-07
1026 1.156467e-04 9.621729e-07
1027 1.155995e-04 9.534952e-07
1028 1.155528e-04 9.448958e-07
1029 1.155066e-04 9.363739e-07
1030 1.154610e-04 9.279289e-07
1031 1.154159e-04 9.195601e-07
1032 1.153713e-04 9.112667e-07
1033 1.153272e-04 9.030481e-07
1034 1.152836e-04 8.949037e-07
1035 1.152405e-04 8.868327e-07
1036 1.151979e-04 8.788345e-07
1037 1.151558e-04 8.709084e-07
1038 1.151141e-04 8.630538e-07
1039 1.150729e-04 8.552701e-07
1040 1.150322e-04 8.475565e-07
1041 1.149920e-04 8.399125e-07
1042 1.149522e-04 8.323375e-07
1043 1.149128e-04 8.248308e-07
1044 1.148739e-04 8.173917e-07
1045 1.148354e-04 8.100198e-07
1046 1.147973e-04 8.027144e-07
1047 1.147597e-04 7.954748e-07
1048 1.147225e-04 7.883006e-07
1049 1.146857e-04 7.811910e-07
1050 1.146493e-04 7.741455e-07
1051 1.146134e-04 7.671636e-07
1052 1.145778e-04 7.602447e-07
1053 1.145426e-04 7.533882e-07
1054 1.145078e-04 7.465935e-07
1055 1.144734e-04 7.398601e-07
1056 1.144394e-04 7.331874e-07
1057 1.144057e-04 7.265749e-07
1058 1.143724e-04 7.200220e-07
1059 1.143395e-04 7.135283e-07
1060 1.143070e-04 7.070931e-07
1061 1.142748e-04 7.007159e-07
1062 1.142429e-04 6.943963e-07
1063 1.142114e-04 6.881336e-07
1064 1.141803e-04 6.819274e-07
1065 1.141495e-04 6.757772e-07
1066 1.141190e-04 6.696825e-07
1067 1.140889e-04 6.636427e-07
1068 1.140591e-04 6.576574e-07
1069 1.140296e-04 6.517261e-07
1070 1.140004e-04 6.458483e-07
1071 1.139716e-04 6.400235e-07
1072 1.139431e-04 6.342512e-07
1073 1.139149e-04 6.285310e-07
1074 1.138869e-04 6.228624e-07
1075 1.138593e-04 6.172449e-07
1076 1.138320e-04 6.116781e-07
1077 1.138050e-04 6.061614e-07
1078 1.137783e-04 6.006946e-07
1079 1.137518e-04 5.952770e-07
1080 1.137257e-04 5.899083e-07
1081 1.136998e-04 5.845880e-07
1082 1.136742e-04 5.793157e-07
1083 1.136489e-04 5.740909e-07
1084 1.136239e-04 5.689133e-07
1085 1.135991e-04 5.637823e-07
1086 1.135746e-04 5.586977e-07
1087 1.135503e-04 5.536589e-07
1088 1.135263e-04 5.486655e-07
1089 1.135026e-04 5.437172e-07
1090 1.134791e-04 5.388135e-07
1091 1.134559e-04 5.339540e-07
1092 1.134329e-04 5.291384e-07
1093 1.134101e-04 5.243661e-07
1094 1.133876e-04 5.196370e-07
1095 1.133654e-04 5.149504e-07
1096 1.133434e-04 5.103062e-07
1097 1.133216e-04 5.057038e-07
1098 1.133000e-04 5.011429e-07
1099 1.132787e-04 4.966232e-07
1100 1.132576e-04 4.921442e-07
1101 1.132367e-04 4.877057e-07
1102 1.132160e-04 4.833071e-07
1103 1.131956e-04 4.789483e-07
1104 1.131753e-04 4.746287e-07
1105 1.131553e-04 4.703481e-07
1106 1.131355e-04 4.661061e-07
1107 1.131159e-04 4.619024e-07
1108 1.130965e-04 4.577365e-07
1109 1.130773e-04 4.536083e-07
1110 1.130583e-04 4.495172e-07
1111 1.130395e-04 4.454631e-07
1112 1.130209e-04 4.414456e-07
1113 1.130025e-04 4.374642e-07
1114 1.129843e-04 4.335188e-07
1115 1.129662e-04 4.296090e-07
1116 1.129484e-04 4.257344e-07
1117 1.129307e-04 4.218948e-07
1118 1.129133e-04 4.180898e-07
1119 1.128960e-04 4.143191e-07
1120 1.128789e-04 4.105824e-07
1121 1.128619e-04 4.068794e-07
1122 1.128452e-04 4.032098e-07
1123 1.128286e-04 3.995733e-07
1124 1.128122e-04 3.959697e-07
1125 1.127959e-04 3.923985e-07
1126 1.127798e-04 3.888595e-07
1127 1.127639e-04 3.853524e-07
1128 1.127482e-04 3.818770e-07
1129 1.127326e-04 3.784329e-07
1130 1.127172e-04 3.750199e-07
1131 1.127019e-04 3.716376e-07
1132 1.126868e-04 3.682859e-07
1133 1.126718e-04 3.649644e-07
1134 1.126570e-04 3.616728e-07
1135 1.126423e-04 3.584109e-07
1136 1.126278e-04 3.551785e-07
1137 1.126135e-04 3.519752e-07
1138 1.125993e-04 3.488008e-07
1139 1.125852e-04 3.456550e-07
1140 1.125713e-04 3.425376e-07
1141 1.125575e-04 3.394483e-07
1142 1.125438e-04 3.363869e-07
1143 1.125303e-04 3.333530e-07
1144 1.125170e-04 3.303466e-07
1145 1.125037e-04 3.273672e-07
1146 1.124906e-04 3.244148e-07
1147 1.124777e-04 3.214889e-07
1148 1.124648e-04 3.185895e-07
1149 1.124521e-04 3.157161e-07
1150 1.124395e-04 3.128688e-07
1151 1.124271e-04 3.100470e-07
1152 1.124148e-04 3.072508e-07
1153 1.124026e-04 3.044797e-07
1154 1.123905e-04 3.017337e-07
1155 1.123785e-04 2.990124e-07
1156 1.123667e-04 2.963156e-07
1157 1.123550e-04 2.936432e-07
1158 1.123433e-04 2.909949e-07
1159 1.123319e-04 2.883704e-07
1160 1.123205e-04 2.857697e-07
1161 1.123092e-04 2.831924e-07
1162 1.122981e-04 2.806383e-07
1163 1.122870e-04 2.781073e-07
1164 1.122761e-04 2.755991e-07
1165 1.122653e-04 2.731135e-07
1166 1.122546e-04 2.706503e-07
1167 1.122440e-04 2.682094e-07
1168 1.122335e-04 2.657904e-07
1169 1.122231e-04 2.633933e-07
1170 1.122128e-04 2.610178e-07
1171 1.122026e-04 2.586637e-07
1172 1.121925e-04 2.563309e-07
1173 1.121826e-04 2.540191e-07
1174 1.121727e-04 2.517281e-07
1175 1.121629e-04 2.494578e-07
1176 1.121532e-04 2.472080e-07
1177 1.121436e-04 2.449784e-07
1178 1.121341e-04 2.427690e-07
1179 1.121247e-04 2.405795e-07
1180 1.121154e-04 2.384098e-07
1181 1.121061e-04 2.362596e-07
1182 1.120970e-04 2.341288e-07
1183 1.120880e-04 2.320172e-07
1184 1.120790e-04 2.299247e-07
1185 1.120702e-04 2.278511e-07
1186 1.120614e-04 2.257961e-07
1187 1.120527e-04 2.237597e-07
1188 1.120441e-04 2.217416e-07
1189 1.120356e-04 2.197418e-07
1190 1.120271e-04 2.177600e-07
1191 1.120188e-04 2.157960e-07
1192 1.120105e-04 2.138498e-07
1193 1.120023e-04 2.119211e-07
1194 1.119942e-04 2.100098e-07
1195 1.119861e-04 2.081158e-07
1196 1.119782e-04 2.062388e-07
1197 1.119703e-04 2.043788e-07
1198 1.119625e-04 2.025355e-07
1199 1.119548e-04 2.007089e-07
1200 1.119471e-04 1.988987e-07
1201 1.119395e-04 1.971049e-07
1202 1.119320e-04 1.953272e-07
1203 1.119246e-04 1.935656e-07
1204 1.119173e-04 1.918199e-07
1205 1.119100e-04 1.900899e-07
1206 1.119027e-04 1.883755e-07
1207 1.118956e-04 1.866765e-07
1208 1.118885e-04 1.849929e-07
1209 1.118815e-04 1.833245e-07
1210 1.118746e-04 1.816711e-07
1211 1.118677e-04 1.800327e-07
1212 1.118609e-04 1.784090e-07
1213 1.118542e-04 1.767999e-07
1214 1.118475e-04 1.752054e-07
1215 1.118409e-04 1.736253e-07
1216 1.118343e-04 1.720594e-07
1217 1.118278e-04 1.705076e-07
1218 1.118214e-04 1.689698e-07
1219 1.118151e-04 1.674459e-07
1220 1.118088e-04 1.659357e-07
1221 1.118025e-04 1.644392e-07
1222 1.117963e-04 1.629561e-07
1223 1.117902e-04 1.614864e-07
1224 1.117842e-04 1.600300e-07
1225 1.117782e-04 1.585867e-07
1226 1.117722e-04 1.571565e-07
1227 1.117663e-04 1.557391e-07
1228 1.117605e-04 1.543345e-07
1229 1.117547e-04 1.529426e-07
1230 1.117490e-04 1.515632e-07
1231 1.117433e-04 1.501963e-07
1232 1.117377e-04 1.488417e-07
1233 1.117322e-04 1.474993e-07
1234 1.117267e-04 1.461690e-07
1235 1.117212e-04 1.448508e-07
1236 1.117158e-04 1.435444e-07
1237 1.117105e-04 1.422498e-07
1238 1.117052e-04 1.409669e-07
1239 1.116999e-04 1.396955e-07
1240 1.116947e-04 1.384356e-07
1241 1.116896e-04 1.371871e-07
1242 1.116845e-04 1.359498e-07
1243 1.116794e-04 1.347237e-07
1244 1.116744e-04 1.335086e-07
1245 1.116695e-04 1.323045e-07
1246 1.116646e-04 1.311113e-07
1247 1.116597e-04 1.299288e-07
1248 1.116549e-04 1.287570e-07
1249 1.116501e-04 1.275958e-07
1250 1.116454e-04 1.264450e-07
1251 1.116407e-04 1.253046e-07
1252 1.116361e-04 1.241745e-07
1253 1.116315e-04 1.230546e-07
1254 1.116270e-04 1.219448e-07
1255 1.116225e-04 1.208450e-07
1256 1.116180e-04 1.197551e-07
1257 1.116136e-04 1.186751e-07
1258 1.116092e-04 1.176048e-07
1259 1.116049e-04 1.165441e-07
1260 1.116006e-04 1.154930e-07
1261 1.115963e-04 1.144514e-07
1262 1.115921e-04 1.134192e-07
1263 1.115879e-04 1.123963e-07
1264 1.115838e-04 1.113826e-07
1265 1.115797e-04 1.103780e-07
1266 1.115756e-04 1.093826e-07
1267 1.115716e-04 1.083961e-07
1268 1.115676e-04 1.074184e-07
1269 1.115637e-04 1.064497e-07
1270 1.115598e-04 1.054896e-07
1271 1.115559e-04 1.045382e-07
1272 1.115521e-04 1.035954e-07
1273 1.115483e-04 1.026611e-07
1274 1.115445e-04 1.017352e-07
1275 1.115408e-04 1.008177e-07
1276 1.115371e-04 9.990841e-08
1277 1.115335e-04 9.900735e-08
1278 1.115298e-04 9.811442e-08
1279 1.115263e-04 9.722954e-08
1280 1.115227e-04 9.635264e-08
1281 1.115192e-04 9.548365e-08
1282 1.115157e-04 9.462250e-08
1283 1.115122e-04 9.376911e-08
1284 1.115088e-04 9.292342e-08
1285 1.115054e-04 9.208536e-08
1286 1.115021e-04 9.125486e-08
1287 1.114987e-04 9.043185e-08
1288 1.114954e-04 8.961625e-08
1289 1.114922e-04 8.880802e-08
1290 1.114889e-04 8.800707e-08
1291 1.114857e-04 8.721335e-08
1292 1.114826e-04 8.642679e-08
1293 1.114794e-04 8.564732e-08
1294 1.114763e-04 8.487488e-08
1295 1.114732e-04 8.410940e-08
1296 1.114702e-04 8.335084e-08
1297 1.114671e-04 8.259911e-08
1298 1.114641e-04 8.185416e-08
1299 1.114612e-04 8.111593e-08
1300 1.114582e-04 8.038436e-08
1301 1.114553e-04 7.965938e-08
1302 1.114524e-04 7.894095e-08
1303 1.114495e-04 7.822899e-08
1304 1.114467e-04 7.752346e-08
1305 1.114439e-04 7.682428e-08
1306 1.114411e-04 7.613142e-08
1307 1.114383e-04 7.544480e-08
1308 1.114356e-04 7.476437e-08
1309 1.114329e-04 7.409009e-08
1310 1.114302e-04 7.342188e-08
1311 1.114276e-04 7.275970e-08
1312 1.114249e-04 7.210349e-08
1313 1.114223e-04 7.145320e-08
1314 1.114197e-04 7.080877e-08
1315 1.114172e-04 7.017016e-08
1316 1.114147e-04 6.953731e-08
1317 1.114121e-04 6.891016e-08
1318 1.114097e-04 6.828867e-08
1319 1.114072e-04 6.767279e-08
1320 1.114047e-04 6.706246e-08
1321 1.114023e-04 6.645763e-08
1322 1.113999e-04 6.585826e-08
1323 1.113975e-04 6.526429e-08
1324 1.113952e-04 6.467568e-08
1325 1.113929e-04 6.409238e-08
1326 1.113906e-04 6.351435e-08
1327 1.113883e-04 6.294152e-08
1328 1.113860e-04 6.237386e-08
1329 1.113837e-04 6.181132e-08
1330 1.113815e-04 6.125385e-08
1331 1.113793e-04 6.070141e-08
1332 1.113771e-04 6.015396e-08
1333 1.113750e-04 5.961144e-08
1334 1.113728e-04 5.907381e-08
1335 1.113707e-04 5.854103e-08
1336 1.113686e-04 5.801306e-08
1337 1.113665e-04 5.748985e-08
1338 1.113644e-04 5.697136e-08
1339 1.113624e-04 5.645754e-08
1340 1.113604e-04 5.594836e-08
1341 1.113584e-04 5.544377e-08
1342 1.113564e-04 5.494373e-08
1343 1.113544e-04 5.444820e-08
1344 1.113524e-04 5.395714e-08
1345 1.113505e-04 5.347051e-08
1346 1.113486e-04 5.298827e-08
1347 1.113467e-04 5.251038e-08
1348 1.113448e-04 5.203679e-08
1349 1.113429e-04 5.156748e-08
1350 1.113411e-04 5.110240e-08
1351 1.113393e-04 5.064152e-08
1352 1.113374e-04 5.018479e-08
1353 1.113356e-04 4.973218e-08
1354 1.113339e-04 4.928365e-08
1355 1.113321e-04 4.883917e-08
1356 1.113303e-04 4.839870e-08
1357 1.113286e-04 4.796220e-08
1358 1.113269e-04 4.752964e-08
1359 1.113252e-04 4.710097e-08
1360 1.113235e-04 4.667618e-08
1361 1.113218e-04 4.625521e-08
1362 1.113202e-04 4.583804e-08
1363 1.113185e-04 4.542464e-08
1364 1.113169e-04 4.501496e-08
1365 1.113153e-04 4.460898e-08
1366 1.113137e-04 4.420665e-08
1367 1.113121e-04 4.380796e-08
1368 1.113106e-04 4.341286e-08
1369 1.113090e-04 4.302133e-08
1370 1.113075e-04 4.263333e-08
1371 1.113060e-04 4.224882e-08
1372 1.113044e-04 4.186779e-08
1373 1.113030e-04 4.149019e-08
1374 1.113015e-04 4.111600e-08
1375 1.113000e-04 4.074518e-08
1376 1.112986e-04 4.037770e-08
1377 1.112971e-04 4.001354e-08
1378 1.112957e-04 3.965267e-08
1379 1.112943e-04 3.929505e-08
1380 1.112929e-04 3.894065e-08
1381 1.112915e-04 3.858945e-08
1382 1.112901e-04 3.824142e-08
1383 1.112887e-04 3.789652e-08
1384 1.112874e-04 3.755474e-08
1385 1.112860e-04 3.721604e-08
1386 1.112847e-04 3.688040e-08
1387 1.112834e-04 3.654778e-08
1388 1.112821e-04 3.621816e-08
1389 1.112808e-04 3.589151e-08
1390 1.112795e-04 3.556781e-08
1391 1.112783e-04 3.524703e-08
1392 1.112770e-04 3.492914e-08
1393 1.112758e-04 3.461412e-08
1394 1.112745e-04 3.430194e-08
1395 1.112733e-04 3.399258e-08
1396 1.112721e-04 3.368601e-08
1397 1.112709e-04 3.338220e-08
1398 1.112697e-04 3.308113e-08
1399 1.112685e-04 3.278277e-08
1400 1.112674e-04 3.248711e-08
1401 1.112662e-04 3.219412e-08
1402 1.112651e-04 3.190376e-08
1403 1.112639e-04 3.161603e-08
1404 1.112628e-04 3.133089e-08
1405 1.112617e-04 3.104832e-08
1406 1.112606e-04 3.076830e-08
1407 1.112595e-04 3.049080e-08
1408 1.112584e-04 3.021581e-08
1409 1.112574e-04 2.994330e-08
1410 1.112563e-04 2.967325e-08
1411 1.112552e-04 2.940563e-08
1412 1.112542e-04 2.914042e-08
1413 1.112532e-04 2.887761e-08
1414 1.112521e-04 2.861717e-08
1415 1.112511e-04 2.835907e-08
1416 1.112501e-04 2.810331e-08
1417 1.112491e-04 2.784985e-08
1418 1.112481e-04 2.759867e-08
1419 1.112471e-04 2.734977e-08
1420 1.112462e-04 2.710310e-08
1421 1.112452e-04 2.685866e-08
1422 1.112443e-04 2.661643e-08
1423 1.112433e-04 2.637638e-08
1424 1.112424e-04 2.613850e-08
1425 1.112415e-04 2.590276e-08
1426 1.112405e-04 2.566914e-08
1427 1.112396e-04 2.543764e-08
1428 1.112387e-04 2.520822e-08
1429 1.112378e-04 2.498087e-08
1430 1.112369e-04 2.475557e-08
1431 1.112361e-04 2.453231e-08
1432 1.112352e-04 2.431105e-08
1433 1.112343e-04 2.409180e-08
1434 1.112335e-04 2.387451e-08
1435 1.112326e-04 2.365919e-08
1436 1.112318e-04 2.344582e-08
1437 1.112310e-04 2.323436e-08
1438 1.112301e-04 2.302481e-08
1439 1.112293e-04 2.281716e-08
1440 1.112285e-04 2.261137e-08
1441 1.112277e-04 2.240744e-08
1442 1.112269e-04 2.220536e-08
1443 1.112261e-04 2.200509e-08
1444 1.112254e-04 2.180663e-08
1445 1.112246e-04 2.160996e-08
1446 1.112238e-04 2.141506e-08
1447 1.112231e-04 2.122192e-08
1448 1.112223e-04 2.103052e-08
1449 1.112216e-04 2.084085e-08
1450 1.112208e-04 2.065289e-08
1451 1.112201e-04 2.046663e-08
1452 1.112194e-04 2.028204e-08
1453 1.112187e-04 2.009912e-08
1454 1.112180e-04 1.991785e-08
1455 1.112173e-04 1.973821e-08
1456 1.112166e-04 1.956020e-08
1457 1.112159e-04 1.938379e-08
1458 1.112152e-04 1.920897e-08
1459 1.112145e-04 1.903573e-08
1460 1.112138e-04 1.886405e-08
1461 1.112132e-04 1.869391e-08
1462 1.112125e-04 1.852532e-08
1463 1.112118e-04 1.835824e-08
1464 1.112112e-04 1.819267e-08
1465 1.112105e-04 1.802859e-08
1466 1.112099e-04 1.786600e-08
1467 1.112093e-04 1.770486e-08
1468 1.112087e-04 1.754519e-08
1469 1.112080e-04 1.738695e-08
1470 1.112074e-04 1.723014e-08
1471 1.112068e-04 1.707474e-08
1472 1.112062e-04 1.692075e-08
1473 1.112056e-04 1.676814e-08
1474 1.112050e-04 1.661691e-08
1475 1.112044e-04 1.646705e-08
1476 1.112039e-04 1.631854e-08
1477 1.112033e-04 1.617136e-08
1478 1.112027e-04 1.602551e-08
1479 1.112021e-04 1.588098e-08
1480 1.112016e-04 1.573775e-08
1481 1.112010e-04 1.559582e-08
1482 1.112005e-04 1.545516e-08
1483 1.111999e-04 1.531577e-08
1484 1.111994e-04 1.517764e-08
1485 1.111988e-04 1.504076e-08
1486 1.111983e-04 1.490511e-08
1487 1.111978e-04 1.477068e-08
1488 1.111973e-04 1.463747e-08
1489 1.111968e-04 1.450545e-08
1490 1.111962e-04 1.437463e-08
1491 1.111957e-04 1.424499e-08
1492 1.111952e-04 1.411652e-08
1493 1.111947e-04 1.398920e-08
1494 1.111942e-04 1.386303e-08
1495 1.111938e-04 1.373801e-08
1496 1.111933e-04 1.361410e-08
1497 1.111928e-04 1.349132e-08
1498 1.111923e-04 1.336965e-08
1499 1.111918e-04 1.324907e-08
1500 1.111914e-04 1.312958e-08
1501 1.111909e-04 1.301116e-08
1502 1.111905e-04 1.289382e-08
1503 1.111900e-04 1.277753e-08
1504 1.111895e-04 1.266229e-08
1505 1.111891e-04 1.254809e-08
1506 1.111887e-04 1.243492e-08
1507 1.111882e-04 1.232277e-08
1508 1.111878e-04 1.221164e-08
1509 1.111874e-04 1.210150e-08
1510 1.111869e-04 1.199236e-08
1511 1.111865e-04 1.188420e-08
1512 1.111861e-04 1.177702e-08
1513 1.111857e-04 1.167081e-08
1514 1.111853e-04 1.156555e-08
1515 1.111849e-04 1.146124e-08
1516 1.111844e-04 1.135787e-08
1517 1.111840e-04 1.125544e-08
1518 1.111837e-04 1.115393e-08
1519 1.111833e-04 1.105333e-08
1520 1.111829e-04 1.095364e-08
1521 1.111825e-04 1.085485e-08
1522 1.111821e-04 1.075696e-08
1523 1.111817e-04 1.065994e-08
1524 1.111813e-04 1.056380e-08
1525 1.111810e-04 1.046853e-08
1526 1.111806e-04 1.037411e-08
1527 1.111802e-04 1.028055e-08
1528 1.111799e-04 1.018783e-08
1529 1.111795e-04 1.009595e-08
1530 1.111792e-04 1.000490e-08
1531 1.111788e-04 9.914663e-09
