# step err_l2 res_l2
0 2.460291e-01 1.000000e+00
1 2.346441e-01 5.622251e-01
2 3.043200e-01 7.956349e-01
3 4.182538e-01 1.190985e+00
4 6.048055e-01 2.028687e+00
5 9.513377e-01 4.173564e+00
6 1.730975e+00 9.957826e+00
7 3.729154e+00 2.556747e+01
8 9.070566e+00 6.808495e+01
9 2.360606e+01 1.864348e+02
10 6.407590e+01 5.252879e+02
11 1.799274e+02 1.524259e+03
12 5.209860e+02 4.547113e+03
13 1.550063e+03 1.388479e+04
14 4.716355e+03 4.316155e+04
15 1.459949e+04 1.358814e+05
16 4.575946e+04 4.314413e+05
17 1.446717e+05 1.377444e+06
18 4.600766e+05 4.412964e+06
19 1.468843e+06 1.416827e+07
20 4.701661e+06 4.554818e+07
21 1.507591e+07 1.465445e+08
22 4.839805e+07 4.717112e+08
23 1.554982e+08 1.518832e+09
24 4.998878e+08 4.891278e+09
25 1.607685e+09 1.575381e+10
26 5.172082e+09 5.074391e+10
27 1.664313e+10 1.634588e+11
28 5.356597e+10 5.265669e+11
29 1.724298e+11 1.696358e+12
30 5.551292e+11 5.465109e+12
31 1.787419e+12 1.760746e+13
32 5.755768e+12 5.672973e+13
33 1.853616e+13 1.827850e+14
34 5.969969e+13 5.889605e+14
35 1.922901e+14 1.897784e+15
36 6.194006e+14 6.115363e+15
37 1.995325e+15 1.970662e+16
38 6.428080e+15 6.350612e+16
39 2.070963e+16 2.046598e+17
40 6.672451e+16 6.595717e+17
41 2.149903e+17 2.125708e+18
42 6.927417e+17 6.851045e+18
43 2.232244e+18 2.208111e+19
44 7.193309e+18 7.116977e+19
45 2.318096e+19 2.293929e+20
46 7.470482e+19 7.393901e+20
47 2.407574e+20 2.383286e+21
48 7.759316e+20 7.682223e+21
49 2.500802e+21 2.476313e+22
50 8.060213e+21 7.982364e+22
51 2.597912e+22 2.573146e+23
52 8.373599e+22 8.294761e+23
53 2.699040e+23 2.673926e+24
54 8.699919e+23 8.619872e+24
55 2.804332e+24 2.778802e+25
56 9.039644e+24 8.958176e+25
57 2.913939e+25 2.887928e+26
58 9.393263e+25 9.310168e+26
59 3.028021e+26 3.001463e+27
60 9.761292e+26 9.676370e+27
61 3.146744e+27 3.119577e+28
62 1.014427e+28 1.005732e+29
63 3.270281e+28 3.242443e+29
64 1.054275e+29 1.045359e+30
65 3.398815e+29 3.370246e+30
66 1.095734e+30 1.086576e+31
67 3.532535e+30 3.503173e+31
68 1.138863e+31 1.129446e+32
69 3.671638e+31 3.641424e+32
70 1.183727e+32 1.174031e+33
71 3.816332e+32 3.785206e+33
72 1.230392e+33 1.220398e+34
73 3.966831e+33 3.934732e+34
74 1.278928e+34 1.268617e+35
75 4.123359e+34 4.090227e+35
76 1.329408e+35 1.318760e+36
77 4.286150e+35 4.251924e+36
78 1.381906e+36 1.370902e+37
79 4.455448e+36 4.420066e+37
80 1.436501e+37 1.425122e+38
81 4.631505e+37 4.594904e+38
82 1.493275e+38 1.481500e+39
83 4.814585e+38 4.776701e+39
84 1.552313e+39 1.540122e+40
85 5.004963e+39 4.965731e+40
86 1.613703e+40 1.601076e+41
87 5.202925e+40 5.162279e+41
88 1.677538e+41 1.664453e+42
89 5.408767e+41 5.366639e+42
90 1.743914e+42 1.730349e+43
91 5.622800e+42 5.579121e+43
92 1.812930e+43 1.798864e+44
93 5.845346e+43 5.800043e+44
94 1.884690e+44 1.870099e+45
95 6.076738e+44 6.029738e+45
96 1.959303e+45 1.944163e+46
97 6.317326e+45 6.268554e+46
98 2.036880e+46 2.021168e+47
99 6.567472e+46 6.516850e+47
100 2.117539e+47 2.101229e+48
101 6.827554e+47 6.775001e+48
102 2.201401e+48 2.184467e+49
103 7.097962e+48 7.043395e+49
104 2.288593e+49 2.271009e+50
105 7.379105e+49 7.322439e+50
106 2.379245e+50 2.360984e+51
107 7.671407e+50 7.612553e+51
108 2.473495e+51 2.454528e+52
109 7.975308e+51 7.914175e+52
110 2.571486e+52 2.551782e+53
111 8.291268e+52 8.227761e+53
112 2.673364e+53 2.652894e+54
113 8.619763e+53 8.553783e+54
114 2.779283e+54 2.758016e+55
115 8.961289e+54 8.892735e+55
116 2.889404e+55 2.867306e+56
117 9.316361e+55 9.245128e+56
118 3.003893e+56 2.980930e+57
119 9.685516e+56 9.611493e+57
120 3.122922e+57 3.099060e+58
121 1.006931e+58 9.992386e+58
122 3.246672e+58 3.221873e+59
123 1.046833e+59 1.038838e+60
124 3.375329e+59 3.349556e+60
125 1.088316e+60 1.080007e+61
126 3.509087e+60 3.482301e+61
127 1.131445e+61 1.122809e+62
128 3.648149e+61 3.620308e+62
129 1.176283e+62 1.167307e+63
130 3.792724e+62 3.763786e+63
131 1.222899e+63 1.213570e+64
132 3.943031e+63 3.912953e+64
133 1.271364e+64 1.261666e+65
134 4.099297e+64 4.068032e+65
135 1.321749e+65 1.311669e+66
136 4.261758e+65 4.229259e+66
137 1.374132e+66 1.363654e+67
138 4.430660e+66 4.396877e+67
139 1.428592e+67 1.417700e+68
140 4.606257e+67 4.571139e+68
141 1.485211e+68 1.473888e+69
142 4.788815e+68 4.752309e+69
143 1.544074e+69 1.532304e+70
144 4.978609e+69 4.940661e+70
145 1.605270e+70 1.593035e+71
146 5.175927e+70 5.136478e+71
147 1.668892e+71 1.656173e+72
148 5.381067e+71 5.340057e+72
149 1.735036e+72 1.721814e+73
150 5.594338e+72 5.551705e+73
151 1.803802e+73 1.790056e+74
152 5.816063e+73 5.771742e+74
153 1.875294e+74 1.861004e+75
154 6.046576e+74 6.000501e+75
155 1.949619e+75 1.934763e+76
156 6.286226e+75 6.238328e+76
157 2.026890e+76 2.011447e+77
158 6.535376e+76 6.485581e+77
159 2.107225e+77 2.091169e+78
160 6.794401e+77 6.742634e+78
161 2.190743e+78 2.174052e+79
162 7.063692e+78 7.009875e+79
163 2.277572e+79 2.260220e+80
164 7.343658e+79 7.287709e+80
165 2.367842e+80 2.349803e+81
166 7.634721e+80 7.576556e+81
167 2.461691e+81 2.442937e+82
168 7.937320e+81 7.876851e+82
169 2.559259e+82 2.539762e+83
170 8.251913e+82 8.189048e+83
171 2.660694e+83 2.640425e+84
172 8.578975e+83 8.513620e+84
173 2.766150e+84 2.745078e+85
174 8.919000e+84 8.851056e+85
175 2.875786e+85 2.853879e+86
176 9.272503e+85 9.201866e+86
177 2.989767e+86 2.966992e+87
178 9.640017e+86 9.566581e+87
179 3.108266e+87 3.084588e+88
180 1.002210e+88 9.945752e+88
181 3.231462e+88 3.206846e+89
182 1.041932e+89 1.033995e+90
183 3.359541e+89 3.333949e+90
184 1.083229e+90 1.074977e+91
185 3.492696e+90 3.466090e+91
186 1.126163e+91 1.117584e+92
187 3.631128e+91 3.603468e+92
188 1.170798e+92 1.161880e+93
189 3.775048e+92 3.746292e+93
190 1.217203e+93 1.207931e+94
191 3.924672e+93 3.894776e+94
192 1.265446e+94 1.255807e+95
193 4.080226e+94 4.049145e+95
194 1.315602e+95 1.305581e+96
195 4.241946e+95 4.209633e+96
196 1.367746e+96 1.357328e+97
197 4.410075e+96 4.376482e+97
198 1.421957e+97 1.411125e+98
199 4.584869e+97 4.549944e+98
200 1.478316e+98 1.467055e+99
201 4.766590e+98 4.730281e+99
202 1.536909e+99 1.525202e+100
203 4.955514e+99 4.917766e+100
204 1.597825e+100 1.585654e+101
205 5.151926e+100 5.112682e+101
206 1.661155e+101 1.648501e+102
207 5.356123e+101 5.315324e+102
208 1.726995e+102 1.713840e+103
209 5.568413e+102 5.525997e+103
210 1.795444e+103 1.781768e+104
211 5.789117e+103 5.745020e+104
212 1.866607e+104 1.852388e+105
213 6.018569e+104 5.972724e+105
214 1.940590e+105 1.925808e+106
215 6.257115e+105 6.209453e+106
216 2.017505e+106 2.002137e+107
217 6.505116e+106 6.455565e+107
218 2.097469e+107 2.081492e+108
219 6.762947e+107 6.711432e+108
220 2.180602e+108 2.163992e+109
221 7.030997e+108 6.977440e+109
222 2.267030e+109 2.249762e+110
223 7.309671e+109 7.253991e+110
224 2.356884e+110 2.338931e+111
225 7.599390e+110 7.541504e+111
226 2.450300e+111 2.431635e+112
227 7.900592e+111 7.840412e+112
228 2.547417e+112 2.528013e+113
229 8.213732e+112 8.151167e+113
230 2.648384e+113 2.628211e+114
231 8.539284e+113 8.474239e+114
232 2.753353e+114 2.732380e+115
233 8.877739e+114 8.810116e+115
234 2.862483e+115 2.840678e+116
235 9.229609e+115 9.159305e+116
236 2.975937e+116 2.953269e+117
237 9.595425e+116 9.522335e+117
238 3.093889e+117 3.070322e+118
239 9.975741e+117 9.899753e+118
240 3.216515e+118 3.192014e+119
241 1.037113e+119 1.029213e+120
242 3.344002e+119 3.318530e+120
243 1.078219e+120 1.070006e+121
244 3.476542e+120 3.450060e+121
245 1.120954e+121 1.112416e+122
246 3.614335e+121 3.586804e+122
247 1.165383e+122 1.156506e+123
248 3.757589e+122 3.728967e+123
249 1.211573e+123 1.202345e+124
250 3.906521e+123 3.876765e+124
251 1.259594e+124 1.250000e+125
252 4.061357e+124 4.030421e+125
253 1.309518e+125 1.299544e+126
254 4.222329e+125 4.190167e+126
255 1.361421e+126 1.351051e+127
256 4.389681e+126 4.356244e+127
257 1.415381e+127 1.404600e+128
258 4.563666e+127 4.528904e+128
259 1.471480e+128 1.460271e+129
260 4.744548e+128 4.708408e+129
261 1.529802e+129 1.518149e+130
262 4.932598e+129 4.895026e+130
263 1.590436e+130 1.578321e+131
264 5.128102e+130 5.089040e+131
265 1.653473e+131 1.640878e+132
266 5.331355e+131 5.290745e+132
267 1.719009e+132 1.705915e+133
268 5.542663e+132 5.500444e+133
269 1.787142e+133 1.773529e+134
270 5.762347e+133 5.718454e+134
271 1.857975e+134 1.843823e+135
272 5.990738e+134 5.945106e+135
273 1.931616e+135 1.916903e+136
274 6.228182e+135 6.180740e+136
275 2.008176e+136 1.992879e+137
276 6.475036e+136 6.425714e+137
277 2.087770e+137 2.071867e+138
278 6.731674e+137 6.680398e+138
279 2.170519e+138 2.153986e+139
280 6.998485e+138 6.945176e+139
281 2.256548e+139 2.239359e+140
282 7.275870e+139 7.220449e+140
283 2.345986e+140 2.328116e+141
284 7.564250e+140 7.506632e+141
285 2.438969e+141 2.420391e+142
286 7.864060e+141 7.804158e+142
287 2.535638e+142 2.516324e+143
288 8.175752e+142 8.113476e+143
289 2.636138e+143 2.616058e+144
290 8.499799e+143 8.435054e+144
291 2.740622e+144 2.719746e+145
292 8.836689e+144 8.769378e+145
293 2.849246e+145 2.827543e+146
294 9.186931e+145 9.116953e+146
295 2.962177e+146 2.939613e+147
296 9.551056e+146 9.478304e+147
297 3.079583e+147 3.056125e+148
298 9.929613e+147 9.853977e+148
299 3.201642e+148 Inf
