err_l2 = 0.0004417609287266777
steps = 509
runtime_s = 0.17821812629699707
err_max = 0.0021525332923103546
history_file = "history_ssor_nx32_ny32_nz32_steps509.txt"
exact_plot = "exact_nx32_ny32_nz32.png"
error_plot = "error_nx32_ny32_nz32_M10_steps509.png"
res_l2 = 9.736707e-09
