# step err_l2 res_l2
0 2.460291e-01 1.000000e+00
1 2.151735e-01 5.161334e-01
2 2.030805e-01 2.087632e-01
3 1.943310e-01 1.417570e-01
4 1.871773e-01 1.112148e-01
5 1.810307e-01 9.249972e-02
6 1.755984e-01 7.958260e-02
7 1.707074e-01 7.004811e-02
8 1.662449e-01 6.268130e-02
9 1.621323e-01 5.679471e-02
10 1.583125e-01 5.196777e-02
11 1.547421e-01 4.792776e-02
12 1.513874e-01 4.448964e-02
13 1.482217e-01 4.152308e-02
14 1.452230e-01 3.893353e-02
15 1.423735e-01 3.665056e-02
16 1.396580e-01 3.462060e-02
17 1.370637e-01 3.280210e-02
18 1.345798e-01 3.116235e-02
19 1.321967e-01 2.967518e-02
20 1.299063e-01 2.831942e-02
21 1.277013e-01 2.707772e-02
22 1.255753e-01 2.593577e-02
23 1.235226e-01 2.488161e-02
24 1.215382e-01 2.390519e-02
25 1.196175e-01 2.299798e-02
26 1.177564e-01 2.215272e-02
27 1.159512e-01 2.136317e-02
28 1.141985e-01 2.062394e-02
29 1.124952e-01 1.993035e-02
30 1.108385e-01 1.927832e-02
31 1.092258e-01 1.866426e-02
32 1.076548e-01 1.808502e-02
33 1.061232e-01 1.753781e-02
34 1.046290e-01 1.702013e-02
35 1.031703e-01 1.652976e-02
36 1.017455e-01 1.606472e-02
37 1.003529e-01 1.562320e-02
38 9.899098e-02 1.520358e-02
39 9.765837e-02 1.480438e-02
40 9.635378e-02 1.442428e-02
41 9.507599e-02 1.406203e-02
42 9.382387e-02 1.371651e-02
43 9.259635e-02 1.338668e-02
44 9.139245e-02 1.307160e-02
45 9.021124e-02 1.277037e-02
46 8.905184e-02 1.248217e-02
47 8.791344e-02 1.220625e-02
48 8.679527e-02 1.194189e-02
49 8.569661e-02 1.168844e-02
50 8.461677e-02 1.144526e-02
51 8.355513e-02 1.121179e-02
52 8.251107e-02 1.098748e-02
53 8.148402e-02 1.077182e-02
54 8.047346e-02 1.056434e-02
55 7.947888e-02 1.036458e-02
56 7.849979e-02 1.017213e-02
57 7.753575e-02 9.986590e-03
58 7.658633e-02 9.807584e-03
59 7.565112e-02 9.634764e-03
60 7.472973e-02 9.467799e-03
61 7.382181e-02 9.306379e-03
62 7.292700e-02 9.150211e-03
63 7.204498e-02 8.999018e-03
64 7.117543e-02 8.852543e-03
65 7.031806e-02 8.710541e-03
66 6.947258e-02 8.572782e-03
67 6.863873e-02 8.439049e-03
68 6.781623e-02 8.309139e-03
69 6.700486e-02 8.182861e-03
70 6.620436e-02 8.060034e-03
71 6.541452e-02 7.940488e-03
72 6.463512e-02 7.824064e-03
73 6.386595e-02 7.710611e-03
74 6.310682e-02 7.599988e-03
75 6.235752e-02 7.492062e-03
76 6.161789e-02 7.386709e-03
77 6.088773e-02 7.283809e-03
78 6.016689e-02 7.183254e-03
79 5.945520e-02 7.084938e-03
80 5.875249e-02 6.988763e-03
81 5.805862e-02 6.894639e-03
82 5.737345e-02 6.802477e-03
83 5.669681e-02 6.712196e-03
84 5.602859e-02 6.623721e-03
85 5.536864e-02 6.536977e-03
86 5.471684e-02 6.451898e-03
87 5.407306e-02 6.368420e-03
88 5.343717e-02 6.286481e-03
89 5.280906e-02 6.206025e-03
90 5.218861e-02 6.127000e-03
91 5.157571e-02 6.049353e-03
92 5.097026e-02 5.973037e-03
93 5.037213e-02 5.898009e-03
94 4.978124e-02 5.824224e-03
95 4.919747e-02 5.751643e-03
96 4.862073e-02 5.680229e-03
97 4.805092e-02 5.609945e-03
98 4.748795e-02 5.540757e-03
99 4.693173e-02 5.472634e-03
100 4.638215e-02 5.405546e-03
101 4.583915e-02 5.339462e-03
102 4.530262e-02 5.274357e-03
103 4.477248e-02 5.210203e-03
104 4.424865e-02 5.146978e-03
105 4.373105e-02 5.084656e-03
106 4.321959e-02 5.023217e-03
107 4.271421e-02 4.962639e-03
108 4.221481e-02 4.902901e-03
109 4.172133e-02 4.843985e-03
110 4.123369e-02 4.785872e-03
111 4.075181e-02 4.728545e-03
112 4.027563e-02 4.671987e-03
113 3.980507e-02 4.616181e-03
114 3.934007e-02 4.561113e-03
115 3.888054e-02 4.506769e-03
116 3.842644e-02 4.453133e-03
117 3.797768e-02 4.400192e-03
118 3.753421e-02 4.347934e-03
119 3.709596e-02 4.296345e-03
120 3.666286e-02 4.245414e-03
121 3.623486e-02 4.195129e-03
122 3.581189e-02 4.145479e-03
123 3.539389e-02 4.096453e-03
124 3.498080e-02 4.048041e-03
125 3.457256e-02 4.000233e-03
126 3.416911e-02 3.953018e-03
127 3.377040e-02 3.906387e-03
128 3.337637e-02 3.860332e-03
129 3.298696e-02 3.814843e-03
130 3.260211e-02 3.769911e-03
131 3.222178e-02 3.725529e-03
132 3.184591e-02 3.681688e-03
133 3.147445e-02 3.638379e-03
134 3.110734e-02 3.595596e-03
135 3.074453e-02 3.553331e-03
136 3.038597e-02 3.511577e-03
137 3.003161e-02 3.470325e-03
138 2.968140e-02 3.429570e-03
139 2.933529e-02 3.389304e-03
140 2.899324e-02 3.349521e-03
141 2.865519e-02 3.310215e-03
142 2.832110e-02 3.271378e-03
143 2.799093e-02 3.233004e-03
144 2.766461e-02 3.195088e-03
145 2.734212e-02 3.157623e-03
146 2.702340e-02 3.120604e-03
147 2.670841e-02 3.084024e-03
148 2.639711e-02 3.047878e-03
149 2.608945e-02 3.012161e-03
150 2.578540e-02 2.976867e-03
151 2.548490e-02 2.941990e-03
152 2.518791e-02 2.907526e-03
153 2.489441e-02 2.873469e-03
154 2.460433e-02 2.839814e-03
155 2.431765e-02 2.806556e-03
156 2.403433e-02 2.773690e-03
157 2.375432e-02 2.741211e-03
158 2.347759e-02 2.709114e-03
159 2.320409e-02 2.677396e-03
160 2.293379e-02 2.646050e-03
161 2.266666e-02 2.615073e-03
162 2.240265e-02 2.584461e-03
163 2.214174e-02 2.554207e-03
164 2.188387e-02 2.524310e-03
165 2.162902e-02 2.494763e-03
166 2.137716e-02 2.465562e-03
167 2.112824e-02 2.436705e-03
168 2.088223e-02 2.408186e-03
169 2.063910e-02 2.380001e-03
170 2.039882e-02 2.352146e-03
171 2.016135e-02 2.324618e-03
172 1.992665e-02 2.297413e-03
173 1.969471e-02 2.270526e-03
174 1.946547e-02 2.243954e-03
175 1.923893e-02 2.217694e-03
176 1.901503e-02 2.191740e-03
177 1.879375e-02 2.166091e-03
178 1.857506e-02 2.140741e-03
179 1.835893e-02 2.115689e-03
180 1.814533e-02 2.090929e-03
181 1.793423e-02 2.066459e-03
182 1.772561e-02 2.042276e-03
183 1.751942e-02 2.018375e-03
184 1.731565e-02 1.994753e-03
185 1.711426e-02 1.971408e-03
186 1.691523e-02 1.948336e-03
187 1.671853e-02 1.925534e-03
188 1.652413e-02 1.902998e-03
189 1.633201e-02 1.880726e-03
190 1.614214e-02 1.858714e-03
191 1.595449e-02 1.836960e-03
192 1.576904e-02 1.815459e-03
193 1.558576e-02 1.794210e-03
194 1.540463e-02 1.773210e-03
195 1.522562e-02 1.752455e-03
196 1.504870e-02 1.731942e-03
197 1.487386e-02 1.711669e-03
198 1.470106e-02 1.691633e-03
199 1.453029e-02 1.671832e-03
200 1.436152e-02 1.652261e-03
201 1.419473e-02 1.632919e-03
202 1.402989e-02 1.613804e-03
203 1.386698e-02 1.594912e-03
204 1.370598e-02 1.576240e-03
205 1.354686e-02 1.557787e-03
206 1.338961e-02 1.539549e-03
207 1.323420e-02 1.521525e-03
208 1.308062e-02 1.503711e-03
209 1.292883e-02 1.486105e-03
210 1.277882e-02 1.468705e-03
211 1.263057e-02 1.451508e-03
212 1.248406e-02 1.434513e-03
213 1.233926e-02 1.417716e-03
214 1.219616e-02 1.401115e-03
215 1.205474e-02 1.384708e-03
216 1.191498e-02 1.368493e-03
217 1.177686e-02 1.352468e-03
218 1.164035e-02 1.336629e-03
219 1.150545e-02 1.320976e-03
220 1.137212e-02 1.305506e-03
221 1.124037e-02 1.290217e-03
222 1.111015e-02 1.275106e-03
223 1.098146e-02 1.260172e-03
224 1.085429e-02 1.245413e-03
225 1.072860e-02 1.230826e-03
226 1.060439e-02 1.216409e-03
227 1.048163e-02 1.202162e-03
228 1.036032e-02 1.188080e-03
229 1.024043e-02 1.174163e-03
230 1.012194e-02 1.160409e-03
231 1.000485e-02 1.146816e-03
232 9.889125e-03 1.133382e-03
233 9.774762e-03 1.120105e-03
234 9.661742e-03 1.106983e-03
235 9.550047e-03 1.094014e-03
236 9.439664e-03 1.081197e-03
237 9.330577e-03 1.068530e-03
238 9.222770e-03 1.056011e-03
239 9.116228e-03 1.043638e-03
240 9.010938e-03 1.031411e-03
241 8.906884e-03 1.019326e-03
242 8.804051e-03 1.007382e-03
243 8.702427e-03 9.955782e-04
244 8.601996e-03 9.839123e-04
245 8.502744e-03 9.723829e-04
246 8.404658e-03 9.609884e-04
247 8.307725e-03 9.497271e-04
248 8.211930e-03 9.385976e-04
249 8.117260e-03 9.275982e-04
250 8.023703e-03 9.167275e-04
251 7.931246e-03 9.059840e-04
252 7.839875e-03 8.953661e-04
253 7.749578e-03 8.848725e-04
254 7.660342e-03 8.745016e-04
255 7.572155e-03 8.642520e-04
256 7.485005e-03 8.541224e-04
257 7.398880e-03 8.441113e-04
258 7.313767e-03 8.342173e-04
259 7.229655e-03 8.244391e-04
260 7.146533e-03 8.147754e-04
261 7.064388e-03 8.052247e-04
262 6.983209e-03 7.957857e-04
263 6.902985e-03 7.864572e-04
264 6.823706e-03 7.772379e-04
265 6.745359e-03 7.681265e-04
266 6.667934e-03 7.591217e-04
267 6.591420e-03 7.502223e-04
268 6.515807e-03 7.414271e-04
269 6.441084e-03 7.327348e-04
270 6.367241e-03 7.241443e-04
271 6.294267e-03 7.156543e-04
272 6.222153e-03 7.072637e-04
273 6.150888e-03 6.989713e-04
274 6.080462e-03 6.907760e-04
275 6.010867e-03 6.826767e-04
276 5.942091e-03 6.746721e-04
277 5.874125e-03 6.667613e-04
278 5.806960e-03 6.589431e-04
279 5.740588e-03 6.512164e-04
280 5.674997e-03 6.435802e-04
281 5.610180e-03 6.360334e-04
282 5.546127e-03 6.285750e-04
283 5.482830e-03 6.212039e-04
284 5.420279e-03 6.139191e-04
285 5.358466e-03 6.067196e-04
286 5.297382e-03 5.996044e-04
287 5.237019e-03 5.925726e-04
288 5.177369e-03 5.856231e-04
289 5.118423e-03 5.787550e-04
290 5.060172e-03 5.719674e-04
291 5.002610e-03 5.652592e-04
292 4.945727e-03 5.586296e-04
293 4.889516e-03 5.520777e-04
294 4.833970e-03 5.456025e-04
295 4.779079e-03 5.392032e-04
296 4.724838e-03 5.328788e-04
297 4.671238e-03 5.266285e-04
298 4.618271e-03 5.204514e-04
299 4.565931e-03 5.143467e-04
300 4.514210e-03 5.083135e-04
301 4.463100e-03 5.023510e-04
302 4.412596e-03 4.964583e-04
303 4.362689e-03 4.906347e-04
304 4.313373e-03 4.848793e-04
305 4.264641e-03 4.791914e-04
306 4.216486e-03 4.735700e-04
307 4.168902e-03 4.680146e-04
308 4.121881e-03 4.625243e-04
309 4.075418e-03 4.570982e-04
310 4.029505e-03 4.517358e-04
311 3.984137e-03 4.464362e-04
312 3.939307e-03 4.411987e-04
313 3.895009e-03 4.360226e-04
314 3.851236e-03 4.309072e-04
315 3.807983e-03 4.258517e-04
316 3.765244e-03 4.208554e-04
317 3.723012e-03 4.159177e-04
318 3.681282e-03 4.110379e-04
319 3.640048e-03 4.062153e-04
320 3.599304e-03 4.014492e-04
321 3.559044e-03 3.967389e-04
322 3.519263e-03 3.920839e-04
323 3.479956e-03 3.874834e-04
324 3.441116e-03 3.829369e-04
325 3.402739e-03 3.784436e-04
326 3.364818e-03 3.740031e-04
327 3.327350e-03 3.696145e-04
328 3.290328e-03 3.652775e-04
329 3.253747e-03 3.609912e-04
330 3.217603e-03 3.567553e-04
331 3.181890e-03 3.525689e-04
332 3.146603e-03 3.484317e-04
333 3.111737e-03 3.443430e-04
334 3.077288e-03 3.403022e-04
335 3.043250e-03 3.363087e-04
336 3.009620e-03 3.323621e-04
337 2.976391e-03 3.284618e-04
338 2.943560e-03 3.246072e-04
339 2.911122e-03 3.207978e-04
340 2.879072e-03 3.170331e-04
341 2.847407e-03 3.133125e-04
342 2.816121e-03 3.096355e-04
343 2.785209e-03 3.060017e-04
344 2.754669e-03 3.024105e-04
345 2.724495e-03 2.988614e-04
346 2.694684e-03 2.953539e-04
347 2.665231e-03 2.918875e-04
348 2.636131e-03 2.884618e-04
349 2.607382e-03 2.850762e-04
350 2.578979e-03 2.817304e-04
351 2.550917e-03 2.784238e-04
352 2.523194e-03 2.751560e-04
353 2.495804e-03 2.719265e-04
354 2.468745e-03 2.687349e-04
355 2.442013e-03 2.655807e-04
356 2.415603e-03 2.624635e-04
357 2.389512e-03 2.593829e-04
358 2.363737e-03 2.563384e-04
359 2.338273e-03 2.533297e-04
360 2.313118e-03 2.503562e-04
361 2.288267e-03 2.474176e-04
362 2.263717e-03 2.445134e-04
363 2.239465e-03 2.416434e-04
364 2.215508e-03 2.388069e-04
365 2.191841e-03 2.360038e-04
366 2.168462e-03 2.332336e-04
367 2.145367e-03 2.304958e-04
368 2.122554e-03 2.277902e-04
369 2.100018e-03 2.251163e-04
370 2.077757e-03 2.224737e-04
371 2.055767e-03 2.198622e-04
372 2.034046e-03 2.172813e-04
373 2.012590e-03 2.147307e-04
374 1.991397e-03 2.122100e-04
375 1.970463e-03 2.097189e-04
376 1.949785e-03 2.072570e-04
377 1.929361e-03 2.048240e-04
378 1.909188e-03 2.024196e-04
379 1.889262e-03 2.000433e-04
380 1.869581e-03 1.976949e-04
381 1.850142e-03 1.953741e-04
382 1.830943e-03 1.930805e-04
383 1.811980e-03 1.908139e-04
384 1.793251e-03 1.885738e-04
385 1.774754e-03 1.863600e-04
386 1.756485e-03 1.841722e-04
387 1.738442e-03 1.820100e-04
388 1.720623e-03 1.798733e-04
389 1.703024e-03 1.777615e-04
390 1.685645e-03 1.756746e-04
391 1.668481e-03 1.736122e-04
392 1.651531e-03 1.715740e-04
393 1.634791e-03 1.695596e-04
394 1.618261e-03 1.675690e-04
395 1.601937e-03 1.656016e-04
396 1.585817e-03 1.636574e-04
397 1.569899e-03 1.617360e-04
398 1.554180e-03 1.598371e-04
399 1.538658e-03 1.579605e-04
400 1.523331e-03 1.561060e-04
401 1.508197e-03 1.542732e-04
402 1.493253e-03 1.524619e-04
403 1.478498e-03 1.506719e-04
404 1.463929e-03 1.489028e-04
405 1.449545e-03 1.471546e-04
406 1.435342e-03 1.454268e-04
407 1.421319e-03 1.437194e-04
408 1.407475e-03 1.420320e-04
409 1.393806e-03 1.403643e-04
410 1.380311e-03 1.387163e-04
411 1.366989e-03 1.370876e-04
412 1.353836e-03 1.354780e-04
413 1.340852e-03 1.338873e-04
414 1.328033e-03 1.323153e-04
415 1.315379e-03 1.307617e-04
416 1.302888e-03 1.292263e-04
417 1.290557e-03 1.277090e-04
418 1.278385e-03 1.262095e-04
419 1.266371e-03 1.247276e-04
420 1.254511e-03 1.232631e-04
421 1.242805e-03 1.218157e-04
422 1.231251e-03 1.203854e-04
423 1.219847e-03 1.189718e-04
424 1.208591e-03 1.175749e-04
425 1.197482e-03 1.161943e-04
426 1.186518e-03 1.148300e-04
427 1.175697e-03 1.134816e-04
428 1.165018e-03 1.121491e-04
429 1.154479e-03 1.108322e-04
430 1.144079e-03 1.095308e-04
431 1.133816e-03 1.082447e-04
432 1.123688e-03 1.069736e-04
433 1.113694e-03 1.057175e-04
434 1.103832e-03 1.044761e-04
435 1.094101e-03 1.032493e-04
436 1.084500e-03 1.020369e-04
437 1.075026e-03 1.008388e-04
438 1.065679e-03 9.965468e-05
439 1.056457e-03 9.848448e-05
440 1.047358e-03 9.732801e-05
441 1.038382e-03 9.618512e-05
442 1.029526e-03 9.505565e-05
443 1.020790e-03 9.393944e-05
444 1.012171e-03 9.283633e-05
445 1.003669e-03 9.174617e-05
446 9.952829e-04 9.066881e-05
447 9.870103e-04 8.960410e-05
448 9.788503e-04 8.855189e-05
449 9.708016e-04 8.751203e-05
450 9.628630e-04 8.648438e-05
451 9.550331e-04 8.546879e-05
452 9.473108e-04 8.446513e-05
453 9.396946e-04 8.347325e-05
454 9.321835e-04 8.249302e-05
455 9.247761e-04 8.152429e-05
456 9.174714e-04 8.056694e-05
457 9.102679e-04 7.962082e-05
458 9.031647e-04 7.868582e-05
459 8.961605e-04 7.776179e-05
460 8.892540e-04 7.684861e-05
461 8.824443e-04 7.594615e-05
462 8.757301e-04 7.505429e-05
463 8.691103e-04 7.417290e-05
464 8.625838e-04 7.330185e-05
465 8.561494e-04 7.244104e-05
466 8.498061e-04 7.159033e-05
467 8.435528e-04 7.074961e-05
468 8.373883e-04 6.991876e-05
469 8.313118e-04 6.909766e-05
470 8.253219e-04 6.828621e-05
471 8.194178e-04 6.748428e-05
472 8.135984e-04 6.669177e-05
473 8.078626e-04 6.590857e-05
474 8.022095e-04 6.513456e-05
475 7.966380e-04 6.436963e-05
476 7.911471e-04 6.361369e-05
477 7.857359e-04 6.286663e-05
478 7.804033e-04 6.212834e-05
479 7.751484e-04 6.139871e-05
480 7.699702e-04 6.067766e-05
481 7.648678e-04 5.996507e-05
482 7.598402e-04 5.926084e-05
483 7.548864e-04 5.856489e-05
484 7.500057e-04 5.787711e-05
485 7.451970e-04 5.719740e-05
486 7.404594e-04 5.652568e-05
487 7.357920e-04 5.586184e-05
488 7.311940e-04 5.520580e-05
489 7.266645e-04 5.455746e-05
490 7.222025e-04 5.391673e-05
491 7.178072e-04 5.328353e-05
492 7.134778e-04 5.265776e-05
493 7.092134e-04 5.203934e-05
494 7.050131e-04 5.142818e-05
495 7.008762e-04 5.082420e-05
496 6.968017e-04 5.022731e-05
497 6.927890e-04 4.963743e-05
498 6.888371e-04 4.905448e-05
499 6.849452e-04 4.847837e-05
500 6.811126e-04 4.790903e-05
501 6.773386e-04 4.734637e-05
502 6.736222e-04 4.679032e-05
503 6.699627e-04 4.624080e-05
504 6.663594e-04 4.569773e-05
505 6.628115e-04 4.516104e-05
506 6.593182e-04 4.463065e-05
507 6.558789e-04 4.410649e-05
508 6.524927e-04 4.358849e-05
509 6.491590e-04 4.307656e-05
510 6.458771e-04 4.257065e-05
511 6.426461e-04 4.207068e-05
512 6.394654e-04 4.157658e-05
513 6.363344e-04 4.108829e-05
514 6.332523e-04 4.060573e-05
515 6.302184e-04 4.012883e-05
516 6.272321e-04 3.965754e-05
517 6.242926e-04 3.919177e-05
518 6.213994e-04 3.873148e-05
519 6.185518e-04 3.827660e-05
520 6.157491e-04 3.782705e-05
521 6.129907e-04 3.738279e-05
522 6.102759e-04 3.694374e-05
523 6.076041e-04 3.650985e-05
524 6.049747e-04 3.608105e-05
525 6.023871e-04 3.565729e-05
526 5.998407e-04 3.523851e-05
527 5.973349e-04 3.482464e-05
528 5.948690e-04 3.441564e-05
529 5.924426e-04 3.401143e-05
530 5.900549e-04 3.361198e-05
531 5.877055e-04 3.321721e-05
532 5.853938e-04 3.282708e-05
533 5.831191e-04 3.244154e-05
534 5.808811e-04 3.206052e-05
535 5.786790e-04 3.168397e-05
536 5.765124e-04 3.131185e-05
537 5.743807e-04 3.094410e-05
538 5.722835e-04 3.058066e-05
539 5.702201e-04 3.022150e-05
540 5.681901e-04 2.986655e-05
541 5.661929e-04 2.951577e-05
542 5.642282e-04 2.916911e-05
543 5.622952e-04 2.882652e-05
544 5.603937e-04 2.848795e-05
545 5.585230e-04 2.815336e-05
546 5.566827e-04 2.782270e-05
547 5.548724e-04 2.749593e-05
548 5.530915e-04 2.717299e-05
549 5.513396e-04 2.685384e-05
550 5.496163e-04 2.653844e-05
551 5.479211e-04 2.622675e-05
552 5.462535e-04 2.591872e-05
553 5.446132e-04 2.561430e-05
554 5.429997e-04 2.531346e-05
555 5.414126e-04 2.501615e-05
556 5.398514e-04 2.472234e-05
557 5.383157e-04 2.443197e-05
558 5.368052e-04 2.414501e-05
559 5.353194e-04 2.386143e-05
560 5.338579e-04 2.358117e-05
561 5.324204e-04 2.330421e-05
562 5.310064e-04 2.303050e-05
563 5.296156e-04 2.276000e-05
564 5.282476e-04 2.249268e-05
565 5.269021e-04 2.222850e-05
566 5.255786e-04 2.196743e-05
567 5.242768e-04 2.170942e-05
568 5.229964e-04 2.145444e-05
569 5.217369e-04 2.120245e-05
570 5.204982e-04 2.095342e-05
571 5.192797e-04 2.070732e-05
572 5.180813e-04 2.046411e-05
573 5.169025e-04 2.022375e-05
574 5.157430e-04 1.998622e-05
575 5.146026e-04 1.975148e-05
576 5.134808e-04 1.951949e-05
577 5.123775e-04 1.929023e-05
578 5.112922e-04 1.906366e-05
579 5.102248e-04 1.883976e-05
580 5.091748e-04 1.861848e-05
581 5.081420e-04 1.839980e-05
582 5.071261e-04 1.818369e-05
583 5.061269e-04 1.797011e-05
584 5.051440e-04 1.775905e-05
585 5.041772e-04 1.755046e-05
586 5.032263e-04 1.734433e-05
587 5.022908e-04 1.714061e-05
588 5.013707e-04 1.693929e-05
589 5.004655e-04 1.674033e-05
590 4.995752e-04 1.654371e-05
591 4.986994e-04 1.634940e-05
592 4.978378e-04 1.615737e-05
593 4.969903e-04 1.596760e-05
594 4.961567e-04 1.578005e-05
595 4.953365e-04 1.559471e-05
596 4.945298e-04 1.541154e-05
597 4.937361e-04 1.523053e-05
598 4.929553e-04 1.505164e-05
599 4.921873e-04 1.487485e-05
600 4.914316e-04 1.470014e-05
601 4.906883e-04 1.452748e-05
602 4.899569e-04 1.435685e-05
603 4.892375e-04 1.418823e-05
604 4.885296e-04 1.402158e-05
605 4.878332e-04 1.385689e-05
606 4.871480e-04 1.369413e-05
607 4.864739e-04 1.353329e-05
608 4.858107e-04 1.337434e-05
609 4.851581e-04 1.321725e-05
610 4.845161e-04 1.306201e-05
611 4.838843e-04 1.290859e-05
612 4.832627e-04 1.275697e-05
613 4.826511e-04 1.260713e-05
614 4.820493e-04 1.245906e-05
615 4.814571e-04 1.231272e-05
616 4.808745e-04 1.216810e-05
617 4.803011e-04 1.202518e-05
618 4.797368e-04 1.188394e-05
619 4.791816e-04 1.174435e-05
620 4.786352e-04 1.160641e-05
621 4.780975e-04 1.147009e-05
622 4.775684e-04 1.133537e-05
623 4.770477e-04 1.120223e-05
624 4.765352e-04 1.107065e-05
625 4.760308e-04 1.094062e-05
626 4.755344e-04 1.081212e-05
627 4.750459e-04 1.068512e-05
628 4.745651e-04 1.055962e-05
629 4.740918e-04 1.043559e-05
630 4.736261e-04 1.031302e-05
631 4.731676e-04 1.019189e-05
632 4.727163e-04 1.007218e-05
633 4.722722e-04 9.953874e-06
634 4.718350e-04 9.836960e-06
635 4.714046e-04 9.721419e-06
636 4.709810e-04 9.607236e-06
637 4.705639e-04 9.494393e-06
638 4.701534e-04 9.382876e-06
639 4.697493e-04 9.272669e-06
640 4.693514e-04 9.163756e-06
641 4.689597e-04 9.056122e-06
642 4.685742e-04 8.949752e-06
643 4.681945e-04 8.844632e-06
644 4.678208e-04 8.740746e-06
645 4.674528e-04 8.638081e-06
646 4.670905e-04 8.536622e-06
647 4.667338e-04 8.436354e-06
648 4.663826e-04 8.337263e-06
649 4.660367e-04 8.239337e-06
650 4.656962e-04 8.142561e-06
651 4.653609e-04 8.046921e-06
652 4.650307e-04 7.952405e-06
653 4.647056e-04 7.858999e-06
654 4.643854e-04 7.766690e-06
655 4.640701e-04 7.675466e-06
656 4.637596e-04 7.585312e-06
657 4.634538e-04 7.496218e-06
658 4.631526e-04 7.408170e-06
659 4.628561e-04 7.321156e-06
660 4.625640e-04 7.235164e-06
661 4.622763e-04 7.150183e-06
662 4.619929e-04 7.066199e-06
663 4.617138e-04 6.983202e-06
664 4.614389e-04 6.901179e-06
665 4.611682e-04 6.820120e-06
666 4.609015e-04 6.740014e-06
667 4.606388e-04 6.660847e-06
668 4.603800e-04 6.582611e-06
669 4.601251e-04 6.505294e-06
670 4.598740e-04 6.428885e-06
671 4.596266e-04 6.353373e-06
672 4.593829e-04 6.278749e-06
673 4.591428e-04 6.205000e-06
674 4.589063e-04 6.132118e-06
675 4.586732e-04 6.060092e-06
676 4.584436e-04 5.988912e-06
677 4.582174e-04 5.918568e-06
678 4.579946e-04 5.849051e-06
679 4.577750e-04 5.780349e-06
680 4.575586e-04 5.712455e-06
681 4.573454e-04 5.645358e-06
682 4.571354e-04 5.579049e-06
683 4.569284e-04 5.513520e-06
684 4.567244e-04 5.448759e-06
685 4.565234e-04 5.384760e-06
686 4.563253e-04 5.321512e-06
687 4.561301e-04 5.259007e-06
688 4.559377e-04 5.197236e-06
689 4.557482e-04 5.136191e-06
690 4.555613e-04 5.075862e-06
691 4.553772e-04 5.016243e-06
692 4.551957e-04 4.957323e-06
693 4.550168e-04 4.899096e-06
694 4.548406e-04 4.841552e-06
695 4.546668e-04 4.784685e-06
696 4.544955e-04 4.728485e-06
697 4.543267e-04 4.672945e-06
698 4.541603e-04 4.618058e-06
699 4.539963e-04 4.563816e-06
700 4.538346e-04 4.510210e-06
701 4.536753e-04 4.457234e-06
702 4.535181e-04 4.404881e-06
703 4.533633e-04 4.353142e-06
704 4.532106e-04 4.302011e-06
705 4.530601e-04 4.251481e-06
706 4.529117e-04 4.201544e-06
707 4.527654e-04 4.152194e-06
708 4.526211e-04 4.103423e-06
709 4.524789e-04 4.055225e-06
710 4.523387e-04 4.007593e-06
711 4.522005e-04 3.960521e-06
712 4.520642e-04 3.914002e-06
713 4.519298e-04 3.868029e-06
714 4.517973e-04 3.822596e-06
715 4.516666e-04 3.777696e-06
716 4.515378e-04 3.733325e-06
717 4.514107e-04 3.689474e-06
718 4.512855e-04 3.646138e-06
719 4.511619e-04 3.603311e-06
720 4.510401e-04 3.560988e-06
721 4.509200e-04 3.519161e-06
722 4.508015e-04 3.477826e-06
723 4.506846e-04 3.436976e-06
724 4.505694e-04 3.396606e-06
725 4.504558e-04 3.356710e-06
726 4.503437e-04 3.317283e-06
727 4.502332e-04 3.278319e-06
728 4.501241e-04 3.239812e-06
729 4.500166e-04 3.201758e-06
730 4.499106e-04 3.164151e-06
731 4.498059e-04 3.126985e-06
732 4.497028e-04 3.090257e-06
733 4.496010e-04 3.053959e-06
734 4.495006e-04 3.018088e-06
735 4.494016e-04 2.982638e-06
736 4.493039e-04 2.947604e-06
737 4.492076e-04 2.912982e-06
738 4.491125e-04 2.878767e-06
739 4.490188e-04 2.844954e-06
740 4.489263e-04 2.811537e-06
741 4.488350e-04 2.778514e-06
742 4.487450e-04 2.745878e-06
743 4.486562e-04 2.713625e-06
744 4.485686e-04 2.681751e-06
745 4.484822e-04 2.650252e-06
746 4.483969e-04 2.619123e-06
747 4.483128e-04 2.588359e-06
748 4.482298e-04 2.557957e-06
749 4.481479e-04 2.527911e-06
750 4.480671e-04 2.498219e-06
751 4.479873e-04 2.468875e-06
752 4.479087e-04 2.439876e-06
753 4.478311e-04 2.411218e-06
754 4.477545e-04 2.382896e-06
755 4.476789e-04 2.354907e-06
756 4.476044e-04 2.327247e-06
757 4.475308e-04 2.299911e-06
758 4.474582e-04 2.272897e-06
759 4.473865e-04 2.246200e-06
760 4.473159e-04 2.219817e-06
761 4.472461e-04 2.193743e-06
762 4.471772e-04 2.167976e-06
763 4.471093e-04 2.142511e-06
764 4.470423e-04 2.117345e-06
765 4.469761e-04 2.092475e-06
766 4.469108e-04 2.067898e-06
767 4.468464e-04 2.043608e-06
768 4.467828e-04 2.019605e-06
769 4.467200e-04 1.995883e-06
770 4.466581e-04 1.972439e-06
771 4.465969e-04 1.949271e-06
772 4.465366e-04 1.926376e-06
773 4.464770e-04 1.903749e-06
774 4.464182e-04 1.881388e-06
775 4.463602e-04 1.859289e-06
776 4.463030e-04 1.837450e-06
777 4.462465e-04 1.815868e-06
778 4.461907e-04 1.794539e-06
779 4.461356e-04 1.773460e-06
780 4.460813e-04 1.752630e-06
781 4.460276e-04 1.732044e-06
782 4.459747e-04 1.711699e-06
783 4.459224e-04 1.691594e-06
784 4.458708e-04 1.671725e-06
785 4.458199e-04 1.652089e-06
786 4.457696e-04 1.632684e-06
787 4.457199e-04 1.613506e-06
788 4.456710e-04 1.594554e-06
789 4.456226e-04 1.575825e-06
790 4.455748e-04 1.557316e-06
791 4.455277e-04 1.539024e-06
792 4.454812e-04 1.520946e-06
793 4.454352e-04 1.503082e-06
794 4.453899e-04 1.485427e-06
795 4.453451e-04 1.467979e-06
796 4.453009e-04 1.450736e-06
797 4.452573e-04 1.433696e-06
798 4.452142e-04 1.416856e-06
799 4.451717e-04 1.400214e-06
800 4.451297e-04 1.383767e-06
801 4.450882e-04 1.367514e-06
802 4.450473e-04 1.351451e-06
803 4.450069e-04 1.335577e-06
804 4.449670e-04 1.319890e-06
805 4.449276e-04 1.304387e-06
806 4.448887e-04 1.289065e-06
807 4.448503e-04 1.273924e-06
808 4.448124e-04 1.258961e-06
809 4.447750e-04 1.244173e-06
810 4.447380e-04 1.229559e-06
811 4.447015e-04 1.215117e-06
812 4.446654e-04 1.200845e-06
813 4.446299e-04 1.186740e-06
814 4.445947e-04 1.172800e-06
815 4.445600e-04 1.159025e-06
816 4.445258e-04 1.145411e-06
817 4.444919e-04 1.131957e-06
818 4.444585e-04 1.118661e-06
819 4.444255e-04 1.105522e-06
820 4.443930e-04 1.092536e-06
821 4.443608e-04 1.079704e-06
822 4.443290e-04 1.067022e-06
823 4.442977e-04 1.054489e-06
824 4.442667e-04 1.042103e-06
825 4.442361e-04 1.029862e-06
826 4.442059e-04 1.017766e-06
827 4.441761e-04 1.005811e-06
828 4.441466e-04 9.939970e-07
829 4.441175e-04 9.823216e-07
830 4.440888e-04 9.707834e-07
831 4.440604e-04 9.593807e-07
832 4.440324e-04 9.481119e-07
833 4.440047e-04 9.369755e-07
834 4.439774e-04 9.259699e-07
835 4.439504e-04 9.150936e-07
836 4.439237e-04 9.043450e-07
837 4.438974e-04 8.937227e-07
838 4.438714e-04 8.832252e-07
839 4.438457e-04 8.728509e-07
840 4.438204e-04 8.625985e-07
841 4.437953e-04 8.524666e-07
842 4.437706e-04 8.424536e-07
843 4.437462e-04 8.325582e-07
844 4.437221e-04 8.227791e-07
845 4.436982e-04 8.131149e-07
846 4.436747e-04 8.035641e-07
847 4.436514e-04 7.941255e-07
848 4.436285e-04 7.847978e-07
849 4.436058e-04 7.755797e-07
850 4.435834e-04 7.664698e-07
851 4.435613e-04 7.574670e-07
852 4.435394e-04 7.485699e-07
853 4.435179e-04 7.397773e-07
854 4.434965e-04 7.310879e-07
855 4.434755e-04 7.225007e-07
856 4.434547e-04 7.140143e-07
857 4.434342e-04 7.056275e-07
858 4.434139e-04 6.973393e-07
859 4.433938e-04 6.891485e-07
860 4.433740e-04 6.810538e-07
861 4.433545e-04 6.730542e-07
862 4.433352e-04 6.651486e-07
863 4.433161e-04 6.573359e-07
864 4.432973e-04 6.496149e-07
865 4.432786e-04 6.419846e-07
866 4.432603e-04 6.344439e-07
867 4.432421e-04 6.269918e-07
868 4.432242e-04 6.196272e-07
869 4.432064e-04 6.123492e-07
870 4.431889e-04 6.051566e-07
871 4.431716e-04 5.980485e-07
872 4.431546e-04 5.910239e-07
873 4.431377e-04 5.840818e-07
874 4.431210e-04 5.772212e-07
875 4.431046e-04 5.704412e-07
876 4.430883e-04 5.637409e-07
877 4.430722e-04 5.571193e-07
878 4.430564e-04 5.505754e-07
879 4.430407e-04 5.441084e-07
880 4.430252e-04 5.377174e-07
881 4.430099e-04 5.314014e-07
882 4.429948e-04 5.251596e-07
883 4.429798e-04 5.189912e-07
884 4.429651e-04 5.128952e-07
885 4.429505e-04 5.068708e-07
886 4.429361e-04 5.009171e-07
887 4.429219e-04 4.950334e-07
888 4.429079e-04 4.892188e-07
889 4.428940e-04 4.834725e-07
890 4.428803e-04 4.777937e-07
891 4.428667e-04 4.721816e-07
892 4.428534e-04 4.666354e-07
893 4.428401e-04 4.611543e-07
894 4.428271e-04 4.557377e-07
895 4.428142e-04 4.503846e-07
896 4.428014e-04 4.450945e-07
897 4.427889e-04 4.398664e-07
898 4.427764e-04 4.346998e-07
899 4.427641e-04 4.295939e-07
900 4.427520e-04 4.245479e-07
901 4.427400e-04 4.195612e-07
902 4.427282e-04 4.146331e-07
903 4.427164e-04 4.097629e-07
904 4.427049e-04 4.049498e-07
905 4.426935e-04 4.001933e-07
906 4.426822e-04 3.954927e-07
907 4.426710e-04 3.908473e-07
908 4.426600e-04 3.862564e-07
909 4.426491e-04 3.817195e-07
910 4.426384e-04 3.772359e-07
911 4.426277e-04 3.728049e-07
912 4.426172e-04 3.684260e-07
913 4.426069e-04 3.640985e-07
914 4.425966e-04 3.598218e-07
915 4.425865e-04 3.555954e-07
916 4.425765e-04 3.514186e-07
917 4.425666e-04 3.472909e-07
918 4.425569e-04 3.432117e-07
919 4.425472e-04 3.391803e-07
920 4.425377e-04 3.351964e-07
921 4.425283e-04 3.312592e-07
922 4.425190e-04 3.273682e-07
923 4.425098e-04 3.235230e-07
924 4.425007e-04 3.197229e-07
925 4.424917e-04 3.159675e-07
926 4.424829e-04 3.122562e-07
927 4.424741e-04 3.085885e-07
928 4.424655e-04 3.049638e-07
929 4.424569e-04 3.013818e-07
930 4.424485e-04 2.978418e-07
931 4.424401e-04 2.943433e-07
932 4.424319e-04 2.908860e-07
933 4.424237e-04 2.874693e-07
934 4.424157e-04 2.840927e-07
935 4.424077e-04 2.807558e-07
936 4.423999e-04 2.774581e-07
937 4.423921e-04 2.741991e-07
938 4.423844e-04 2.709784e-07
939 4.423768e-04 2.677955e-07
940 4.423694e-04 2.646500e-07
941 4.423620e-04 2.615414e-07
942 4.423546e-04 2.584694e-07
943 4.423474e-04 2.554334e-07
944 4.423403e-04 2.524331e-07
945 4.423332e-04 2.494681e-07
946 4.423263e-04 2.465379e-07
947 4.423194e-04 2.436421e-07
948 4.423126e-04 2.407803e-07
949 4.423058e-04 2.379521e-07
950 4.422992e-04 2.351571e-07
951 4.422926e-04 2.323950e-07
952 4.422862e-04 2.296653e-07
953 4.422798e-04 2.269677e-07
954 4.422734e-04 2.243017e-07
955 4.422672e-04 2.216671e-07
956 4.422610e-04 2.190634e-07
957 4.422549e-04 2.164903e-07
958 4.422488e-04 2.139475e-07
959 4.422429e-04 2.114345e-07
960 4.422370e-04 2.089510e-07
961 4.422312e-04 2.064967e-07
962 4.422254e-04 2.040712e-07
963 4.422197e-04 2.016742e-07
964 4.422141e-04 1.993053e-07
965 4.422086e-04 1.969643e-07
966 4.422031e-04 1.946508e-07
967 4.421977e-04 1.923644e-07
968 4.421923e-04 1.901050e-07
969 4.421870e-04 1.878720e-07
970 4.421818e-04 1.856653e-07
971 4.421766e-04 1.834845e-07
972 4.421715e-04 1.813293e-07
973 4.421665e-04 1.791994e-07
974 4.421615e-04 1.770945e-07
975 4.421566e-04 1.750144e-07
976 4.421517e-04 1.729587e-07
977 4.421469e-04 1.709272e-07
978 4.421422e-04 1.689195e-07
979 4.421375e-04 1.669354e-07
980 4.421328e-04 1.649745e-07
981 4.421282e-04 1.630368e-07
982 4.421237e-04 1.611218e-07
983 4.421192e-04 1.592292e-07
984 4.421148e-04 1.573590e-07
985 4.421104e-04 1.555106e-07
986 4.421061e-04 1.536840e-07
987 4.421019e-04 1.518789e-07
988 4.420976e-04 1.500949e-07
989 4.420935e-04 1.483319e-07
990 4.420894e-04 1.465896e-07
991 4.420853e-04 1.448678e-07
992 4.420813e-04 1.431662e-07
993 4.420773e-04 1.414846e-07
994 4.420734e-04 1.398227e-07
995 4.420695e-04 1.381804e-07
996 4.420657e-04 1.365573e-07
997 4.420619e-04 1.349533e-07
998 4.420581e-04 1.333682e-07
999 4.420544e-04 1.318016e-07
1000 4.420508e-04 1.302535e-07
1001 4.420472e-04 1.287236e-07
1002 4.420436e-04 1.272116e-07
1003 4.420401e-04 1.257174e-07
1004 4.420366e-04 1.242407e-07
1005 4.420332e-04 1.227814e-07
1006 4.420298e-04 1.213392e-07
1007 4.420264e-04 1.199140e-07
1008 4.420231e-04 1.185055e-07
1009 4.420198e-04 1.171135e-07
1010 4.420165e-04 1.157379e-07
1011 4.420133e-04 1.143785e-07
1012 4.420102e-04 1.130350e-07
1013 4.420070e-04 1.117073e-07
1014 4.420040e-04 1.103952e-07
1015 4.420009e-04 1.090985e-07
1016 4.419979e-04 1.078171e-07
1017 4.419949e-04 1.065507e-07
1018 4.419919e-04 1.052991e-07
1019 4.419890e-04 1.040623e-07
1020 4.419862e-04 1.028400e-07
1021 4.419833e-04 1.016320e-07
1022 4.419805e-04 1.004383e-07
1023 4.419777e-04 9.925854e-08
1024 4.419750e-04 9.809265e-08
1025 4.419723e-04 9.694047e-08
1026 4.419696e-04 9.580182e-08
1027 4.419669e-04 9.467654e-08
1028 4.419643e-04 9.356448e-08
1029 4.419617e-04 9.246548e-08
1030 4.419592e-04 9.137939e-08
1031 4.419566e-04 9.030605e-08
1032 4.419541e-04 8.924533e-08
1033 4.419517e-04 8.819706e-08
1034 4.419492e-04 8.716111e-08
1035 4.419468e-04 8.613732e-08
1036 4.419444e-04 8.512556e-08
1037 4.419421e-04 8.412569e-08
1038 4.419398e-04 8.313755e-08
1039 4.419375e-04 8.216103e-08
1040 4.419352e-04 8.119597e-08
1041 4.419330e-04 8.024225e-08
1042 4.419307e-04 7.929974e-08
1043 4.419286e-04 7.836829e-08
1044 4.419264e-04 7.744778e-08
1045 4.419242e-04 7.653809e-08
1046 4.419221e-04 7.563908e-08
1047 4.419200e-04 7.475063e-08
1048 4.419180e-04 7.387262e-08
1049 4.419159e-04 7.300492e-08
1050 4.419139e-04 7.214741e-08
1051 4.419119e-04 7.129997e-08
1052 4.419100e-04 7.046249e-08
1053 4.419080e-04 6.963485e-08
1054 4.419061e-04 6.881692e-08
1055 4.419042e-04 6.800861e-08
1056 4.419023e-04 6.720978e-08
1057 4.419005e-04 6.642034e-08
1058 4.418986e-04 6.564018e-08
1059 4.418968e-04 6.486917e-08
1060 4.418950e-04 6.410723e-08
1061 4.418933e-04 6.335423e-08
1062 4.418915e-04 6.261008e-08
1063 4.418898e-04 6.187467e-08
1064 4.418881e-04 6.114789e-08
1065 4.418864e-04 6.042966e-08
1066 4.418847e-04 5.971985e-08
1067 4.418831e-04 5.901839e-08
1068 4.418814e-04 5.832517e-08
1069 4.418798e-04 5.764009e-08
1070 4.418782e-04 5.696305e-08
1071 4.418767e-04 5.629397e-08
1072 4.418751e-04 5.563275e-08
1073 4.418736e-04 5.497929e-08
1074 4.418721e-04 5.433351e-08
1075 4.418706e-04 5.369531e-08
1076 4.418691e-04 5.306461e-08
1077 4.418676e-04 5.244132e-08
1078 4.418662e-04 5.182535e-08
1079 4.418647e-04 5.121661e-08
1080 4.418633e-04 5.061503e-08
1081 4.418619e-04 5.002051e-08
1082 4.418606e-04 4.943297e-08
1083 4.418592e-04 4.885234e-08
1084 4.418579e-04 4.827852e-08
1085 4.418565e-04 4.771145e-08
1086 4.418552e-04 4.715104e-08
1087 4.418539e-04 4.659720e-08
1088 4.418526e-04 4.604988e-08
1089 4.418514e-04 4.550898e-08
1090 4.418501e-04 4.497444e-08
1091 4.418489e-04 4.444617e-08
1092 4.418476e-04 4.392411e-08
1093 4.418464e-04 4.340818e-08
1094 4.418452e-04 4.289832e-08
1095 4.418440e-04 4.239444e-08
1096 4.418429e-04 4.189648e-08
1097 4.418417e-04 4.140436e-08
1098 4.418406e-04 4.091803e-08
1099 4.418395e-04 4.043741e-08
1100 4.418383e-04 3.996244e-08
1101 4.418372e-04 3.949304e-08
1102 4.418361e-04 3.902916e-08
1103 4.418351e-04 3.857073e-08
1104 4.418340e-04 3.811768e-08
1105 4.418330e-04 3.766996e-08
1106 4.418319e-04 3.722749e-08
1107 4.418309e-04 3.679022e-08
1108 4.418299e-04 3.635808e-08
1109 4.418289e-04 3.593103e-08
1110 4.418279e-04 3.550898e-08
1111 4.418269e-04 3.509190e-08
1112 4.418259e-04 3.467971e-08
1113 4.418250e-04 3.427237e-08
1114 4.418240e-04 3.386981e-08
1115 4.418231e-04 3.347198e-08
1116 4.418222e-04 3.307882e-08
1117 4.418213e-04 3.269028e-08
1118 4.418204e-04 3.230630e-08
1119 4.418195e-04 3.192683e-08
1120 4.418186e-04 3.155182e-08
1121 4.418177e-04 3.118122e-08
1122 4.418169e-04 3.081497e-08
1123 4.418160e-04 3.045302e-08
1124 4.418152e-04 3.009532e-08
1125 4.418144e-04 2.974182e-08
1126 4.418135e-04 2.939248e-08
1127 4.418127e-04 2.904724e-08
1128 4.418119e-04 2.870605e-08
1129 4.418111e-04 2.836887e-08
1130 4.418104e-04 2.803566e-08
1131 4.418096e-04 2.770635e-08
1132 4.418088e-04 2.738092e-08
1133 4.418081e-04 2.705930e-08
1134 4.418073e-04 2.674147e-08
1135 4.418066e-04 2.642736e-08
1136 4.418059e-04 2.611695e-08
1137 4.418052e-04 2.581018e-08
1138 4.418044e-04 2.550702e-08
1139 4.418037e-04 2.520742e-08
1140 4.418030e-04 2.491133e-08
1141 4.418024e-04 2.461873e-08
1142 4.418017e-04 2.432956e-08
1143 4.418010e-04 2.404379e-08
1144 4.418004e-04 2.376137e-08
1145 4.417997e-04 2.348227e-08
1146 4.417991e-04 2.320645e-08
1147 4.417984e-04 2.293387e-08
1148 4.417978e-04 2.266449e-08
1149 4.417972e-04 2.239828e-08
1150 4.417965e-04 2.213519e-08
1151 4.417959e-04 2.187519e-08
1152 4.417953e-04 2.161825e-08
1153 4.417947e-04 2.136432e-08
1154 4.417941e-04 2.111338e-08
1155 4.417936e-04 2.086538e-08
1156 4.417930e-04 2.062030e-08
1157 4.417924e-04 2.037809e-08
1158 4.417919e-04 2.013874e-08
1159 4.417913e-04 1.990219e-08
1160 4.417908e-04 1.966842e-08
1161 4.417902e-04 1.943740e-08
1162 4.417897e-04 1.920909e-08
1163 4.417892e-04 1.898346e-08
1164 4.417886e-04 1.876048e-08
1165 4.417881e-04 1.854012e-08
1166 4.417876e-04 1.832235e-08
1167 4.417871e-04 1.810714e-08
1168 4.417866e-04 1.789445e-08
1169 4.417861e-04 1.768427e-08
1170 4.417856e-04 1.747655e-08
1171 4.417851e-04 1.727127e-08
1172 4.417847e-04 1.706841e-08
1173 4.417842e-04 1.686792e-08
1174 4.417837e-04 1.666979e-08
1175 4.417833e-04 1.647399e-08
1176 4.417828e-04 1.628049e-08
1177 4.417824e-04 1.608926e-08
1178 4.417819e-04 1.590028e-08
1179 4.417815e-04 1.571351e-08
1180 4.417811e-04 1.552894e-08
1181 4.417806e-04 1.534654e-08
1182 4.417802e-04 1.516628e-08
1183 4.417798e-04 1.498814e-08
1184 4.417794e-04 1.481209e-08
1185 4.417790e-04 1.463811e-08
1186 4.417786e-04 1.446617e-08
1187 4.417782e-04 1.429626e-08
1188 4.417778e-04 1.412833e-08
1189 4.417774e-04 1.396238e-08
1190 4.417770e-04 1.379838e-08
1191 4.417766e-04 1.363631e-08
1192 4.417763e-04 1.347614e-08
1193 4.417759e-04 1.331785e-08
1194 4.417755e-04 1.316142e-08
1195 4.417752e-04 1.300683e-08
1196 4.417748e-04 1.285405e-08
1197 4.417744e-04 1.270307e-08
1198 4.417741e-04 1.255386e-08
1199 4.417738e-04 1.240640e-08
1200 4.417734e-04 1.226068e-08
1201 4.417731e-04 1.211666e-08
1202 4.417727e-04 1.197434e-08
1203 4.417724e-04 1.183369e-08
1204 4.417721e-04 1.169470e-08
1205 4.417718e-04 1.155733e-08
1206 4.417714e-04 1.142158e-08
1207 4.417711e-04 1.128742e-08
1208 4.417708e-04 1.115484e-08
1209 4.417705e-04 1.102382e-08
1210 4.417702e-04 1.089433e-08
1211 4.417699e-04 1.076637e-08
1212 4.417696e-04 1.063991e-08
1213 4.417693e-04 1.051493e-08
1214 4.417690e-04 1.039143e-08
1215 4.417687e-04 1.026937e-08
1216 4.417685e-04 1.014875e-08
1217 4.417682e-04 1.002954e-08
1218 4.417679e-04 9.911735e-09
