# step err_l2 res_l2
0 2.449623e-01 1.000000e+00
1 1.909835e-01 3.261572e-01
2 1.550697e-01 2.414297e-01
3 1.336647e-01 3.154994e-01
4 1.384005e-01 7.078371e-01
5 2.607919e-01 2.212920e+00
6 8.417218e-01 7.996988e+00
7 3.093336e+00 3.001682e+01
8 1.162601e+01 1.134909e+02
9 4.390379e+01 4.295074e+02
10 1.659974e+02 1.625358e+03
11 6.278525e+02 6.149892e+03
12 2.375025e+03 2.326748e+04
13 8.984621e+03 8.802631e+04
14 3.398913e+04 3.330175e+05
15 1.285831e+05 1.259846e+06
16 4.864405e+05 4.766132e+06
17 1.840247e+06 1.803075e+07
18 6.961822e+06 6.821207e+07
19 2.633722e+07 2.580527e+08
20 9.963614e+07 9.762377e+08
21 3.769328e+08 3.693199e+09
22 1.425972e+09 1.397172e+10
23 5.394585e+09 5.285631e+10
24 2.040822e+10 1.999604e+11
25 7.720621e+10 7.564688e+11
26 2.920783e+11 2.861792e+12
27 1.104960e+12 1.082643e+13
28 4.180165e+12 4.095739e+13
29 1.581396e+13 1.549456e+14
30 5.982567e+13 5.861738e+14
31 2.263261e+14 2.217550e+15
32 8.562129e+14 8.389200e+15
33 3.239133e+15 3.173713e+16
34 1.225394e+16 1.200645e+17
35 4.635782e+16 4.542153e+17
36 1.753760e+17 1.718339e+18
37 6.634637e+17 6.500637e+18
38 2.509945e+18 2.459252e+19
39 9.495357e+18 9.303579e+19
40 3.592182e+19 3.519631e+20
41 1.358956e+20 1.331509e+21
42 5.141058e+20 5.037224e+21
43 1.944910e+21 1.905629e+22
44 7.357778e+21 7.209173e+22
45 2.783516e+22 2.727298e+23
46 1.053030e+23 1.031762e+24
47 3.983712e+23 3.903253e+24
48 1.507075e+24 1.476637e+25
49 5.701407e+24 5.586256e+25
50 2.156896e+25 2.113333e+26
51 8.159738e+25 7.994936e+26
52 3.086905e+26 3.024559e+27
53 1.167805e+27 1.144219e+28
54 4.417916e+27 4.328687e+28
55 1.671339e+28 1.637583e+29
56 6.322831e+28 6.195129e+29
57 2.391986e+29 2.343675e+30
58 9.049107e+29 8.866343e+30
59 3.423362e+30 3.354220e+31
60 1.295090e+31 1.268933e+32
61 4.899446e+31 4.800492e+32
62 1.853506e+32 1.816071e+33
63 7.011987e+32 6.870367e+33
64 2.652700e+33 2.599124e+34
65 1.003541e+34 9.832729e+34
66 3.796491e+34 3.719813e+35
67 1.436248e+35 1.407240e+36
68 5.433460e+35 5.323721e+36
69 2.055529e+36 2.014013e+37
70 7.776258e+36 7.619201e+37
71 2.941831e+37 2.882415e+38
72 1.112922e+38 1.090445e+39
73 4.210289e+38 4.125254e+39
74 1.592792e+39 1.560622e+40
75 6.025680e+39 5.903979e+40
76 2.279571e+40 2.233531e+41
77 8.623830e+40 8.449655e+41
78 3.262476e+41 3.196584e+42
79 1.234225e+42 1.209297e+43
80 4.669189e+42 4.574885e+43
81 1.766398e+43 1.730722e+44
82 6.682448e+43 6.547483e+44
83 2.528033e+44 2.476974e+45
84 9.563784e+44 9.370624e+45
85 3.618069e+45 3.544995e+46
86 1.368749e+46 1.341105e+47
87 5.178106e+46 5.073524e+47
88 1.958926e+47 1.919362e+48
89 7.410801e+47 7.261125e+48
90 2.803575e+48 2.746951e+49
91 1.060619e+49 1.039197e+50
92 4.012420e+49 3.931381e+50
93 1.517936e+50 1.487278e+51
94 5.742493e+50 5.626513e+51
95 2.172439e+51 2.128562e+52
96 8.218540e+51 8.052550e+52
97 3.109150e+52 3.046355e+53
98 1.176221e+53 1.152465e+54
99 4.449753e+53 4.359881e+54
100 1.683383e+54 1.649384e+55
101 6.368396e+54 6.239774e+55
102 2.409224e+55 2.360565e+56
103 9.114318e+55 8.930237e+56
104 3.448032e+56 3.378392e+57
105 1.304423e+57 1.278077e+58
106 4.934753e+57 4.835086e+58
107 1.866863e+58 1.829158e+59
108 7.062518e+58 6.919877e+59
109 2.671817e+59 2.617854e+60
110 1.010773e+60 9.903587e+60
111 3.823850e+60 3.746620e+61
112 1.446598e+61 1.417381e+62
113 5.472616e+61 5.362086e+62
114 2.070342e+62 2.028527e+63
115 7.832296e+62 7.674108e+63
116 2.963031e+63 2.903187e+64
117 1.120942e+64 1.098303e+65
118 4.240630e+64 4.154982e+65
119 1.604270e+65 1.571868e+66
120 6.069103e+65 5.946525e+66
121 2.295998e+66 2.249626e+67
122 8.685977e+66 8.510546e+67
123 3.285986e+67 3.219619e+68
124 1.243119e+68 1.218012e+69
125 4.702837e+68 4.607854e+69
126 1.779127e+69 1.743194e+70
127 6.730604e+69 6.594666e+70
128 2.546250e+70 2.494824e+71
129 9.632704e+70 9.438152e+71
130 3.644142e+71 3.570541e+72
131 1.378613e+72 1.350769e+73
132 5.215422e+72 5.110086e+73
133 1.973043e+73 1.933193e+74
134 7.464205e+73 7.313451e+74
135 2.823779e+74 2.766747e+75
136 1.068262e+75 1.046686e+76
137 4.041335e+75 3.959712e+76
138 1.528875e+76 1.497996e+77
139 5.783876e+76 5.667059e+77
140 2.188094e+77 2.143901e+78
141 8.277765e+77 8.110580e+78
142 3.131556e+78 3.068308e+79
143 1.184697e+79 1.160770e+80
144 4.481819e+79 4.391300e+80
145 1.695514e+80 1.661270e+81
146 6.414289e+80 6.284739e+81
147 2.426585e+81 2.377576e+82
148 9.179999e+81 8.994591e+82
149 3.472880e+82 3.402738e+83
150 1.313823e+83 1.287288e+84
151 4.970315e+83 4.869929e+84
152 1.880317e+84 1.842340e+85
153 7.113413e+84 6.969744e+85
154 2.691071e+85 2.636719e+86
155 1.018057e+86 9.974956e+86
156 3.851406e+86 3.773619e+87
157 1.457023e+87 1.427595e+88
158 5.512053e+87 5.400727e+88
159 2.085261e+88 2.043145e+89
160 7.888739e+88 7.729410e+89
161 2.984384e+89 2.924108e+90
162 1.129020e+90 1.106217e+91
163 4.271189e+90 4.184924e+91
164 1.615831e+91 1.583196e+92
165 6.112839e+91 5.989378e+92
166 2.312544e+92 2.265838e+93
167 8.748571e+92 8.571876e+93
168 3.309666e+93 3.242821e+94
169 1.252078e+94 1.226789e+95
170 4.736727e+94 4.641059e+95
171 1.791948e+95 1.755756e+96
172 6.779107e+95 6.642190e+96
173 2.564600e+96 2.512802e+97
174 9.702120e+96 9.506167e+97
175 3.670403e+97 3.596272e+98
176 1.388548e+98 1.360503e+99
177 5.253006e+98 5.146911e+99
178 1.987261e+99 1.947125e+100
179 7.517995e+99 7.366154e+100
180 2.844128e+100 2.786685e+101
181 1.075960e+101 1.054229e+102
182 4.070458e+101 3.988247e+102
183 1.539892e+102 1.508791e+103
184 5.825556e+102 5.707898e+103
185 2.203862e+103 2.159351e+104
186 8.337418e+103 8.169027e+104
187 3.154123e+104 3.090419e+105
188 1.193234e+105 1.169135e+106
189 4.514117e+105 4.422945e+106
190 1.707733e+106 1.673242e+107
191 6.460512e+106 6.330029e+107
192 2.444072e+107 2.394709e+108
193 9.246154e+107 9.059409e+108
194 3.497906e+108 3.427259e+109
195 1.323291e+109 1.296564e+110
196 5.006132e+109 4.905024e+110
197 1.893867e+110 1.855616e+111
198 7.164675e+110 7.019970e+111
199 2.710464e+111 2.655720e+112
200 1.025394e+112 1.004684e+113
201 3.879160e+112 3.800813e+113
202 1.467523e+113 1.437883e+114
203 5.551775e+113 5.439646e+114
204 2.100288e+114 2.057869e+115
205 7.945588e+114 7.785111e+115
206 3.005890e+115 2.945180e+116
207 1.137156e+116 1.114189e+117
208 4.301969e+116 4.215082e+117
209 1.627475e+117 1.594605e+118
210 6.156890e+117 6.032540e+118
211 2.329209e+118 2.282166e+119
212 8.811616e+118 8.633648e+119
213 3.333517e+119 3.266190e+120
214 1.261101e+120 1.235630e+121
215 4.770861e+120 4.674504e+121
216 1.804861e+121 1.768409e+122
217 6.827960e+121 6.690056e+122
218 2.583081e+122 2.530911e+123
219 9.772037e+122 9.574671e+123
220 3.696853e+123 3.622188e+124
221 1.398554e+124 1.370307e+125
222 5.290861e+124 5.184001e+125
223 2.001582e+125 1.961156e+126
224 7.572172e+125 7.419237e+126
225 2.864624e+126 2.806767e+127
226 1.083714e+127 1.061826e+128
227 4.099791e+127 4.016988e+128
228 1.550989e+128 1.519664e+129
229 5.867537e+128 5.749031e+129
230 2.219744e+129 2.174912e+130
231 8.397500e+129 8.227896e+130
232 3.176853e+130 3.112690e+131
233 1.201833e+131 1.177560e+132
234 4.546647e+131 4.454819e+132
235 1.720039e+132 1.685300e+133
236 6.507069e+132 6.375646e+133
237 2.461685e+133 2.411966e+134
238 9.312785e+133 9.124695e+134
239 3.523113e+134 3.451957e+135
240 1.332827e+135 1.305908e+136
241 5.042208e+135 4.940371e+136
242 1.907515e+136 1.868989e+137
243 7.216306e+136 7.070559e+137
244 2.729996e+137 2.674858e+138
245 1.032783e+138 1.011924e+139
246 3.907115e+138 3.828203e+139
247 1.478098e+139 1.448245e+140
248 5.591783e+139 5.478846e+140
249 2.115424e+140 2.072699e+141
250 8.002846e+140 7.841213e+141
251 3.027552e+141 2.966404e+142
252 1.145351e+142 1.122218e+143
253 4.332970e+142 4.245457e+143
254 1.639203e+143 1.606096e+144
255 6.201259e+143 6.076012e+144
256 2.345994e+144 2.298612e+145
257 8.875116e+144 8.695865e+145
258 3.357539e+145 3.289727e+146
259 1.270188e+146 1.244535e+147
260 4.805242e+146 4.708190e+147
261 1.817868e+147 1.781152e+148
262 6.877164e+147 6.738266e+148
263 2.601696e+148 2.549149e+149
264 9.842458e+148 9.643670e+149
265 3.723494e+149 Inf
