err_l2 = 6.960089549511182e-06
steps = 231
runtime_s = 18.676980018615723
err_max = 3.715365938194992e-05
history_file = "history_cg_nx256_ny256_nz256_steps231.txt"
exact_plot = "exact_nx256_ny256_nz256.png"
error_plot = "error_nx256_ny256_nz256_M10_steps231.png"
res_l2 = 8.579884e-09
