err_l2 = 0.00011138214231230274
steps = 10000
runtime_s = 21.739902019500732
err_max = 0.0005704938445666441
history_file = "history_nx64_ny64_nz64_M4_steps10000.txt"
res_l2 = 3.60221e-8
exact_plot = "exact_nx64_ny64_nz64.png"
error_plot = "error_nx64_ny64_nz64_M4_steps10000.png"
