# step err_l2 res_l2
0 2.462974e-01 1.000000e+00
1 2.310743e-01 1.283212e+00
2 2.180473e-01 8.513509e-01
3 2.084356e-01 4.668167e-01
4 2.017630e-01 3.628739e-01
5 1.960303e-01 2.431239e-01
6 1.911058e-01 1.634863e-01
7 1.868369e-01 1.365808e-01
8 1.829025e-01 1.127510e-01
9 1.792906e-01 9.683956e-02
10 1.759565e-01 8.805634e-02
11 1.728264e-01 8.073016e-02
12 1.698826e-01 7.459712e-02
13 1.671039e-01 6.975643e-02
14 1.644650e-01 6.556104e-02
15 1.619523e-01 6.181783e-02
16 1.595535e-01 5.854980e-02
17 1.572567e-01 5.563194e-02
18 1.550527e-01 5.298810e-02
19 1.529339e-01 5.060068e-02
20 1.508930e-01 4.842716e-02
21 1.489240e-01 4.643390e-02
22 1.470218e-01 4.460262e-02
23 1.451814e-01 4.291267e-02
24 1.433987e-01 4.134647e-02
25 1.416701e-01 3.989112e-02
26 1.399920e-01 3.853462e-02
27 1.383614e-01 3.726652e-02
28 1.367757e-01 3.607823e-02
29 1.352321e-01 3.496209e-02
30 1.337285e-01 3.391137e-02
31 1.322627e-01 3.292026e-02
32 1.308328e-01 3.198361e-02
33 1.294370e-01 3.109682e-02
34 1.280737e-01 3.025587e-02
35 1.267412e-01 2.945713e-02
36 1.254383e-01 2.869737e-02
37 1.241635e-01 2.797370e-02
38 1.229156e-01 2.728351e-02
39 1.216935e-01 2.662444e-02
40 1.204961e-01 2.599436e-02
41 1.193224e-01 2.539136e-02
42 1.181714e-01 2.481367e-02
43 1.170422e-01 2.425970e-02
44 1.159340e-01 2.372799e-02
45 1.148460e-01 2.321723e-02
46 1.137774e-01 2.272617e-02
47 1.127275e-01 2.225371e-02
48 1.116957e-01 2.179882e-02
49 1.106813e-01 2.136054e-02
50 1.096837e-01 2.093801e-02
51 1.087024e-01 2.053040e-02
52 1.077367e-01 2.013698e-02
53 1.067862e-01 1.975705e-02
54 1.058503e-01 1.938995e-02
55 1.049287e-01 1.903508e-02
56 1.040208e-01 1.869188e-02
57 1.031262e-01 1.835982e-02
58 1.022445e-01 1.803841e-02
59 1.013754e-01 1.772719e-02
60 1.005184e-01 1.742571e-02
61 9.967315e-02 1.713358e-02
62 9.883938e-02 1.685039e-02
63 9.801674e-02 1.657580e-02
64 9.720491e-02 1.630944e-02
65 9.640358e-02 1.605099e-02
66 9.561248e-02 1.580015e-02
67 9.483133e-02 1.555662e-02
68 9.405986e-02 1.532011e-02
69 9.329782e-02 1.509036e-02
70 9.254497e-02 1.486711e-02
71 9.180108e-02 1.465012e-02
72 9.106592e-02 1.443916e-02
73 9.033928e-02 1.423401e-02
74 8.962095e-02 1.403444e-02
75 8.891073e-02 1.384027e-02
76 8.820844e-02 1.365128e-02
77 8.751389e-02 1.346731e-02
78 8.682691e-02 1.328815e-02
79 8.614732e-02 1.311365e-02
80 8.547496e-02 1.294364e-02
81 8.480968e-02 1.277795e-02
82 8.415133e-02 1.261643e-02
83 8.349975e-02 1.245895e-02
84 8.285482e-02 1.230534e-02
85 8.221639e-02 1.215548e-02
86 8.158433e-02 1.200924e-02
87 8.095853e-02 1.186649e-02
88 8.033885e-02 1.172711e-02
89 7.972519e-02 1.159098e-02
90 7.911742e-02 1.145799e-02
91 7.851545e-02 1.132802e-02
92 7.791917e-02 1.120098e-02
93 7.732847e-02 1.107676e-02
94 7.674326e-02 1.095527e-02
95 7.616344e-02 1.083642e-02
96 7.558893e-02 1.072010e-02
97 7.501962e-02 1.060625e-02
98 7.445545e-02 1.049476e-02
99 7.389632e-02 1.038557e-02
100 7.334216e-02 1.027859e-02
101 7.279289e-02 1.017375e-02
102 7.224842e-02 1.007099e-02
103 7.170870e-02 9.970217e-03
104 7.117365e-02 9.871382e-03
105 7.064320e-02 9.774416e-03
106 7.011729e-02 9.679257e-03
107 6.959585e-02 9.585847e-03
108 6.907881e-02 9.494128e-03
109 6.856613e-02 9.404045e-03
110 6.805773e-02 9.315547e-03
111 6.755356e-02 9.228581e-03
112 6.705358e-02 9.143099e-03
113 6.655771e-02 9.059054e-03
114 6.606591e-02 8.976401e-03
115 6.557813e-02 8.895097e-03
116 6.509432e-02 8.815099e-03
117 6.461443e-02 8.736368e-03
118 6.413842e-02 8.658865e-03
119 6.366622e-02 8.582552e-03
120 6.319781e-02 8.507394e-03
121 6.273314e-02 8.433356e-03
122 6.227217e-02 8.360407e-03
123 6.181484e-02 8.288513e-03
124 6.136113e-02 8.217644e-03
125 6.091099e-02 8.147771e-03
126 6.046439e-02 8.078865e-03
127 6.002128e-02 8.010900e-03
128 5.958163e-02 7.943850e-03
129 5.914540e-02 7.877688e-03
130 5.871256e-02 7.812392e-03
131 5.828307e-02 7.747937e-03
132 5.785690e-02 7.684303e-03
133 5.743401e-02 7.621466e-03
134 5.701437e-02 7.559407e-03
135 5.659795e-02 7.498105e-03
136 5.618472e-02 7.437542e-03
137 5.577464e-02 7.377699e-03
138 5.536770e-02 7.318558e-03
139 5.496384e-02 7.260102e-03
140 5.456306e-02 7.202316e-03
141 5.416531e-02 7.145183e-03
142 5.377058e-02 7.088688e-03
143 5.337882e-02 7.032817e-03
144 5.299003e-02 6.977554e-03
145 5.260416e-02 6.922888e-03
146 5.222119e-02 6.868804e-03
147 5.184110e-02 6.815291e-03
148 5.146386e-02 6.762336e-03
149 5.108945e-02 6.709927e-03
150 5.071783e-02 6.658053e-03
151 5.034900e-02 6.606704e-03
152 4.998291e-02 6.555868e-03
153 4.961956e-02 6.505536e-03
154 4.925891e-02 6.455699e-03
155 4.890094e-02 6.406345e-03
156 4.854564e-02 6.357468e-03
157 4.819297e-02 6.309057e-03
158 4.784292e-02 6.261104e-03
159 4.749546e-02 6.213601e-03
160 4.715057e-02 6.166541e-03
161 4.680823e-02 6.119915e-03
162 4.646843e-02 6.073717e-03
163 4.613113e-02 6.027938e-03
164 4.579633e-02 5.982573e-03
165 4.546399e-02 5.937614e-03
166 4.513410e-02 5.893055e-03
167 4.480664e-02 5.848890e-03
168 4.448159e-02 5.805113e-03
169 4.415893e-02 5.761717e-03
170 4.383865e-02 5.718698e-03
171 4.352071e-02 5.676049e-03
172 4.320512e-02 5.633765e-03
173 4.289183e-02 5.591842e-03
174 4.258085e-02 5.550273e-03
175 4.227214e-02 5.509054e-03
176 4.196570e-02 5.468181e-03
177 4.166150e-02 5.427648e-03
178 4.135953e-02 5.387452e-03
179 4.105977e-02 5.347587e-03
180 4.076220e-02 5.308050e-03
181 4.046681e-02 5.268837e-03
182 4.017358e-02 5.229942e-03
183 3.988249e-02 5.191364e-03
184 3.959353e-02 5.153097e-03
185 3.930667e-02 5.115137e-03
186 3.902191e-02 5.077482e-03
187 3.873923e-02 5.040128e-03
188 3.845861e-02 5.003071e-03
189 3.818004e-02 4.966308e-03
190 3.790350e-02 4.929836e-03
191 3.762897e-02 4.893651e-03
192 3.735645e-02 4.857751e-03
193 3.708591e-02 4.822131e-03
194 3.681734e-02 4.786790e-03
195 3.655073e-02 4.751724e-03
196 3.628606e-02 4.716930e-03
197 3.602331e-02 4.682406e-03
198 3.576248e-02 4.648149e-03
199 3.550354e-02 4.614156e-03
200 3.524649e-02 4.580425e-03
201 3.499131e-02 4.546952e-03
202 3.473799e-02 4.513735e-03
203 3.448651e-02 4.480773e-03
204 3.423685e-02 4.448062e-03
205 3.398901e-02 4.415600e-03
206 3.374297e-02 4.383384e-03
207 3.349872e-02 4.351413e-03
208 3.325625e-02 4.319684e-03
209 3.301553e-02 4.288195e-03
210 3.277657e-02 4.256943e-03
211 3.253934e-02 4.225927e-03
212 3.230383e-02 4.195144e-03
213 3.207003e-02 4.164592e-03
214 3.183793e-02 4.134270e-03
215 3.160752e-02 4.104175e-03
216 3.137878e-02 4.074305e-03
217 3.115170e-02 4.044658e-03
218 3.092626e-02 4.015232e-03
219 3.070247e-02 3.986026e-03
220 3.048030e-02 3.957038e-03
221 3.025974e-02 3.928265e-03
222 3.004077e-02 3.899706e-03
223 2.982340e-02 3.871358e-03
224 2.960761e-02 3.843222e-03
225 2.939338e-02 3.815293e-03
226 2.918070e-02 3.787572e-03
227 2.896957e-02 3.760055e-03
228 2.875997e-02 3.732742e-03
229 2.855189e-02 3.705631e-03
230 2.834532e-02 3.678720e-03
231 2.814024e-02 3.652007e-03
232 2.793666e-02 3.625491e-03
233 2.773454e-02 3.599170e-03
234 2.753390e-02 3.573044e-03
235 2.733471e-02 3.547109e-03
236 2.713696e-02 3.521365e-03
237 2.694065e-02 3.495810e-03
238 2.674576e-02 3.470443e-03
239 2.655228e-02 3.445261e-03
240 2.636020e-02 3.420265e-03
241 2.616952e-02 3.395452e-03
242 2.598022e-02 3.370820e-03
243 2.579229e-02 3.346370e-03
244 2.560572e-02 3.322098e-03
245 2.542051e-02 3.298003e-03
246 2.523664e-02 3.274085e-03
247 2.505410e-02 3.250342e-03
248 2.487288e-02 3.226773e-03
249 2.469297e-02 3.203375e-03
250 2.451437e-02 3.180149e-03
251 2.433707e-02 3.157092e-03
252 2.416104e-02 3.134203e-03
253 2.398630e-02 3.111482e-03
254 2.381282e-02 3.088926e-03
255 2.364059e-02 3.066535e-03
256 2.346962e-02 3.044307e-03
257 2.329988e-02 3.022241e-03
258 2.313138e-02 3.000336e-03
259 2.296409e-02 2.978590e-03
260 2.279802e-02 2.957003e-03
261 2.263314e-02 2.935573e-03
262 2.246947e-02 2.914299e-03
263 2.230698e-02 2.893180e-03
264 2.214566e-02 2.872214e-03
265 2.198552e-02 2.851401e-03
266 2.182653e-02 2.830740e-03
267 2.166870e-02 2.810229e-03
268 2.151201e-02 2.789867e-03
269 2.135645e-02 2.769653e-03
270 2.120202e-02 2.749586e-03
271 2.104871e-02 2.729664e-03
272 2.089651e-02 2.709888e-03
273 2.074542e-02 2.690255e-03
274 2.059542e-02 2.670765e-03
275 2.044650e-02 2.651417e-03
276 2.029866e-02 2.632209e-03
277 2.015190e-02 2.613140e-03
278 2.000619e-02 2.594210e-03
279 1.986154e-02 2.575418e-03
280 1.971794e-02 2.556762e-03
281 1.957538e-02 2.538241e-03
282 1.943385e-02 2.519855e-03
283 1.929335e-02 2.501602e-03
284 1.915387e-02 2.483482e-03
285 1.901539e-02 2.465493e-03
286 1.887792e-02 2.447635e-03
287 1.874144e-02 2.429906e-03
288 1.860595e-02 2.412306e-03
289 1.847145e-02 2.394834e-03
290 1.833792e-02 2.377488e-03
291 1.820535e-02 2.360269e-03
292 1.807374e-02 2.343174e-03
293 1.794309e-02 2.326203e-03
294 1.781339e-02 2.309355e-03
295 1.768462e-02 2.292629e-03
296 1.755679e-02 2.276025e-03
297 1.742988e-02 2.259541e-03
298 1.730389e-02 2.243176e-03
299 1.717881e-02 2.226931e-03
300 1.705464e-02 2.210803e-03
301 1.693137e-02 2.194791e-03
302 1.680899e-02 2.178896e-03
303 1.668750e-02 2.163117e-03
304 1.656688e-02 2.147451e-03
305 1.644714e-02 2.131899e-03
306 1.632827e-02 2.116460e-03
307 1.621026e-02 2.101133e-03
308 1.609310e-02 2.085916e-03
309 1.597680e-02 2.070810e-03
310 1.586133e-02 2.055814e-03
311 1.574670e-02 2.040926e-03
312 1.563290e-02 2.026146e-03
313 1.551992e-02 2.011474e-03
314 1.540777e-02 1.996907e-03
315 1.529642e-02 1.982446e-03
316 1.518588e-02 1.968090e-03
317 1.507614e-02 1.953838e-03
318 1.496720e-02 1.939689e-03
319 1.485905e-02 1.925642e-03
320 1.475168e-02 1.911698e-03
321 1.464508e-02 1.897854e-03
322 1.453926e-02 1.884111e-03
323 1.443420e-02 1.870467e-03
324 1.432991e-02 1.856922e-03
325 1.422637e-02 1.843476e-03
326 1.412358e-02 1.830126e-03
327 1.402153e-02 1.816874e-03
328 1.392023e-02 1.803717e-03
329 1.381966e-02 1.790656e-03
330 1.371981e-02 1.777689e-03
331 1.362069e-02 1.764816e-03
332 1.352229e-02 1.752036e-03
333 1.342460e-02 1.739349e-03
334 1.332761e-02 1.726754e-03
335 1.323133e-02 1.714250e-03
336 1.313575e-02 1.701837e-03
337 1.304085e-02 1.689514e-03
338 1.294665e-02 1.677279e-03
339 1.285313e-02 1.665134e-03
340 1.276028e-02 1.653076e-03
341 1.266811e-02 1.641106e-03
342 1.257660e-02 1.629223e-03
343 1.248576e-02 1.617425e-03
344 1.239558e-02 1.605713e-03
345 1.230605e-02 1.594086e-03
346 1.221716e-02 1.582543e-03
347 1.212892e-02 1.571083e-03
348 1.204132e-02 1.559707e-03
349 1.195436e-02 1.548413e-03
350 1.186802e-02 1.537201e-03
351 1.178231e-02 1.526070e-03
352 1.169722e-02 1.515019e-03
353 1.161274e-02 1.504049e-03
354 1.152888e-02 1.493158e-03
355 1.144563e-02 1.482346e-03
356 1.136297e-02 1.471612e-03
357 1.128092e-02 1.460956e-03
358 1.119946e-02 1.450377e-03
359 1.111859e-02 1.439875e-03
360 1.103831e-02 1.429449e-03
361 1.095860e-02 1.419098e-03
362 1.087948e-02 1.408822e-03
363 1.080093e-02 1.398621e-03
364 1.072294e-02 1.388493e-03
365 1.064552e-02 1.378439e-03
366 1.056867e-02 1.368458e-03
367 1.049236e-02 1.358549e-03
368 1.041662e-02 1.348712e-03
369 1.034142e-02 1.338946e-03
370 1.026676e-02 1.329250e-03
371 1.019264e-02 1.319625e-03
372 1.011907e-02 1.310070e-03
373 1.004602e-02 1.300584e-03
374 9.973503e-03 1.291166e-03
375 9.901512e-03 1.281817e-03
376 9.830042e-03 1.272535e-03
377 9.759089e-03 1.263321e-03
378 9.688651e-03 1.254173e-03
379 9.618722e-03 1.245092e-03
380 9.549300e-03 1.236076e-03
381 9.480380e-03 1.227125e-03
382 9.411960e-03 1.218240e-03
383 9.344035e-03 1.209419e-03
384 9.276602e-03 1.200661e-03
385 9.209658e-03 1.191967e-03
386 9.143198e-03 1.183336e-03
387 9.077220e-03 1.174768e-03
388 9.011719e-03 1.166261e-03
389 8.946693e-03 1.157816e-03
390 8.882138e-03 1.149433e-03
391 8.818050e-03 1.141110e-03
392 8.754426e-03 1.132847e-03
393 8.691263e-03 1.124644e-03
394 8.628558e-03 1.116501e-03
395 8.566306e-03 1.108416e-03
396 8.504506e-03 1.100390e-03
397 8.443153e-03 1.092422e-03
398 8.382244e-03 1.084512e-03
399 8.321777e-03 1.076659e-03
400 8.261747e-03 1.068863e-03
401 8.202152e-03 1.061124e-03
402 8.142989e-03 1.053440e-03
403 8.084254e-03 1.045812e-03
404 8.025945e-03 1.038239e-03
405 7.968058e-03 1.030722e-03
406 7.910590e-03 1.023258e-03
407 7.853538e-03 1.015849e-03
408 7.796900e-03 1.008493e-03
409 7.740671e-03 1.001191e-03
410 7.684850e-03 9.939411e-04
411 7.629433e-03 9.867440e-04
412 7.574418e-03 9.795991e-04
413 7.519801e-03 9.725059e-04
414 7.465580e-03 9.654640e-04
415 7.411751e-03 9.584731e-04
416 7.358312e-03 9.515329e-04
417 7.305260e-03 9.446429e-04
418 7.252592e-03 9.378028e-04
419 7.200306e-03 9.310122e-04
420 7.148399e-03 9.242708e-04
421 7.096867e-03 9.175782e-04
422 7.045709e-03 9.109341e-04
423 6.994921e-03 9.043381e-04
424 6.944501e-03 8.977898e-04
425 6.894446e-03 8.912890e-04
426 6.844754e-03 8.848352e-04
427 6.795422e-03 8.784282e-04
428 6.746447e-03 8.720676e-04
429 6.697826e-03 8.657530e-04
430 6.649558e-03 8.594841e-04
431 6.601640e-03 8.532607e-04
432 6.554068e-03 8.470823e-04
433 6.506841e-03 8.409486e-04
434 6.459956e-03 8.348593e-04
435 6.413411e-03 8.288142e-04
436 6.367203e-03 8.228128e-04
437 6.321329e-03 8.168549e-04
438 6.275788e-03 8.109401e-04
439 6.230577e-03 8.050681e-04
440 6.185693e-03 7.992387e-04
441 6.141134e-03 7.934514e-04
442 6.096898e-03 7.877061e-04
443 6.052982e-03 7.820024e-04
444 6.009385e-03 7.763400e-04
445 5.966103e-03 7.707185e-04
446 5.923135e-03 7.651378e-04
447 5.880478e-03 7.595975e-04
448 5.838130e-03 7.540973e-04
449 5.796088e-03 7.486370e-04
450 5.754352e-03 7.432161e-04
451 5.712917e-03 7.378346e-04
452 5.671783e-03 7.324920e-04
453 5.630946e-03 7.271880e-04
454 5.590406e-03 7.219225e-04
455 5.550159e-03 7.166951e-04
456 5.510204e-03 7.115056e-04
457 5.470538e-03 7.063536e-04
458 5.431159e-03 7.012390e-04
459 5.392066e-03 6.961614e-04
460 5.353255e-03 6.911205e-04
461 5.314726e-03 6.861161e-04
462 5.276476e-03 6.811480e-04
463 5.238503e-03 6.762159e-04
464 5.200806e-03 6.713195e-04
465 5.163381e-03 6.664585e-04
466 5.126227e-03 6.616327e-04
467 5.089343e-03 6.568419e-04
468 5.052725e-03 6.520857e-04
469 5.016373e-03 6.473640e-04
470 4.980285e-03 6.426765e-04
471 4.944458e-03 6.380229e-04
472 4.908890e-03 6.334031e-04
473 4.873580e-03 6.288166e-04
474 4.838526e-03 6.242634e-04
475 4.803725e-03 6.197432e-04
476 4.769177e-03 6.152557e-04
477 4.734879e-03 6.108006e-04
478 4.700830e-03 6.063779e-04
479 4.667027e-03 6.019871e-04
480 4.633469e-03 5.976282e-04
481 4.600154e-03 5.933008e-04
482 4.567081e-03 5.890048e-04
483 4.534247e-03 5.847398e-04
484 4.501651e-03 5.805058e-04
485 4.469292e-03 5.763024e-04
486 4.437166e-03 5.721294e-04
487 4.405274e-03 5.679867e-04
488 4.373612e-03 5.638739e-04
489 4.342180e-03 5.597909e-04
490 4.310976e-03 5.557375e-04
491 4.279998e-03 5.517135e-04
492 4.249244e-03 5.477186e-04
493 4.218713e-03 5.437526e-04
494 4.188403e-03 5.398153e-04
495 4.158313e-03 5.359065e-04
496 4.128441e-03 5.320261e-04
497 4.098785e-03 5.281737e-04
498 4.069345e-03 5.243493e-04
499 4.040117e-03 5.205525e-04
500 4.011102e-03 5.167832e-04
501 3.982296e-03 5.130412e-04
502 3.953699e-03 5.093263e-04
503 3.925310e-03 5.056383e-04
504 3.897126e-03 5.019770e-04
505 3.869147e-03 4.983423e-04
506 3.841370e-03 4.947338e-04
507 3.813794e-03 4.911515e-04
508 3.786419e-03 4.875951e-04
509 3.759241e-03 4.840644e-04
510 3.732261e-03 4.805594e-04
511 3.705476e-03 4.770797e-04
512 3.678885e-03 4.736252e-04
513 3.652487e-03 4.701957e-04
514 3.626281e-03 4.667910e-04
515 3.600264e-03 4.634110e-04
516 3.574436e-03 4.600555e-04
517 3.548795e-03 4.567243e-04
518 3.523339e-03 4.534172e-04
519 3.498069e-03 4.501340e-04
520 3.472981e-03 4.468746e-04
521 3.448075e-03 4.436389e-04
522 3.423350e-03 4.404265e-04
523 3.398804e-03 4.372374e-04
524 3.374436e-03 4.340714e-04
525 3.350245e-03 4.309283e-04
526 3.326228e-03 4.278080e-04
527 3.302386e-03 4.247103e-04
528 3.278717e-03 4.216350e-04
529 3.255219e-03 4.185820e-04
530 3.231892e-03 4.155510e-04
531 3.208734e-03 4.125421e-04
532 3.185743e-03 4.095549e-04
533 3.162920e-03 4.065893e-04
534 3.140261e-03 4.036452e-04
535 3.117767e-03 4.007225e-04
536 3.095436e-03 3.978209e-04
537 3.073267e-03 3.949403e-04
538 3.051259e-03 3.920805e-04
539 3.029410e-03 3.892415e-04
540 3.007720e-03 3.864231e-04
541 2.986187e-03 3.836250e-04
542 2.964810e-03 3.808472e-04
543 2.943588e-03 3.780895e-04
544 2.922519e-03 3.753518e-04
545 2.901604e-03 3.726339e-04
546 2.880840e-03 3.699357e-04
547 2.860227e-03 3.672570e-04
548 2.839763e-03 3.645977e-04
549 2.819448e-03 3.619577e-04
550 2.799280e-03 3.593368e-04
551 2.779258e-03 3.567349e-04
552 2.759381e-03 3.541518e-04
553 2.739649e-03 3.515874e-04
554 2.720060e-03 3.490416e-04
555 2.700612e-03 3.465142e-04
556 2.681306e-03 3.440051e-04
557 2.662140e-03 3.415142e-04
558 2.643112e-03 3.390413e-04
559 2.624223e-03 3.365863e-04
560 2.605471e-03 3.341491e-04
561 2.586855e-03 3.317296e-04
562 2.568373e-03 3.293276e-04
563 2.550026e-03 3.269429e-04
564 2.531812e-03 3.245756e-04
565 2.513730e-03 3.222253e-04
566 2.495779e-03 3.198921e-04
567 2.477959e-03 3.175758e-04
568 2.460267e-03 3.152763e-04
569 2.442704e-03 3.129934e-04
570 2.425269e-03 3.107270e-04
571 2.407960e-03 3.084771e-04
572 2.390776e-03 3.062434e-04
573 2.373717e-03 3.040259e-04
574 2.356782e-03 3.018245e-04
575 2.339970e-03 2.996390e-04
576 2.323280e-03 2.974693e-04
577 2.306711e-03 2.953154e-04
578 2.290262e-03 2.931770e-04
579 2.273932e-03 2.910542e-04
580 2.257721e-03 2.889467e-04
581 2.241628e-03 2.868544e-04
582 2.225651e-03 2.847773e-04
583 2.209791e-03 2.827153e-04
584 2.194045e-03 2.806681e-04
585 2.178414e-03 2.786359e-04
586 2.162896e-03 2.766183e-04
587 2.147491e-03 2.746153e-04
588 2.132198e-03 2.726268e-04
589 2.117015e-03 2.706528e-04
590 2.101943e-03 2.686930e-04
591 2.086980e-03 2.667474e-04
592 2.072126e-03 2.648159e-04
593 2.057380e-03 2.628984e-04
594 2.042741e-03 2.609948e-04
595 2.028208e-03 2.591049e-04
596 2.013781e-03 2.572288e-04
597 1.999458e-03 2.553662e-04
598 1.985239e-03 2.535171e-04
599 1.971124e-03 2.516814e-04
600 1.957111e-03 2.498590e-04
601 1.943200e-03 2.480498e-04
602 1.929390e-03 2.462537e-04
603 1.915680e-03 2.444706e-04
604 1.902070e-03 2.427004e-04
605 1.888559e-03 2.409430e-04
606 1.875145e-03 2.391984e-04
607 1.861830e-03 2.374663e-04
608 1.848611e-03 2.357469e-04
609 1.835488e-03 2.340398e-04
610 1.822460e-03 2.323452e-04
611 1.809527e-03 2.306628e-04
612 1.796688e-03 2.289926e-04
613 1.783942e-03 2.273344e-04
614 1.771289e-03 2.256883e-04
615 1.758728e-03 2.240541e-04
616 1.746258e-03 2.224318e-04
617 1.733879e-03 2.208212e-04
618 1.721589e-03 2.192222e-04
619 1.709389e-03 2.176348e-04
620 1.697278e-03 2.160590e-04
621 1.685255e-03 2.144945e-04
622 1.673319e-03 2.129414e-04
623 1.661470e-03 2.113995e-04
624 1.649707e-03 2.098687e-04
625 1.638029e-03 2.083491e-04
626 1.626437e-03 2.068405e-04
627 1.614929e-03 2.053427e-04
628 1.603504e-03 2.038559e-04
629 1.592163e-03 2.023798e-04
630 1.580904e-03 2.009144e-04
631 1.569727e-03 1.994595e-04
632 1.558631e-03 1.980153e-04
633 1.547616e-03 1.965815e-04
634 1.536681e-03 1.951580e-04
635 1.525826e-03 1.937449e-04
636 1.515049e-03 1.923420e-04
637 1.504351e-03 1.909493e-04
638 1.493731e-03 1.895666e-04
639 1.483188e-03 1.881940e-04
640 1.472722e-03 1.868313e-04
641 1.462332e-03 1.854785e-04
642 1.452018e-03 1.841354e-04
643 1.441778e-03 1.828021e-04
644 1.431614e-03 1.814785e-04
645 1.421523e-03 1.801644e-04
646 1.411506e-03 1.788598e-04
647 1.401562e-03 1.775647e-04
648 1.391690e-03 1.762790e-04
649 1.381890e-03 1.750026e-04
650 1.372161e-03 1.737354e-04
651 1.362503e-03 1.724774e-04
652 1.352916e-03 1.712285e-04
653 1.343398e-03 1.699886e-04
654 1.333950e-03 1.687578e-04
655 1.324571e-03 1.675358e-04
656 1.315260e-03 1.663227e-04
657 1.306017e-03 1.651184e-04
658 1.296841e-03 1.639227e-04
659 1.287732e-03 1.627358e-04
660 1.278689e-03 1.615574e-04
661 1.269713e-03 1.603876e-04
662 1.260802e-03 1.592263e-04
663 1.251955e-03 1.580733e-04
664 1.243174e-03 1.569287e-04
665 1.234456e-03 1.557924e-04
666 1.225802e-03 1.546643e-04
667 1.217211e-03 1.535444e-04
668 1.208683e-03 1.524326e-04
669 1.200217e-03 1.513289e-04
670 1.191813e-03 1.502331e-04
671 1.183470e-03 1.491453e-04
672 1.175188e-03 1.480653e-04
673 1.166966e-03 1.469932e-04
674 1.158805e-03 1.459288e-04
675 1.150703e-03 1.448722e-04
676 1.142660e-03 1.438232e-04
677 1.134676e-03 1.427817e-04
678 1.126750e-03 1.417479e-04
679 1.118882e-03 1.407215e-04
680 1.111072e-03 1.397025e-04
681 1.103319e-03 1.386910e-04
682 1.095622e-03 1.376867e-04
683 1.087981e-03 1.366897e-04
684 1.080397e-03 1.357000e-04
685 1.072868e-03 1.347174e-04
686 1.065394e-03 1.337419e-04
687 1.057974e-03 1.327735e-04
688 1.050609e-03 1.318121e-04
689 1.043298e-03 1.308576e-04
690 1.036040e-03 1.299101e-04
691 1.028835e-03 1.289694e-04
692 1.021683e-03 1.280356e-04
693 1.014583e-03 1.271085e-04
694 1.007535e-03 1.261881e-04
695 1.000539e-03 1.252744e-04
696 9.935944e-04 1.243673e-04
697 9.867003e-04 1.234667e-04
698 9.798567e-04 1.225727e-04
699 9.730632e-04 1.216852e-04
700 9.663195e-04 1.208041e-04
701 9.596252e-04 1.199293e-04
702 9.529799e-04 1.190609e-04
703 9.463834e-04 1.181988e-04
704 9.398352e-04 1.173430e-04
705 9.333350e-04 1.164933e-04
706 9.268825e-04 1.156498e-04
707 9.204773e-04 1.148124e-04
708 9.141191e-04 1.139810e-04
709 9.078075e-04 1.131557e-04
710 9.015422e-04 1.123363e-04
711 8.953229e-04 1.115229e-04
712 8.891493e-04 1.107154e-04
713 8.830210e-04 1.099137e-04
714 8.769377e-04 1.091178e-04
715 8.708991e-04 1.083277e-04
716 8.649048e-04 1.075433e-04
717 8.589546e-04 1.067646e-04
718 8.530481e-04 1.059915e-04
719 8.471850e-04 1.052241e-04
720 8.413651e-04 1.044621e-04
721 8.355879e-04 1.037057e-04
722 8.298532e-04 1.029548e-04
723 8.241607e-04 1.022093e-04
724 8.185101e-04 1.014692e-04
725 8.129011e-04 1.007345e-04
726 8.073333e-04 1.000051e-04
727 8.018066e-04 9.928096e-05
728 7.963206e-04 9.856207e-05
729 7.908749e-04 9.784839e-05
730 7.854694e-04 9.713988e-05
731 7.801037e-04 9.643650e-05
732 7.747776e-04 9.573821e-05
733 7.694908e-04 9.504498e-05
734 7.642429e-04 9.435676e-05
735 7.590338e-04 9.367353e-05
736 7.538631e-04 9.299525e-05
737 7.487305e-04 9.232188e-05
738 7.436359e-04 9.165338e-05
739 7.385788e-04 9.098973e-05
740 7.335591e-04 9.033088e-05
741 7.285765e-04 8.967680e-05
742 7.236307e-04 8.902745e-05
743 7.187215e-04 8.838281e-05
744 7.138486e-04 8.774284e-05
745 7.090117e-04 8.710750e-05
746 7.042106e-04 8.647676e-05
747 6.994450e-04 8.585059e-05
748 6.947147e-04 8.522895e-05
749 6.900195e-04 8.461182e-05
750 6.853590e-04 8.399915e-05
751 6.807330e-04 8.339092e-05
752 6.761413e-04 8.278709e-05
753 6.715837e-04 8.218764e-05
754 6.670599e-04 8.159252e-05
755 6.625696e-04 8.100172e-05
756 6.581126e-04 8.041519e-05
757 6.536887e-04 7.983291e-05
758 6.492977e-04 7.925484e-05
759 6.449393e-04 7.868097e-05
760 6.406132e-04 7.811124e-05
761 6.363193e-04 7.754565e-05
762 6.320574e-04 7.698414e-05
763 6.278271e-04 7.642671e-05
764 6.236283e-04 7.587331e-05
765 6.194608e-04 7.532391e-05
766 6.153243e-04 7.477850e-05
767 6.112186e-04 7.423703e-05
768 6.071435e-04 7.369949e-05
769 6.030988e-04 7.316584e-05
770 5.990842e-04 7.263605e-05
771 5.950996e-04 7.211010e-05
772 5.911447e-04 7.158795e-05
773 5.872193e-04 7.106959e-05
774 5.833233e-04 7.055498e-05
775 5.794563e-04 7.004410e-05
776 5.756183e-04 6.953691e-05
777 5.718089e-04 6.903340e-05
778 5.680281e-04 6.853354e-05
779 5.642755e-04 6.803729e-05
780 5.605510e-04 6.754464e-05
781 5.568545e-04 6.705555e-05
782 5.531856e-04 6.657001e-05
783 5.495442e-04 6.608798e-05
784 5.459301e-04 6.560944e-05
785 5.423432e-04 6.513437e-05
786 5.387831e-04 6.466273e-05
787 5.352498e-04 6.419452e-05
788 5.317431e-04 6.372969e-05
789 5.282627e-04 6.326823e-05
790 5.248084e-04 6.281011e-05
791 5.213802e-04 6.235530e-05
792 5.179777e-04 6.190379e-05
793 5.146009e-04 6.145555e-05
794 5.112495e-04 6.101056e-05
795 5.079234e-04 6.056878e-05
796 5.046224e-04 6.013021e-05
797 5.013463e-04 5.969481e-05
798 4.980949e-04 5.926257e-05
799 4.948680e-04 5.883345e-05
800 4.916656e-04 5.840744e-05
801 4.884873e-04 5.798452e-05
802 4.853332e-04 5.756466e-05
803 4.822028e-04 5.714784e-05
804 4.790962e-04 5.673403e-05
805 4.760132e-04 5.632323e-05
806 4.729535e-04 5.591539e-05
807 4.699170e-04 5.551051e-05
808 4.669035e-04 5.510857e-05
809 4.639130e-04 5.470953e-05
810 4.609452e-04 5.431338e-05
811 4.579999e-04 5.392010e-05
812 4.550770e-04 5.352967e-05
813 4.521764e-04 5.314207e-05
814 4.492979e-04 5.275727e-05
815 4.464414e-04 5.237526e-05
816 4.436066e-04 5.199601e-05
817 4.407934e-04 5.161951e-05
818 4.380017e-04 5.124574e-05
819 4.352314e-04 5.087467e-05
820 4.324822e-04 5.050629e-05
821 4.297541e-04 5.014058e-05
822 4.270469e-04 4.977752e-05
823 4.243604e-04 4.941708e-05
824 4.216945e-04 4.905926e-05
825 4.190490e-04 4.870402e-05
826 4.164238e-04 4.835136e-05
827 4.138189e-04 4.800125e-05
828 4.112339e-04 4.765368e-05
829 4.086688e-04 4.730862e-05
830 4.061235e-04 4.696606e-05
831 4.035977e-04 4.662599e-05
832 4.010915e-04 4.628837e-05
833 3.986046e-04 4.595320e-05
834 3.961368e-04 4.562046e-05
835 3.936882e-04 4.529012e-05
836 3.912584e-04 4.496218e-05
837 3.888475e-04 4.463661e-05
838 3.864552e-04 4.431340e-05
839 3.840815e-04 4.399253e-05
840 3.817262e-04 4.367399e-05
841 3.793892e-04 4.335775e-05
842 3.770703e-04 4.304380e-05
843 3.747694e-04 4.273212e-05
844 3.724864e-04 4.242270e-05
845 3.702213e-04 4.211552e-05
846 3.679737e-04 4.181056e-05
847 3.657437e-04 4.150782e-05
848 3.635311e-04 4.120726e-05
849 3.613358e-04 4.090888e-05
850 3.591576e-04 4.061267e-05
851 3.569965e-04 4.031859e-05
852 3.548523e-04 4.002665e-05
853 3.527249e-04 3.973682e-05
854 3.506142e-04 3.944909e-05
855 3.485201e-04 3.916344e-05
856 3.464424e-04 3.887986e-05
857 3.443811e-04 3.859833e-05
858 3.423360e-04 3.831885e-05
859 3.403070e-04 3.804138e-05
860 3.382941e-04 3.776593e-05
861 3.362970e-04 3.749247e-05
862 3.343157e-04 3.722099e-05
863 3.323500e-04 3.695147e-05
864 3.304000e-04 3.668391e-05
865 3.284654e-04 3.641828e-05
866 3.265461e-04 3.615458e-05
867 3.246420e-04 3.589279e-05
868 3.227531e-04 3.563289e-05
869 3.208793e-04 3.537488e-05
870 3.190203e-04 3.511873e-05
871 3.171762e-04 3.486444e-05
872 3.153467e-04 3.461199e-05
873 3.135319e-04 3.436136e-05
874 3.117316e-04 3.411256e-05
875 3.099457e-04 3.386555e-05
876 3.081741e-04 3.362033e-05
877 3.064168e-04 3.337689e-05
878 3.046735e-04 3.313521e-05
879 3.029442e-04 3.289528e-05
880 3.012289e-04 3.265709e-05
881 2.995273e-04 3.242062e-05
882 2.978395e-04 3.218587e-05
883 2.961653e-04 3.195281e-05
884 2.945046e-04 3.172144e-05
885 2.928574e-04 3.149175e-05
886 2.912235e-04 3.126372e-05
887 2.896028e-04 3.103734e-05
888 2.879953e-04 3.081260e-05
889 2.864009e-04 3.058949e-05
890 2.848194e-04 3.036800e-05
891 2.832508e-04 3.014810e-05
892 2.816950e-04 2.992980e-05
893 2.801519e-04 2.971308e-05
894 2.786213e-04 2.949793e-05
895 2.771033e-04 2.928434e-05
896 2.755978e-04 2.907230e-05
897 2.741046e-04 2.886179e-05
898 2.726236e-04 2.865280e-05
899 2.711548e-04 2.844533e-05
900 2.696981e-04 2.823936e-05
901 2.682534e-04 2.803488e-05
902 2.668206e-04 2.783188e-05
903 2.653997e-04 2.763035e-05
904 2.639904e-04 2.743028e-05
905 2.625929e-04 2.723166e-05
906 2.612069e-04 2.703448e-05
907 2.598325e-04 2.683872e-05
908 2.584694e-04 2.664439e-05
909 2.571177e-04 2.645146e-05
910 2.557773e-04 2.625992e-05
911 2.544480e-04 2.606978e-05
912 2.531298e-04 2.588101e-05
913 2.518227e-04 2.569361e-05
914 2.505264e-04 2.550756e-05
915 2.492411e-04 2.532286e-05
916 2.479665e-04 2.513950e-05
917 2.467027e-04 2.495747e-05
918 2.454495e-04 2.477675e-05
919 2.442068e-04 2.459735e-05
920 2.429746e-04 2.441924e-05
921 2.417528e-04 2.424242e-05
922 2.405414e-04 2.406688e-05
923 2.393402e-04 2.389262e-05
924 2.381492e-04 2.371961e-05
925 2.369683e-04 2.354786e-05
926 2.357975e-04 2.337735e-05
927 2.346366e-04 2.320808e-05
928 2.334856e-04 2.304003e-05
929 2.323445e-04 2.287320e-05
930 2.312130e-04 2.270758e-05
931 2.300913e-04 2.254315e-05
932 2.289792e-04 2.237992e-05
933 2.278766e-04 2.221787e-05
934 2.267835e-04 2.205699e-05
935 2.256998e-04 2.189728e-05
936 2.246255e-04 2.173872e-05
937 2.235604e-04 2.158131e-05
938 2.225045e-04 2.142504e-05
939 2.214577e-04 2.126991e-05
940 2.204201e-04 2.111589e-05
941 2.193914e-04 2.096299e-05
942 2.183716e-04 2.081120e-05
943 2.173607e-04 2.066051e-05
944 2.163587e-04 2.051091e-05
945 2.153653e-04 2.036239e-05
946 2.143807e-04 2.021495e-05
947 2.134046e-04 2.006857e-05
948 2.124371e-04 1.992326e-05
949 2.114781e-04 1.977900e-05
950 2.105275e-04 1.963578e-05
951 2.095852e-04 1.949360e-05
952 2.086513e-04 1.935244e-05
953 2.077256e-04 1.921231e-05
954 2.068081e-04 1.907320e-05
955 2.058986e-04 1.893509e-05
956 2.049973e-04 1.879798e-05
957 2.041039e-04 1.866187e-05
958 2.032184e-04 1.852674e-05
959 2.023409e-04 1.839259e-05
960 2.014711e-04 1.825941e-05
961 2.006091e-04 1.812720e-05
962 1.997548e-04 1.799594e-05
963 1.989081e-04 1.786563e-05
964 1.980690e-04 1.773627e-05
965 1.972374e-04 1.760784e-05
966 1.964133e-04 1.748034e-05
967 1.955966e-04 1.735377e-05
968 1.947873e-04 1.722811e-05
969 1.939852e-04 1.710336e-05
970 1.931904e-04 1.697952e-05
971 1.924028e-04 1.685657e-05
972 1.916223e-04 1.673452e-05
973 1.908488e-04 1.661334e-05
974 1.900824e-04 1.649305e-05
975 1.893230e-04 1.637362e-05
976 1.885704e-04 1.625506e-05
977 1.878248e-04 1.613736e-05
978 1.870859e-04 1.602051e-05
979 1.863537e-04 1.590451e-05
980 1.856283e-04 1.578934e-05
981 1.849095e-04 1.567501e-05
982 1.841973e-04 1.556151e-05
983 1.834917e-04 1.544883e-05
984 1.827925e-04 1.533697e-05
985 1.820998e-04 1.522592e-05
986 1.814134e-04 1.511567e-05
987 1.807334e-04 1.500621e-05
988 1.800597e-04 1.489756e-05
989 1.793922e-04 1.478968e-05
990 1.787309e-04 1.468259e-05
991 1.780758e-04 1.457628e-05
992 1.774267e-04 1.447073e-05
993 1.767837e-04 1.436595e-05
994 1.761466e-04 1.426193e-05
995 1.755156e-04 1.415866e-05
996 1.748903e-04 1.405614e-05
997 1.742710e-04 1.395436e-05
998 1.736574e-04 1.385331e-05
999 1.730496e-04 1.375300e-05
1000 1.724475e-04 1.365342e-05
1001 1.718511e-04 1.355455e-05
1002 1.712602e-04 1.345641e-05
1003 1.706750e-04 1.335897e-05
1004 1.700952e-04 1.326224e-05
1005 1.695209e-04 1.316621e-05
1006 1.689521e-04 1.307087e-05
1007 1.683886e-04 1.297623e-05
1008 1.678305e-04 1.288227e-05
1009 1.672777e-04 1.278899e-05
1010 1.667301e-04 1.269638e-05
1011 1.661877e-04 1.260445e-05
1012 1.656505e-04 1.251318e-05
1013 1.651185e-04 1.242258e-05
1014 1.645914e-04 1.233262e-05
1015 1.640695e-04 1.224333e-05
1016 1.635525e-04 1.215467e-05
1017 1.630405e-04 1.206666e-05
1018 1.625333e-04 1.197929e-05
1019 1.620311e-04 1.189255e-05
1020 1.615336e-04 1.180643e-05
1021 1.610410e-04 1.172094e-05
1022 1.605531e-04 1.163607e-05
1023 1.600699e-04 1.155182e-05
1024 1.595913e-04 1.146817e-05
1025 1.591174e-04 1.138513e-05
1026 1.586481e-04 1.130269e-05
1027 1.581833e-04 1.122085e-05
1028 1.577229e-04 1.113960e-05
1029 1.572671e-04 1.105894e-05
1030 1.568157e-04 1.097886e-05
1031 1.563687e-04 1.089937e-05
1032 1.559260e-04 1.082044e-05
1033 1.554876e-04 1.074209e-05
1034 1.550535e-04 1.066431e-05
1035 1.546236e-04 1.058709e-05
1036 1.541979e-04 1.051043e-05
1037 1.537764e-04 1.043433e-05
1038 1.533590e-04 1.035877e-05
1039 1.529457e-04 1.028377e-05
1040 1.525364e-04 1.020930e-05
1041 1.521312e-04 1.013538e-05
1042 1.517299e-04 1.006199e-05
1043 1.513326e-04 9.989129e-06
1044 1.509392e-04 9.916799e-06
1045 1.505496e-04 9.844992e-06
1046 1.501639e-04 9.773705e-06
1047 1.497820e-04 9.702934e-06
1048 1.494038e-04 9.632676e-06
1049 1.490294e-04 9.562927e-06
1050 1.486586e-04 9.493682e-06
1051 1.482916e-04 9.424939e-06
1052 1.479281e-04 9.356694e-06
1053 1.475683e-04 9.288943e-06
1054 1.472120e-04 9.221682e-06
1055 1.468593e-04 9.154909e-06
1056 1.465101e-04 9.088619e-06
1057 1.461643e-04 9.022809e-06
1058 1.458220e-04 8.957475e-06
1059 1.454830e-04 8.892615e-06
1060 1.451475e-04 8.828224e-06
1061 1.448152e-04 8.764300e-06
1062 1.444863e-04 8.700838e-06
1063 1.441607e-04 8.637836e-06
1064 1.438383e-04 8.575290e-06
1065 1.435191e-04 8.513197e-06
1066 1.432031e-04 8.451554e-06
1067 1.428903e-04 8.390357e-06
1068 1.425806e-04 8.329603e-06
1069 1.422740e-04 8.269289e-06
1070 1.419705e-04 8.209411e-06
1071 1.416700e-04 8.149968e-06
1072 1.413725e-04 8.090954e-06
1073 1.410780e-04 8.032368e-06
1074 1.407864e-04 7.974207e-06
1075 1.404978e-04 7.916466e-06
1076 1.402121e-04 7.859143e-06
1077 1.399292e-04 7.802236e-06
1078 1.396492e-04 7.745740e-06
1079 1.393720e-04 7.689654e-06
1080 1.390976e-04 7.633974e-06
1081 1.388259e-04 7.578697e-06
1082 1.385570e-04 7.523820e-06
1083 1.382908e-04 7.469341e-06
1084 1.380272e-04 7.415256e-06
1085 1.377664e-04 7.361563e-06
1086 1.375081e-04 7.308258e-06
1087 1.372525e-04 7.255339e-06
1088 1.369994e-04 7.202804e-06
1089 1.367489e-04 7.150649e-06
1090 1.365009e-04 7.098872e-06
1091 1.362554e-04 7.047469e-06
1092 1.360124e-04 6.996439e-06
1093 1.357719e-04 6.945779e-06
1094 1.355337e-04 6.895485e-06
1095 1.352980e-04 6.845555e-06
1096 1.350647e-04 6.795987e-06
1097 1.348337e-04 6.746778e-06
1098 1.346051e-04 6.697925e-06
1099 1.343787e-04 6.649426e-06
1100 1.341547e-04 6.601278e-06
1101 1.339329e-04 6.553478e-06
1102 1.337134e-04 6.506025e-06
1103 1.334961e-04 6.458915e-06
1104 1.332810e-04 6.412147e-06
1105 1.330681e-04 6.365717e-06
1106 1.328573e-04 6.319623e-06
1107 1.326487e-04 6.273863e-06
1108 1.324422e-04 6.228435e-06
1109 1.322377e-04 6.183335e-06
1110 1.320354e-04 6.138562e-06
1111 1.318351e-04 6.094113e-06
1112 1.316368e-04 6.049986e-06
1113 1.314405e-04 6.006179e-06
1114 1.312462e-04 5.962688e-06
1115 1.310539e-04 5.919513e-06
1116 1.308636e-04 5.876650e-06
1117 1.306751e-04 5.834098e-06
1118 1.304886e-04 5.791854e-06
1119 1.303040e-04 5.749915e-06
1120 1.301212e-04 5.708281e-06
1121 1.299403e-04 5.666947e-06
1122 1.297612e-04 5.625913e-06
1123 1.295839e-04 5.585177e-06
1124 1.294085e-04 5.544735e-06
1125 1.292348e-04 5.504586e-06
1126 1.290628e-04 5.464728e-06
1127 1.288926e-04 5.425158e-06
1128 1.287242e-04 5.385875e-06
1129 1.285574e-04 5.346876e-06
1130 1.283923e-04 5.308160e-06
1131 1.282289e-04 5.269724e-06
1132 1.280672e-04 5.231566e-06
1133 1.279070e-04 5.193685e-06
1134 1.277485e-04 5.156078e-06
1135 1.275916e-04 5.118743e-06
1136 1.274363e-04 5.081678e-06
1137 1.272826e-04 5.044882e-06
1138 1.271304e-04 5.008353e-06
1139 1.269798e-04 4.972088e-06
1140 1.268307e-04 4.936085e-06
1141 1.266830e-04 4.900343e-06
1142 1.265369e-04 4.864860e-06
1143 1.263923e-04 4.829634e-06
1144 1.262491e-04 4.794663e-06
1145 1.261073e-04 4.759945e-06
1146 1.259670e-04 4.725479e-06
1147 1.258281e-04 4.691262e-06
1148 1.256906e-04 4.657293e-06
1149 1.255545e-04 4.623570e-06
1150 1.254197e-04 4.590091e-06
1151 1.252864e-04 4.556854e-06
1152 1.251543e-04 4.523859e-06
1153 1.250236e-04 4.491102e-06
1154 1.248942e-04 4.458582e-06
1155 1.247661e-04 4.426298e-06
1156 1.246393e-04 4.394247e-06
1157 1.245138e-04 4.362429e-06
1158 1.243895e-04 4.330841e-06
1159 1.242665e-04 4.299482e-06
1160 1.241447e-04 4.268349e-06
1161 1.240241e-04 4.237443e-06
1162 1.239047e-04 4.206760e-06
1163 1.237866e-04 4.176299e-06
1164 1.236696e-04 4.146058e-06
1165 1.235538e-04 4.116037e-06
1166 1.234391e-04 4.086233e-06
1167 1.233256e-04 4.056645e-06
1168 1.232133e-04 4.027271e-06
1169 1.231020e-04 3.998110e-06
1170 1.229919e-04 3.969160e-06
1171 1.228829e-04 3.940420e-06
1172 1.227749e-04 3.911887e-06
1173 1.226680e-04 3.883562e-06
1174 1.225622e-04 3.855441e-06
1175 1.224575e-04 3.827524e-06
1176 1.223538e-04 3.799809e-06
1177 1.222511e-04 3.772295e-06
1178 1.221495e-04 3.744980e-06
1179 1.220488e-04 3.717863e-06
1180 1.219492e-04 3.690942e-06
1181 1.218505e-04 3.664217e-06
1182 1.217529e-04 3.637684e-06
1183 1.216562e-04 3.611344e-06
1184 1.215604e-04 3.585195e-06
1185 1.214656e-04 3.559235e-06
1186 1.213718e-04 3.533462e-06
1187 1.212789e-04 3.507877e-06
1188 1.211869e-04 3.482477e-06
1189 1.210958e-04 3.457260e-06
1190 1.210056e-04 3.432226e-06
1191 1.209163e-04 3.407374e-06
1192 1.208278e-04 3.382701e-06
1193 1.207403e-04 3.358208e-06
1194 1.206536e-04 3.333891e-06
1195 1.205678e-04 3.309751e-06
1196 1.204828e-04 3.285785e-06
1197 1.203986e-04 3.261993e-06
1198 1.203153e-04 3.238373e-06
1199 1.202328e-04 3.214924e-06
1200 1.201511e-04 3.191645e-06
1201 1.200702e-04 3.168535e-06
1202 1.199901e-04 3.145592e-06
1203 1.199108e-04 3.122815e-06
1204 1.198322e-04 3.100202e-06
1205 1.197544e-04 3.077754e-06
1206 1.196774e-04 3.055468e-06
1207 1.196012e-04 3.033344e-06
1208 1.195256e-04 3.011380e-06
1209 1.194509e-04 2.989575e-06
1210 1.193768e-04 2.967927e-06
1211 1.193035e-04 2.946437e-06
1212 1.192309e-04 2.925102e-06
1213 1.191589e-04 2.903921e-06
1214 1.190877e-04 2.882894e-06
1215 1.190172e-04 2.862019e-06
1216 1.189474e-04 2.841296e-06
1217 1.188782e-04 2.820722e-06
1218 1.188097e-04 2.800298e-06
1219 1.187419e-04 2.780021e-06
1220 1.186747e-04 2.759891e-06
1221 1.186082e-04 2.739907e-06
1222 1.185423e-04 2.720067e-06
1223 1.184771e-04 2.700371e-06
1224 1.184124e-04 2.680818e-06
1225 1.183484e-04 2.661407e-06
1226 1.182851e-04 2.642136e-06
1227 1.182223e-04 2.623004e-06
1228 1.181601e-04 2.604011e-06
1229 1.180986e-04 2.585156e-06
1230 1.180376e-04 2.566437e-06
1231 1.179772e-04 2.547853e-06
1232 1.179174e-04 2.529405e-06
1233 1.178581e-04 2.511089e-06
1234 1.177995e-04 2.492907e-06
1235 1.177413e-04 2.474856e-06
1236 1.176838e-04 2.456936e-06
1237 1.176268e-04 2.439145e-06
1238 1.175703e-04 2.421483e-06
1239 1.175144e-04 2.403950e-06
1240 1.174590e-04 2.386543e-06
1241 1.174041e-04 2.369262e-06
1242 1.173498e-04 2.352106e-06
1243 1.172959e-04 2.335075e-06
1244 1.172426e-04 2.318167e-06
1245 1.171898e-04 2.301381e-06
1246 1.171375e-04 2.284717e-06
1247 1.170856e-04 2.268174e-06
1248 1.170343e-04 2.251750e-06
1249 1.169835e-04 2.235445e-06
1250 1.169331e-04 2.219259e-06
1251 1.168832e-04 2.203189e-06
1252 1.168338e-04 2.187236e-06
1253 1.167848e-04 2.171398e-06
1254 1.167363e-04 2.155675e-06
1255 1.166883e-04 2.140066e-06
1256 1.166407e-04 2.124570e-06
1257 1.165935e-04 2.109186e-06
1258 1.165468e-04 2.093914e-06
1259 1.165005e-04 2.078752e-06
1260 1.164547e-04 2.063700e-06
1261 1.164093e-04 2.048757e-06
1262 1.163643e-04 2.033922e-06
1263 1.163198e-04 2.019195e-06
1264 1.162756e-04 2.004574e-06
1265 1.162319e-04 1.990059e-06
1266 1.161885e-04 1.975649e-06
1267 1.161456e-04 1.961343e-06
1268 1.161031e-04 1.947141e-06
1269 1.160609e-04 1.933042e-06
1270 1.160192e-04 1.919045e-06
1271 1.159778e-04 1.905150e-06
1272 1.159369e-04 1.891355e-06
1273 1.158963e-04 1.877659e-06
1274 1.158560e-04 1.864063e-06
1275 1.158162e-04 1.850566e-06
1276 1.157767e-04 1.837166e-06
1277 1.157376e-04 1.823863e-06
1278 1.156988e-04 1.810657e-06
1279 1.156604e-04 1.797546e-06
1280 1.156224e-04 1.784530e-06
1281 1.155847e-04 1.771608e-06
1282 1.155473e-04 1.758780e-06
1283 1.155103e-04 1.746045e-06
1284 1.154736e-04 1.733402e-06
1285 1.154373e-04 1.720851e-06
1286 1.154013e-04 1.708390e-06
1287 1.153656e-04 1.696020e-06
1288 1.153302e-04 1.683739e-06
1289 1.152952e-04 1.671547e-06
1290 1.152605e-04 1.659444e-06
1291 1.152261e-04 1.647428e-06
1292 1.151920e-04 1.635499e-06
1293 1.151582e-04 1.623656e-06
1294 1.151248e-04 1.611900e-06
1295 1.150916e-04 1.600228e-06
1296 1.150587e-04 1.588641e-06
1297 1.150261e-04 1.577138e-06
1298 1.149939e-04 1.565718e-06
1299 1.149619e-04 1.554380e-06
1300 1.149302e-04 1.543125e-06
1301 1.148988e-04 1.531952e-06
1302 1.148677e-04 1.520859e-06
1303 1.148368e-04 1.509847e-06
1304 1.148062e-04 1.498914e-06
1305 1.147759e-04 1.488060e-06
1306 1.147459e-04 1.477285e-06
1307 1.147162e-04 1.466588e-06
1308 1.146867e-04 1.455969e-06
1309 1.146574e-04 1.445426e-06
1310 1.146285e-04 1.434960e-06
1311 1.145998e-04 1.424570e-06
1312 1.145713e-04 1.414255e-06
1313 1.145431e-04 1.404014e-06
1314 1.145152e-04 1.393848e-06
1315 1.144875e-04 1.383755e-06
1316 1.144600e-04 1.373735e-06
1317 1.144328e-04 1.363788e-06
1318 1.144059e-04 1.353913e-06
1319 1.143791e-04 1.344110e-06
1320 1.143526e-04 1.334377e-06
1321 1.143264e-04 1.324715e-06
1322 1.143004e-04 1.315123e-06
1323 1.142746e-04 1.305600e-06
1324 1.142490e-04 1.296146e-06
1325 1.142237e-04 1.286761e-06
1326 1.141985e-04 1.277444e-06
1327 1.141736e-04 1.268194e-06
1328 1.141490e-04 1.259011e-06
1329 1.141245e-04 1.249894e-06
1330 1.141002e-04 1.240844e-06
1331 1.140762e-04 1.231859e-06
1332 1.140524e-04 1.222939e-06
1333 1.140288e-04 1.214084e-06
1334 1.140054e-04 1.205293e-06
1335 1.139822e-04 1.196566e-06
1336 1.139592e-04 1.187901e-06
1337 1.139364e-04 1.179300e-06
1338 1.139138e-04 1.170761e-06
1339 1.138914e-04 1.162283e-06
1340 1.138691e-04 1.153867e-06
1341 1.138471e-04 1.145512e-06
1342 1.138253e-04 1.137218e-06
1343 1.138037e-04 1.128983e-06
1344 1.137822e-04 1.120808e-06
1345 1.137609e-04 1.112693e-06
1346 1.137399e-04 1.104636e-06
1347 1.137190e-04 1.096637e-06
1348 1.136983e-04 1.088696e-06
1349 1.136777e-04 1.080813e-06
1350 1.136574e-04 1.072987e-06
1351 1.136372e-04 1.065218e-06
1352 1.136172e-04 1.057505e-06
1353 1.135973e-04 1.049847e-06
1354 1.135776e-04 1.042245e-06
1355 1.135581e-04 1.034699e-06
1356 1.135388e-04 1.027206e-06
1357 1.135196e-04 1.019768e-06
1358 1.135006e-04 1.012384e-06
1359 1.134818e-04 1.005054e-06
1360 1.134631e-04 9.977762e-07
1361 1.134446e-04 9.905514e-07
1362 1.134262e-04 9.833789e-07
1363 1.134080e-04 9.762583e-07
1364 1.133900e-04 9.691893e-07
1365 1.133721e-04 9.621715e-07
1366 1.133543e-04 9.552045e-07
1367 1.133368e-04 9.482879e-07
1368 1.133193e-04 9.414214e-07
1369 1.133020e-04 9.346047e-07
1370 1.132849e-04 9.278373e-07
1371 1.132679e-04 9.211189e-07
1372 1.132510e-04 9.144491e-07
1373 1.132343e-04 9.078277e-07
1374 1.132177e-04 9.012542e-07
1375 1.132013e-04 8.947283e-07
1376 1.131850e-04 8.882496e-07
1377 1.131688e-04 8.818178e-07
1378 1.131528e-04 8.754327e-07
1379 1.131369e-04 8.690937e-07
1380 1.131212e-04 8.628007e-07
1381 1.131055e-04 8.565532e-07
1382 1.130900e-04 8.503510e-07
1383 1.130747e-04 8.441936e-07
1384 1.130594e-04 8.380809e-07
1385 1.130443e-04 8.320124e-07
1386 1.130294e-04 8.259879e-07
1387 1.130145e-04 8.200070e-07
1388 1.129998e-04 8.140694e-07
1389 1.129852e-04 8.081747e-07
1390 1.129707e-04 8.023228e-07
1391 1.129563e-04 7.965133e-07
1392 1.129421e-04 7.907458e-07
1393 1.129280e-04 7.850200e-07
1394 1.129140e-04 7.793358e-07
1395 1.129001e-04 7.736927e-07
1396 1.128863e-04 7.680904e-07
1397 1.128726e-04 7.625287e-07
1398 1.128591e-04 7.570073e-07
1399 1.128457e-04 7.515259e-07
1400 1.128323e-04 7.460841e-07
1401 1.128191e-04 7.406818e-07
1402 1.128060e-04 7.353186e-07
1403 1.127930e-04 7.299942e-07
1404 1.127801e-04 7.247084e-07
1405 1.127673e-04 7.194608e-07
1406 1.127547e-04 7.142512e-07
1407 1.127421e-04 7.090794e-07
1408 1.127296e-04 7.039450e-07
1409 1.127173e-04 6.988478e-07
1410 1.127050e-04 6.937875e-07
1411 1.126928e-04 6.887638e-07
1412 1.126808e-04 6.837765e-07
1413 1.126688e-04 6.788254e-07
1414 1.126569e-04 6.739100e-07
1415 1.126452e-04 6.690303e-07
1416 1.126335e-04 6.641859e-07
1417 1.126219e-04 6.593766e-07
1418 1.126104e-04 6.546021e-07
1419 1.125991e-04 6.498622e-07
1420 1.125878e-04 6.451566e-07
1421 1.125766e-04 6.404850e-07
1422 1.125654e-04 6.358473e-07
1423 1.125544e-04 6.312432e-07
1424 1.125435e-04 6.266724e-07
1425 1.125327e-04 6.221347e-07
1426 1.125219e-04 6.176299e-07
1427 1.125112e-04 6.131577e-07
1428 1.125007e-04 6.087179e-07
1429 1.124902e-04 6.043102e-07
1430 1.124798e-04 5.999344e-07
1431 1.124694e-04 5.955903e-07
1432 1.124592e-04 5.912777e-07
1433 1.124490e-04 5.869963e-07
1434 1.124390e-04 5.827459e-07
1435 1.124290e-04 5.785263e-07
1436 1.124190e-04 5.743372e-07
1437 1.124092e-04 5.701785e-07
1438 1.123995e-04 5.660499e-07
1439 1.123898e-04 5.619512e-07
1440 1.123802e-04 5.578821e-07
1441 1.123707e-04 5.538425e-07
1442 1.123612e-04 5.498322e-07
1443 1.123519e-04 5.458509e-07
1444 1.123426e-04 5.418984e-07
1445 1.123333e-04 5.379746e-07
1446 1.123242e-04 5.340792e-07
1447 1.123151e-04 5.302119e-07
1448 1.123061e-04 5.263727e-07
1449 1.122972e-04 5.225613e-07
1450 1.122884e-04 5.187775e-07
1451 1.122796e-04 5.150210e-07
1452 1.122709e-04 5.112918e-07
1453 1.122622e-04 5.075896e-07
1454 1.122536e-04 5.039142e-07
1455 1.122451e-04 5.002654e-07
1456 1.122367e-04 4.966430e-07
1457 1.122283e-04 4.930468e-07
1458 1.122200e-04 4.894767e-07
1459 1.122118e-04 4.859324e-07
1460 1.122036e-04 4.824138e-07
1461 1.121955e-04 4.789207e-07
1462 1.121875e-04 4.754529e-07
1463 1.121795e-04 4.720102e-07
1464 1.121716e-04 4.685924e-07
1465 1.121637e-04 4.651993e-07
1466 1.121559e-04 4.618309e-07
1467 1.121482e-04 4.584868e-07
1468 1.121405e-04 4.551669e-07
1469 1.121329e-04 4.518711e-07
1470 1.121254e-04 4.485991e-07
1471 1.121179e-04 4.453509e-07
1472 1.121105e-04 4.421261e-07
1473 1.121031e-04 4.389247e-07
1474 1.120958e-04 4.357465e-07
1475 1.120886e-04 4.325913e-07
1476 1.120814e-04 4.294589e-07
1477 1.120742e-04 4.263492e-07
1478 1.120671e-04 4.232621e-07
1479 1.120601e-04 4.201973e-07
1480 1.120532e-04 4.171546e-07
1481 1.120462e-04 4.141341e-07
1482 1.120394e-04 4.111353e-07
1483 1.120326e-04 4.081583e-07
1484 1.120258e-04 4.052029e-07
1485 1.120191e-04 4.022689e-07
1486 1.120125e-04 3.993561e-07
1487 1.120059e-04 3.964644e-07
1488 1.119993e-04 3.935936e-07
1489 1.119928e-04 3.907436e-07
1490 1.119864e-04 3.879143e-07
1491 1.119800e-04 3.851054e-07
1492 1.119737e-04 3.823169e-07
1493 1.119674e-04 3.795486e-07
1494 1.119611e-04 3.768003e-07
1495 1.119549e-04 3.740719e-07
1496 1.119488e-04 3.713633e-07
1497 1.119427e-04 3.686743e-07
1498 1.119366e-04 3.660047e-07
1499 1.119306e-04 3.633545e-07
1500 1.119247e-04 3.607235e-07
1501 1.119188e-04 3.581115e-07
1502 1.119129e-04 3.555184e-07
1503 1.119071e-04 3.529442e-07
1504 1.119013e-04 3.503885e-07
1505 1.118956e-04 3.478514e-07
1506 1.118899e-04 3.453326e-07
1507 1.118843e-04 3.428321e-07
1508 1.118787e-04 3.403497e-07
1509 1.118731e-04 3.378852e-07
1510 1.118676e-04 3.354386e-07
1511 1.118622e-04 3.330097e-07
1512 1.118567e-04 3.305984e-07
1513 1.118514e-04 3.282046e-07
1514 1.118460e-04 3.258281e-07
1515 1.118407e-04 3.234688e-07
1516 1.118355e-04 3.211266e-07
1517 1.118303e-04 3.188013e-07
1518 1.118251e-04 3.164929e-07
1519 1.118199e-04 3.142012e-07
1520 1.118149e-04 3.119261e-07
1521 1.118098e-04 3.096675e-07
1522 1.118048e-04 3.074252e-07
1523 1.117998e-04 3.051992e-07
1524 1.117949e-04 3.029892e-07
1525 1.117900e-04 3.007953e-07
1526 1.117851e-04 2.986173e-07
1527 1.117803e-04 2.964550e-07
1528 1.117755e-04 2.943084e-07
1529 1.117707e-04 2.921773e-07
1530 1.117660e-04 2.900617e-07
1531 1.117613e-04 2.879614e-07
1532 1.117567e-04 2.858763e-07
1533 1.117521e-04 2.838063e-07
1534 1.117475e-04 2.817512e-07
1535 1.117430e-04 2.797111e-07
1536 1.117385e-04 2.776857e-07
1537 1.117340e-04 2.756750e-07
1538 1.117296e-04 2.736789e-07
1539 1.117252e-04 2.716972e-07
1540 1.117208e-04 2.697299e-07
1541 1.117165e-04 2.677768e-07
1542 1.117122e-04 2.658378e-07
1543 1.117079e-04 2.639129e-07
1544 1.117037e-04 2.620019e-07
1545 1.116995e-04 2.601048e-07
1546 1.116953e-04 2.582214e-07
1547 1.116912e-04 2.563516e-07
1548 1.116871e-04 2.544954e-07
1549 1.116830e-04 2.526526e-07
1550 1.116789e-04 2.508232e-07
1551 1.116749e-04 2.490070e-07
1552 1.116710e-04 2.472040e-07
1553 1.116670e-04 2.454140e-07
1554 1.116631e-04 2.436370e-07
1555 1.116592e-04 2.418728e-07
1556 1.116553e-04 2.401214e-07
1557 1.116515e-04 2.383827e-07
1558 1.116477e-04 2.366566e-07
1559 1.116439e-04 2.349430e-07
1560 1.116402e-04 2.332418e-07
1561 1.116365e-04 2.315529e-07
1562 1.116328e-04 2.298762e-07
1563 1.116291e-04 2.282117e-07
1564 1.116255e-04 2.265593e-07
1565 1.116219e-04 2.249188e-07
1566 1.116183e-04 2.232901e-07
1567 1.116147e-04 2.216733e-07
1568 1.116112e-04 2.200682e-07
1569 1.116077e-04 2.184747e-07
1570 1.116043e-04 2.168927e-07
1571 1.116008e-04 2.153222e-07
1572 1.115974e-04 2.137631e-07
1573 1.115940e-04 2.122153e-07
1574 1.115906e-04 2.106786e-07
1575 1.115873e-04 2.091531e-07
1576 1.115840e-04 2.076387e-07
1577 1.115807e-04 2.061352e-07
1578 1.115774e-04 2.046426e-07
1579 1.115742e-04 2.031608e-07
1580 1.115710e-04 2.016897e-07
1581 1.115678e-04 2.002293e-07
1582 1.115646e-04 1.987794e-07
1583 1.115615e-04 1.973401e-07
1584 1.115584e-04 1.959111e-07
1585 1.115553e-04 1.944926e-07
1586 1.115522e-04 1.930843e-07
1587 1.115491e-04 1.916862e-07
1588 1.115461e-04 1.902982e-07
1589 1.115431e-04 1.889202e-07
1590 1.115401e-04 1.875523e-07
1591 1.115372e-04 1.861942e-07
1592 1.115342e-04 1.848460e-07
1593 1.115313e-04 1.835076e-07
1594 1.115284e-04 1.821788e-07
1595 1.115256e-04 1.808596e-07
1596 1.115227e-04 1.795501e-07
1597 1.115199e-04 1.782499e-07
1598 1.115171e-04 1.769593e-07
1599 1.115143e-04 1.756779e-07
1600 1.115115e-04 1.744058e-07
1601 1.115088e-04 1.731430e-07
1602 1.115061e-04 1.718893e-07
1603 1.115034e-04 1.706446e-07
1604 1.115007e-04 1.694090e-07
1605 1.114980e-04 1.681823e-07
1606 1.114954e-04 1.669645e-07
1607 1.114928e-04 1.657555e-07
1608 1.114902e-04 1.645553e-07
1609 1.114876e-04 1.633638e-07
1610 1.114850e-04 1.621809e-07
1611 1.114825e-04 1.610065e-07
1612 1.114799e-04 1.598407e-07
1613 1.114774e-04 1.586833e-07
1614 1.114750e-04 1.575343e-07
1615 1.114725e-04 1.563936e-07
1616 1.114700e-04 1.552612e-07
1617 1.114676e-04 1.541369e-07
1618 1.114652e-04 1.530208e-07
1619 1.114628e-04 1.519128e-07
1620 1.114604e-04 1.508128e-07
1621 1.114581e-04 1.497208e-07
1622 1.114557e-04 1.486367e-07
1623 1.114534e-04 1.475604e-07
1624 1.114511e-04 1.464920e-07
1625 1.114488e-04 1.454312e-07
1626 1.114465e-04 1.443782e-07
1627 1.114443e-04 1.433327e-07
1628 1.114420e-04 1.422949e-07
1629 1.114398e-04 1.412645e-07
1630 1.114376e-04 1.402416e-07
1631 1.114354e-04 1.392262e-07
1632 1.114333e-04 1.382180e-07
1633 1.114311e-04 1.372172e-07
1634 1.114290e-04 1.362236e-07
1635 1.114268e-04 1.352372e-07
1636 1.114247e-04 1.342580e-07
1637 1.114226e-04 1.332859e-07
1638 1.114206e-04 1.323207e-07
1639 1.114185e-04 1.313626e-07
1640 1.114164e-04 1.304114e-07
1641 1.114144e-04 1.294671e-07
1642 1.114124e-04 1.285297e-07
1643 1.114104e-04 1.275990e-07
1644 1.114084e-04 1.266751e-07
1645 1.114064e-04 1.257578e-07
1646 1.114045e-04 1.248472e-07
1647 1.114025e-04 1.239432e-07
1648 1.114006e-04 1.230457e-07
1649 1.113987e-04 1.221548e-07
1650 1.113968e-04 1.212703e-07
1651 1.113949e-04 1.203922e-07
1652 1.113931e-04 1.195204e-07
1653 1.113912e-04 1.186550e-07
1654 1.113894e-04 1.177958e-07
1655 1.113875e-04 1.169428e-07
1656 1.113857e-04 1.160961e-07
1657 1.113839e-04 1.152554e-07
1658 1.113821e-04 1.144209e-07
1659 1.113803e-04 1.135924e-07
1660 1.113786e-04 1.127698e-07
1661 1.113768e-04 1.119533e-07
1662 1.113751e-04 1.111426e-07
1663 1.113734e-04 1.103379e-07
1664 1.113717e-04 1.095389e-07
1665 1.113700e-04 1.087458e-07
1666 1.113683e-04 1.079583e-07
1667 1.113666e-04 1.071766e-07
1668 1.113650e-04 1.064006e-07
1669 1.113633e-04 1.056301e-07
1670 1.113617e-04 1.048653e-07
1671 1.113600e-04 1.041059e-07
1672 1.113584e-04 1.033521e-07
1673 1.113568e-04 1.026037e-07
1674 1.113553e-04 1.018608e-07
1675 1.113537e-04 1.011232e-07
1676 1.113521e-04 1.003910e-07
1677 1.113506e-04 9.966409e-08
1678 1.113490e-04 9.894243e-08
1679 1.113475e-04 9.822599e-08
1680 1.113460e-04 9.751474e-08
1681 1.113445e-04 9.680865e-08
1682 1.113430e-04 9.610766e-08
1683 1.113415e-04 9.541176e-08
1684 1.113400e-04 9.472089e-08
1685 1.113385e-04 9.403502e-08
1686 1.113371e-04 9.335412e-08
1687 1.113357e-04 9.267815e-08
1688 1.113342e-04 9.200707e-08
1689 1.113328e-04 9.134086e-08
1690 1.113314e-04 9.067946e-08
1691 1.113300e-04 9.002286e-08
1692 1.113286e-04 8.937101e-08
1693 1.113272e-04 8.872388e-08
1694 1.113259e-04 8.808144e-08
1695 1.113245e-04 8.744365e-08
1696 1.113232e-04 8.681048e-08
1697 1.113218e-04 8.618189e-08
1698 1.113205e-04 8.555785e-08
1699 1.113192e-04 8.493833e-08
1700 1.113179e-04 8.432330e-08
1701 1.113166e-04 8.371272e-08
1702 1.113153e-04 8.310657e-08
1703 1.113140e-04 8.250480e-08
1704 1.113127e-04 8.190739e-08
1705 1.113115e-04 8.131430e-08
1706 1.113102e-04 8.072551e-08
1707 1.113090e-04 8.014098e-08
1708 1.113077e-04 7.956069e-08
1709 1.113065e-04 7.898460e-08
1710 1.113053e-04 7.841267e-08
1711 1.113041e-04 7.784489e-08
1712 1.113029e-04 7.728123e-08
1713 1.113017e-04 7.672164e-08
1714 1.113005e-04 7.616610e-08
1715 1.112993e-04 7.561459e-08
1716 1.112982e-04 7.506707e-08
1717 1.112970e-04 7.452352e-08
1718 1.112959e-04 7.398390e-08
1719 1.112947e-04 7.344818e-08
1720 1.112936e-04 7.291635e-08
1721 1.112925e-04 7.238837e-08
1722 1.112914e-04 7.186421e-08
1723 1.112903e-04 7.134385e-08
1724 1.112892e-04 7.082725e-08
1725 1.112881e-04 7.031440e-08
1726 1.112870e-04 6.980526e-08
1727 1.112859e-04 6.929980e-08
1728 1.112849e-04 6.879801e-08
1729 1.112838e-04 6.829985e-08
1730 1.112828e-04 6.780529e-08
1731 1.112817e-04 6.731432e-08
1732 1.112807e-04 6.682690e-08
1733 1.112797e-04 6.634301e-08
1734 1.112787e-04 6.586263e-08
1735 1.112777e-04 6.538572e-08
1736 1.112766e-04 6.491227e-08
1737 1.112757e-04 6.444224e-08
1738 1.112747e-04 6.397562e-08
1739 1.112737e-04 6.351238e-08
1740 1.112727e-04 6.305249e-08
1741 1.112717e-04 6.259593e-08
1742 1.112708e-04 6.214268e-08
1743 1.112698e-04 6.169271e-08
1744 1.112689e-04 6.124600e-08
1745 1.112679e-04 6.080252e-08
1746 1.112670e-04 6.036225e-08
1747 1.112661e-04 5.992518e-08
1748 1.112652e-04 5.949126e-08
1749 1.112643e-04 5.906049e-08
1750 1.112634e-04 5.863284e-08
1751 1.112625e-04 5.820828e-08
1752 1.112616e-04 5.778680e-08
1753 1.112607e-04 5.736837e-08
1754 1.112598e-04 5.695297e-08
1755 1.112589e-04 5.654058e-08
1756 1.112581e-04 5.613117e-08
1757 1.112572e-04 5.572473e-08
1758 1.112564e-04 5.532123e-08
1759 1.112555e-04 5.492065e-08
1760 1.112547e-04 5.452298e-08
1761 1.112538e-04 5.412818e-08
1762 1.112530e-04 5.373624e-08
1763 1.112522e-04 5.334714e-08
1764 1.112514e-04 5.296086e-08
1765 1.112506e-04 5.257738e-08
1766 1.112498e-04 5.219667e-08
1767 1.112490e-04 5.181871e-08
1768 1.112482e-04 5.144350e-08
1769 1.112474e-04 5.107100e-08
1770 1.112466e-04 5.070120e-08
1771 1.112458e-04 5.033408e-08
1772 1.112450e-04 4.996961e-08
1773 1.112443e-04 4.960778e-08
1774 1.112435e-04 4.924858e-08
1775 1.112428e-04 4.889197e-08
1776 1.112420e-04 4.853795e-08
1777 1.112413e-04 4.818649e-08
1778 1.112405e-04 4.783758e-08
1779 1.112398e-04 4.749119e-08
1780 1.112391e-04 4.714731e-08
1781 1.112384e-04 4.680592e-08
1782 1.112377e-04 4.646700e-08
1783 1.112369e-04 4.613053e-08
1784 1.112362e-04 4.579651e-08
1785 1.112355e-04 4.546490e-08
1786 1.112349e-04 4.513569e-08
1787 1.112342e-04 4.480887e-08
1788 1.112335e-04 4.448441e-08
1789 1.112328e-04 4.416230e-08
1790 1.112321e-04 4.384252e-08
1791 1.112315e-04 4.352506e-08
1792 1.112308e-04 4.320990e-08
1793 1.112301e-04 4.289702e-08
1794 1.112295e-04 4.258641e-08
1795 1.112288e-04 4.227804e-08
1796 1.112282e-04 4.197191e-08
1797 1.112275e-04 4.166800e-08
1798 1.112269e-04 4.136628e-08
1799 1.112263e-04 4.106675e-08
1800 1.112256e-04 4.076939e-08
1801 1.112250e-04 4.047418e-08
1802 1.112244e-04 4.018111e-08
1803 1.112238e-04 3.989016e-08
1804 1.112232e-04 3.960132e-08
1805 1.112226e-04 3.931457e-08
1806 1.112220e-04 3.902990e-08
1807 1.112214e-04 3.874728e-08
1808 1.112208e-04 3.846672e-08
1809 1.112202e-04 3.818818e-08
1810 1.112196e-04 3.791167e-08
1811 1.112191e-04 3.763715e-08
1812 1.112185e-04 3.736462e-08
1813 1.112179e-04 3.709407e-08
1814 1.112173e-04 3.682547e-08
1815 1.112168e-04 3.655882e-08
1816 1.112162e-04 3.629410e-08
1817 1.112157e-04 3.603130e-08
1818 1.112151e-04 3.577040e-08
1819 1.112146e-04 3.551139e-08
1820 1.112140e-04 3.525425e-08
1821 1.112135e-04 3.499898e-08
1822 1.112130e-04 3.474556e-08
1823 1.112124e-04 3.449397e-08
1824 1.112119e-04 3.424420e-08
1825 1.112114e-04 3.399624e-08
1826 1.112109e-04 3.375007e-08
1827 1.112104e-04 3.350569e-08
1828 1.112099e-04 3.326308e-08
1829 1.112093e-04 3.302222e-08
1830 1.112088e-04 3.278311e-08
1831 1.112083e-04 3.254573e-08
1832 1.112078e-04 3.231007e-08
1833 1.112074e-04 3.207612e-08
1834 1.112069e-04 3.184386e-08
1835 1.112064e-04 3.161328e-08
1836 1.112059e-04 3.138437e-08
1837 1.112054e-04 3.115712e-08
1838 1.112050e-04 3.093151e-08
1839 1.112045e-04 3.070754e-08
1840 1.112040e-04 3.048519e-08
1841 1.112035e-04 3.026445e-08
1842 1.112031e-04 3.004530e-08
1843 1.112026e-04 2.982775e-08
1844 1.112022e-04 2.961177e-08
1845 1.112017e-04 2.939735e-08
1846 1.112013e-04 2.918449e-08
1847 1.112008e-04 2.897316e-08
1848 1.112004e-04 2.876337e-08
1849 1.112000e-04 2.855510e-08
1850 1.111995e-04 2.834833e-08
1851 1.111991e-04 2.814306e-08
1852 1.111987e-04 2.793928e-08
1853 1.111982e-04 2.773698e-08
1854 1.111978e-04 2.753613e-08
1855 1.111974e-04 2.733675e-08
1856 1.111970e-04 2.713880e-08
1857 1.111966e-04 2.694229e-08
1858 1.111962e-04 2.674721e-08
1859 1.111958e-04 2.655353e-08
1860 1.111954e-04 2.636126e-08
1861 1.111950e-04 2.617038e-08
1862 1.111946e-04 2.598088e-08
1863 1.111942e-04 2.579276e-08
1864 1.111938e-04 2.560599e-08
1865 1.111934e-04 2.542058e-08
1866 1.111930e-04 2.523651e-08
1867 1.111926e-04 2.505378e-08
1868 1.111922e-04 2.487237e-08
1869 1.111918e-04 2.469227e-08
1870 1.111915e-04 2.451347e-08
1871 1.111911e-04 2.433597e-08
1872 1.111907e-04 2.415976e-08
1873 1.111904e-04 2.398482e-08
1874 1.111900e-04 2.381115e-08
1875 1.111896e-04 2.363873e-08
1876 1.111893e-04 2.346756e-08
1877 1.111889e-04 2.329764e-08
1878 1.111886e-04 2.312894e-08
1879 1.111882e-04 2.296147e-08
1880 1.111879e-04 2.279520e-08
1881 1.111875e-04 2.263015e-08
1882 1.111872e-04 2.246628e-08
1883 1.111868e-04 2.230361e-08
1884 1.111865e-04 2.214211e-08
1885 1.111862e-04 2.198178e-08
1886 1.111858e-04 2.182261e-08
1887 1.111855e-04 2.166459e-08
1888 1.111852e-04 2.150772e-08
1889 1.111848e-04 2.135199e-08
1890 1.111845e-04 2.119738e-08
1891 1.111842e-04 2.104389e-08
1892 1.111839e-04 2.089151e-08
1893 1.111836e-04 2.074024e-08
1894 1.111832e-04 2.059006e-08
1895 1.111829e-04 2.044097e-08
1896 1.111826e-04 2.029296e-08
1897 1.111823e-04 2.014602e-08
1898 1.111820e-04 2.000014e-08
1899 1.111817e-04 1.985532e-08
1900 1.111814e-04 1.971155e-08
1901 1.111811e-04 1.956882e-08
1902 1.111808e-04 1.942713e-08
1903 1.111805e-04 1.928646e-08
1904 1.111802e-04 1.914680e-08
1905 1.111799e-04 1.900816e-08
1906 1.111796e-04 1.887053e-08
1907 1.111794e-04 1.873389e-08
1908 1.111791e-04 1.859824e-08
1909 1.111788e-04 1.846357e-08
1910 1.111785e-04 1.832987e-08
1911 1.111782e-04 1.819715e-08
1912 1.111780e-04 1.806538e-08
1913 1.111777e-04 1.793457e-08
1914 1.111774e-04 1.780471e-08
1915 1.111771e-04 1.767579e-08
1916 1.111769e-04 1.754780e-08
1917 1.111766e-04 1.742074e-08
1918 1.111763e-04 1.729460e-08
1919 1.111761e-04 1.716937e-08
1920 1.111758e-04 1.704504e-08
1921 1.111756e-04 1.692162e-08
1922 1.111753e-04 1.679909e-08
1923 1.111750e-04 1.667745e-08
1924 1.111748e-04 1.655669e-08
1925 1.111745e-04 1.643681e-08
1926 1.111743e-04 1.631779e-08
1927 1.111740e-04 1.619963e-08
1928 1.111738e-04 1.608233e-08
1929 1.111736e-04 1.596588e-08
1930 1.111733e-04 1.585027e-08
1931 1.111731e-04 1.573550e-08
1932 1.111728e-04 1.562156e-08
1933 1.111726e-04 1.550845e-08
1934 1.111724e-04 1.539615e-08
1935 1.111721e-04 1.528467e-08
1936 1.111719e-04 1.517400e-08
1937 1.111717e-04 1.506412e-08
1938 1.111714e-04 1.495504e-08
1939 1.111712e-04 1.484676e-08
1940 1.111710e-04 1.473925e-08
1941 1.111708e-04 1.463253e-08
1942 1.111705e-04 1.452657e-08
1943 1.111703e-04 1.442139e-08
1944 1.111701e-04 1.431696e-08
1945 1.111699e-04 1.421330e-08
1946 1.111697e-04 1.411038e-08
1947 1.111695e-04 1.400821e-08
1948 1.111692e-04 1.390677e-08
1949 1.111690e-04 1.380608e-08
1950 1.111688e-04 1.370611e-08
1951 1.111686e-04 1.360686e-08
1952 1.111684e-04 1.350834e-08
1953 1.111682e-04 1.341052e-08
1954 1.111680e-04 1.331342e-08
1955 1.111678e-04 1.321702e-08
1956 1.111676e-04 1.312131e-08
1957 1.111674e-04 1.302630e-08
1958 1.111672e-04 1.293198e-08
1959 1.111670e-04 1.283834e-08
1960 1.111668e-04 1.274538e-08
1961 1.111666e-04 1.265309e-08
1962 1.111664e-04 1.256147e-08
1963 1.111662e-04 1.247051e-08
1964 1.111660e-04 1.238022e-08
1965 1.111659e-04 1.229057e-08
1966 1.111657e-04 1.220158e-08
1967 1.111655e-04 1.211323e-08
1968 1.111653e-04 1.202552e-08
1969 1.111651e-04 1.193844e-08
1970 1.111649e-04 1.185199e-08
1971 1.111648e-04 1.176617e-08
1972 1.111646e-04 1.168098e-08
1973 1.111644e-04 1.159640e-08
1974 1.111642e-04 1.151243e-08
1975 1.111641e-04 1.142907e-08
1976 1.111639e-04 1.134631e-08
1977 1.111637e-04 1.126415e-08
1978 1.111635e-04 1.118259e-08
1979 1.111634e-04 1.110162e-08
1980 1.111632e-04 1.102123e-08
1981 1.111630e-04 1.094143e-08
1982 1.111629e-04 1.086220e-08
1983 1.111627e-04 1.078355e-08
1984 1.111625e-04 1.070547e-08
1985 1.111624e-04 1.062795e-08
1986 1.111622e-04 1.055099e-08
1987 1.111621e-04 1.047459e-08
1988 1.111619e-04 1.039875e-08
1989 1.111617e-04 1.032345e-08
1990 1.111616e-04 1.024870e-08
1991 1.111614e-04 1.017449e-08
1992 1.111613e-04 1.010082e-08
1993 1.111611e-04 1.002768e-08
1994 1.111610e-04 9.955068e-09
