# step err_l2 res_l2
0 2.460291e-01 1.000000e+00
1 1.864821e-01 5.240759e-01
2 1.725615e-01 5.140000e-01
3 1.493920e-01 3.972866e-01
4 1.383814e-01 3.106017e-01
5 1.266594e-01 2.693910e-01
6 1.182988e-01 2.627375e-01
7 1.104091e-01 2.715430e-01
8 1.036915e-01 2.846005e-01
9 9.749924e-02 2.978926e-01
10 9.190171e-02 3.108110e-01
11 8.673100e-02 3.234540e-01
12 8.195549e-02 3.356245e-01
13 7.751052e-02 3.466464e-01
14 7.335876e-02 3.556258e-01
15 6.946367e-02 3.617295e-01
16 6.579723e-02 3.643800e-01
17 6.233615e-02 3.633138e-01
18 5.906181e-02 3.585620e-01
19 5.595930e-02 3.503835e-01
20 5.301655e-02 3.391923e-01
21 5.022373e-02 3.254893e-01
22 4.757256e-02 3.098084e-01
23 4.505588e-02 2.926769e-01
24 4.266731e-02 2.745883e-01
25 4.040093e-02 2.559858e-01
26 3.825119e-02 2.372536e-01
27 3.621272e-02 2.187140e-01
28 3.428033e-02 2.006287e-01
29 3.244897e-02 1.832023e-01
30 3.071369e-02 1.665879e-01
31 2.906970e-02 1.508933e-01
32 2.751233e-02 1.361874e-01
33 2.603709e-02 1.225069e-01
34 2.463964e-02 1.098615e-01
35 2.331587e-02 9.824000e-02
36 2.206184e-02 8.761465e-02
37 2.087381e-02 7.794555e-02
38 1.974826e-02 6.918402e-02
39 1.868189e-02 6.127566e-02
40 1.767155e-02 5.416267e-02
41 1.671433e-02 4.778587e-02
42 1.580745e-02 4.208616e-02
43 1.494831e-02 3.700570e-02
44 1.413446e-02 3.248876e-02
45 1.336360e-02 2.848233e-02
46 1.263355e-02 2.493653e-02
47 1.194224e-02 2.180482e-02
48 1.128772e-02 1.904413e-02
49 1.066813e-02 1.661485e-02
50 1.008173e-02 1.448077e-02
51 9.526837e-03 1.260896e-02
52 9.001867e-03 1.096962e-02
53 8.505307e-03 9.535875e-03
54 8.035719e-03 8.283590e-03
55 7.591731e-03 7.191164e-03
56 7.172036e-03 6.239322e-03
57 6.775389e-03 5.410912e-03
58 6.400603e-03 4.690713e-03
59 6.046548e-03 4.065249e-03
60 5.712146e-03 3.522616e-03
61 5.396370e-03 3.052319e-03
62 5.098243e-03 2.645120e-03
63 4.816835e-03 2.292907e-03
64 4.551260e-03 1.988559e-03
65 4.300677e-03 1.725841e-03
66 4.064285e-03 1.499295e-03
67 3.841323e-03 1.304147e-03
68 3.631070e-03 1.136229e-03
69 3.432839e-03 9.918975e-04
70 3.245981e-03 8.679712e-04
71 3.069878e-03 7.616714e-04
72 2.903946e-03 6.705697e-04
73 2.747630e-03 5.925438e-04
74 2.600406e-03 5.257377e-04
75 2.461777e-03 4.685294e-04
76 2.331273e-03 4.195022e-04
77 2.208448e-03 3.774223e-04
78 2.092883e-03 3.412175e-04
79 1.984178e-03 3.099624e-04
80 1.881959e-03 2.828616e-04
81 1.785869e-03 2.592387e-04
82 1.695573e-03 2.385209e-04
83 1.610752e-03 2.202304e-04
84 1.531107e-03 2.039683e-04
85 1.456352e-03 1.894091e-04
86 1.386222e-03 1.762836e-04
87 1.320459e-03 1.643764e-04
88 1.258828e-03 1.535097e-04
89 1.201095e-03 1.435438e-04
90 1.147052e-03 1.343615e-04
91 1.096487e-03 1.258726e-04
92 1.049216e-03 1.179983e-04
93 1.005045e-03 1.106795e-04
94 9.638106e-04 1.038607e-04
95 9.253357e-04 9.750186e-05
96 8.894740e-04 9.156127e-05
97 8.560639e-04 8.601048e-05
98 8.249743e-04 8.081574e-05
99 7.960567e-04 7.595602e-05
100 7.691933e-04 7.140221e-05
101 7.442483e-04 6.713848e-05
102 7.211140e-04 6.313876e-05
103 6.996691e-04 5.939072e-05
104 6.798110e-04 5.587164e-05
105 6.614364e-04 5.257037e-05
106 6.444429e-04 4.946935e-05
107 6.287487e-04 4.655567e-05
108 6.142473e-04 4.381945e-05
109 6.008809e-04 4.124297e-05
110 5.885362e-04 3.882626e-05
111 5.771806e-04 3.654435e-05
112 5.666928e-04 3.440857e-05
113 5.570651e-04 3.238523e-05
114 5.481683e-04 3.049716e-05
115 5.400179e-04 2.870180e-05
116 5.324785e-04 2.703259e-05
117 5.255855e-04 2.543894e-05
118 5.191996e-04 2.396323e-05
119 5.133725e-04 2.254853e-05
120 5.079639e-04 2.124386e-05
121 5.030372e-04 1.998814e-05
122 4.984545e-04 1.883459e-05
123 4.942867e-04 1.772022e-05
124 4.904008e-04 1.670008e-05
125 4.868711e-04 1.571139e-05
126 4.835724e-04 1.480893e-05
127 4.805788e-04 1.393199e-05
128 4.777746e-04 1.313331e-05
129 4.752312e-04 1.235566e-05
130 4.728434e-04 1.164848e-05
131 4.706782e-04 1.095903e-05
132 4.686413e-04 1.033254e-05
133 4.667939e-04 9.721385e-06
134 4.650529e-04 9.166088e-06
135 4.634730e-04 8.624401e-06
136 4.619819e-04 8.131975e-06
137 4.606275e-04 7.651896e-06
138 4.593478e-04 7.215033e-06
139 4.581839e-04 6.789574e-06
140 4.570831e-04 6.401864e-06
141 4.560805e-04 6.024815e-06
142 4.551318e-04 5.680623e-06
143 4.542661e-04 5.346472e-06
144 4.534466e-04 5.040844e-06
145 4.526975e-04 4.744700e-06
146 4.519882e-04 4.473267e-06
147 4.513385e-04 4.210794e-06
148 4.507233e-04 3.969702e-06
149 4.501588e-04 3.737057e-06
150 4.496243e-04 3.522899e-06
151 4.491327e-04 3.316678e-06
152 4.486675e-04 3.126439e-06
153 4.482388e-04 2.943625e-06
154 4.478331e-04 2.774632e-06
155 4.474585e-04 2.612556e-06
156 4.471042e-04 2.462440e-06
157 4.467765e-04 2.318737e-06
158 4.464666e-04 2.185393e-06
159 4.461794e-04 2.057970e-06
160 4.459080e-04 1.939530e-06
161 4.456561e-04 1.826532e-06
162 4.454180e-04 1.721337e-06
163 4.451967e-04 1.621124e-06
164 4.449877e-04 1.527697e-06
165 4.447932e-04 1.438815e-06
166 4.446095e-04 1.355846e-06
167 4.444382e-04 1.277008e-06
168 4.442766e-04 1.203329e-06
169 4.441257e-04 1.133397e-06
170 4.439834e-04 1.067972e-06
171 4.438504e-04 1.005935e-06
172 4.437250e-04 9.478430e-07
173 4.436077e-04 8.928062e-07
174 4.434970e-04 8.412278e-07
175 4.433935e-04 7.923992e-07
176 4.432958e-04 7.466061e-07
177 4.432043e-04 7.032835e-07
178 4.431181e-04 6.626284e-07
179 4.430373e-04 6.241893e-07
180 4.429611e-04 5.880972e-07
181 4.428896e-04 5.539898e-07
182 4.428222e-04 5.219496e-07
183 4.427590e-04 4.916848e-07
184 4.426995e-04 4.632425e-07
185 4.426435e-04 4.363866e-07
186 4.425908e-04 4.111389e-07
187 4.425413e-04 3.873074e-07
188 4.424947e-04 3.648960e-07
189 4.424508e-04 3.437477e-07
190 4.424095e-04 3.238544e-07
191 4.423707e-04 3.050869e-07
192 4.423341e-04 2.874291e-07
193 4.422998e-04 2.707741e-07
194 4.422674e-04 2.551008e-07
195 4.422369e-04 2.403204e-07
196 4.422082e-04 2.264087e-07
197 4.421812e-04 2.132916e-07
198 4.421558e-04 2.009438e-07
199 4.421318e-04 1.893027e-07
200 4.421093e-04 1.783430e-07
201 4.420881e-04 1.680118e-07
202 4.420681e-04 1.582843e-07
203 4.420493e-04 1.491154e-07
204 4.420316e-04 1.404816e-07
205 4.420149e-04 1.323443e-07
206 4.419992e-04 1.246813e-07
207 4.419844e-04 1.174594e-07
208 4.419705e-04 1.106581e-07
209 4.419574e-04 1.042487e-07
210 4.419450e-04 9.821210e-08
211 4.419334e-04 9.252370e-08
212 4.419224e-04 8.716596e-08
213 4.419121e-04 8.211745e-08
214 4.419024e-04 7.736222e-08
215 4.418933e-04 7.288159e-08
216 4.418846e-04 6.866113e-08
217 4.418765e-04 6.468450e-08
218 4.418689e-04 6.093867e-08
219 4.418617e-04 5.740934e-08
220 4.418549e-04 5.408478e-08
221 4.418485e-04 5.095243e-08
222 4.418425e-04 4.800176e-08
223 4.418368e-04 4.522173e-08
224 4.418315e-04 4.260291e-08
225 4.418264e-04 4.013558e-08
226 4.418217e-04 3.781128e-08
227 4.418172e-04 3.562146e-08
228 4.418130e-04 3.355858e-08
229 4.418091e-04 3.161506e-08
230 4.418053e-04 2.978418e-08
231 4.418018e-04 2.805926e-08
232 4.417985e-04 2.643430e-08
233 4.417954e-04 2.490339e-08
234 4.417925e-04 2.346119e-08
235 4.417897e-04 2.210247e-08
236 4.417871e-04 2.082246e-08
237 4.417846e-04 1.961656e-08
238 4.417823e-04 1.848052e-08
239 4.417801e-04 1.741026e-08
240 4.417781e-04 1.640199e-08
241 4.417762e-04 1.545209e-08
242 4.417743e-04 1.455723e-08
243 4.417726e-04 1.371417e-08
244 4.417710e-04 1.291995e-08
245 4.417695e-04 1.217172e-08
246 4.417680e-04 1.146682e-08
247 4.417667e-04 1.080274e-08
248 4.417654e-04 1.017713e-08
249 4.417642e-04 9.587738e-09
