# step err_l2 res_l2
0 2.449623e-01 1.000000e+00
1 1.659901e-01 2.010313e-01
2 1.396318e-01 1.025785e-01
3 1.216567e-01 6.980535e-02
4 1.078559e-01 5.250009e-02
5 9.660969e-02 4.174639e-02
6 8.709811e-02 3.447580e-02
7 7.885089e-02 2.928454e-02
8 7.157838e-02 2.540938e-02
9 6.509222e-02 2.239524e-02
10 5.926367e-02 1.996023e-02
11 5.400007e-02 1.792757e-02
12 4.923131e-02 1.618566e-02
13 4.490184e-02 1.466322e-02
14 4.096590e-02 1.331382e-02
15 3.738461e-02 1.210619e-02
16 3.412423e-02 1.101845e-02
17 3.115496e-02 1.003452e-02
18 2.845024e-02 9.142008e-03
19 2.598622e-02 8.330966e-03
20 2.374133e-02 7.593102e-03
21 2.169609e-02 6.921310e-03
22 1.983279e-02 6.309377e-03
23 1.813534e-02 5.751798e-03
24 1.658914e-02 5.243641e-03
25 1.518087e-02 4.780467e-03
26 1.389842e-02 4.358257e-03
27 1.273078e-02 3.973367e-03
28 1.166791e-02 3.622487e-03
29 1.070067e-02 3.302604e-03
30 9.820734e-03 3.010974e-03
31 9.020533e-03 2.745100e-03
32 8.293162e-03 2.502706e-03
33 7.632335e-03 2.281716e-03
34 7.032324e-03 2.080241e-03
35 6.487909e-03 1.896557e-03
36 5.994331e-03 1.729092e-03
37 5.547247e-03 1.576414e-03
38 5.142691e-03 1.437218e-03
39 4.777038e-03 1.310312e-03
40 4.446969e-03 1.194613e-03
41 4.149441e-03 1.089129e-03
42 3.881658e-03 9.929597e-04
43 3.641046e-03 9.052820e-04
44 3.425230e-03 8.253461e-04
45 3.232014e-03 7.524685e-04
46 3.059364e-03 6.860260e-04
47 2.905394e-03 6.254503e-04
48 2.768353e-03 5.702233e-04
49 2.646616e-03 5.198729e-04
50 2.538674e-03 4.739684e-04
51 2.443132e-03 4.321172e-04
52 2.358702e-03 3.939615e-04
53 2.284200e-03 3.591748e-04
54 2.218538e-03 3.274599e-04
55 2.160727e-03 2.985453e-04
56 2.109868e-03 2.721839e-04
57 2.065149e-03 2.481502e-04
58 2.025840e-03 2.262386e-04
59 1.991290e-03 2.062618e-04
60 1.960918e-03 1.880490e-04
61 1.934208e-03 1.714443e-04
62 1.910707e-03 1.563059e-04
63 1.890014e-03 1.425041e-04
64 1.871777e-03 1.299211e-04
65 1.855689e-03 1.184491e-04
66 1.841481e-03 1.079901e-04
67 1.828919e-03 9.845458e-05
68 1.817798e-03 8.976108e-05
69 1.807939e-03 8.183521e-05
70 1.799189e-03 7.460919e-05
71 1.791411e-03 6.802122e-05
72 1.784488e-03 6.201497e-05
73 1.778318e-03 5.653907e-05
74 1.772812e-03 5.154669e-05
75 1.767892e-03 4.699514e-05
76 1.763490e-03 4.284548e-05
77 1.759547e-03 3.906224e-05
78 1.756011e-03 3.561306e-05
79 1.752836e-03 3.246844e-05
80 1.749983e-03 2.960149e-05
81 1.747415e-03 2.698769e-05
82 1.745103e-03 2.460468e-05
83 1.743019e-03 2.243210e-05
84 1.741139e-03 2.045135e-05
85 1.739442e-03 1.864551e-05
86 1.737908e-03 1.699911e-05
87 1.736521e-03 1.549810e-05
88 1.735266e-03 1.412962e-05
89 1.734130e-03 1.288198e-05
90 1.733101e-03 1.174451e-05
91 1.732169e-03 1.070747e-05
92 1.731323e-03 9.762004e-06
93 1.730556e-03 8.900023e-06
94 1.729860e-03 8.114154e-06
95 1.729228e-03 7.397677e-06
96 1.728654e-03 6.744464e-06
97 1.728132e-03 6.148931e-06
98 1.727658e-03 5.605982e-06
99 1.727227e-03 5.110976e-06
100 1.726836e-03 4.659678e-06
101 1.726479e-03 4.248230e-06
102 1.726155e-03 3.873113e-06
103 1.725861e-03 3.531119e-06
104 1.725592e-03 3.219322e-06
105 1.725348e-03 2.935057e-06
106 1.725126e-03 2.675892e-06
107 1.724924e-03 2.439612e-06
108 1.724739e-03 2.224195e-06
109 1.724572e-03 2.027799e-06
110 1.724419e-03 1.848745e-06
111 1.724280e-03 1.685502e-06
112 1.724153e-03 1.536673e-06
113 1.724038e-03 1.400985e-06
114 1.723932e-03 1.277279e-06
115 1.723837e-03 1.164495e-06
116 1.723749e-03 1.061671e-06
117 1.723670e-03 9.679256e-07
118 1.723597e-03 8.824581e-07
119 1.723531e-03 8.045373e-07
120 1.723471e-03 7.334969e-07
121 1.723416e-03 6.687294e-07
122 1.723366e-03 6.096808e-07
123 1.723321e-03 5.558462e-07
124 1.723279e-03 5.067652e-07
125 1.723241e-03 4.620180e-07
126 1.723207e-03 4.212220e-07
127 1.723175e-03 3.840282e-07
128 1.723147e-03 3.501187e-07
129 1.723120e-03 3.192033e-07
130 1.723097e-03 2.910178e-07
131 1.723075e-03 2.653210e-07
132 1.723055e-03 2.418932e-07
133 1.723037e-03 2.205341e-07
134 1.723021e-03 2.010611e-07
135 1.723006e-03 1.833074e-07
136 1.722992e-03 1.671215e-07
137 1.722979e-03 1.523647e-07
138 1.722968e-03 1.389109e-07
139 1.722958e-03 1.266451e-07
140 1.722948e-03 1.154624e-07
141 1.722940e-03 1.052671e-07
142 1.722932e-03 9.597208e-08
143 1.722925e-03 8.749778e-08
144 1.722918e-03 7.977176e-08
145 1.722912e-03 7.272794e-08
146 1.722907e-03 6.630608e-08
147 1.722902e-03 6.045128e-08
148 1.722897e-03 5.511345e-08
149 1.722893e-03 5.024695e-08
150 1.722890e-03 4.581017e-08
151 1.722886e-03 4.176514e-08
152 1.722883e-03 3.807730e-08
153 1.722880e-03 3.471508e-08
154 1.722878e-03 3.164975e-08
155 1.722875e-03 2.885509e-08
156 1.722873e-03 2.630720e-08
157 1.722871e-03 2.398428e-08
158 1.722869e-03 2.186648e-08
159 1.722868e-03 1.993567e-08
160 1.722866e-03 1.817536e-08
161 1.722865e-03 1.657048e-08
162 1.722864e-03 1.510731e-08
163 1.722863e-03 1.377334e-08
164 1.722861e-03 1.255716e-08
165 1.722861e-03 1.144837e-08
166 1.722860e-03 1.043748e-08
167 1.722859e-03 9.515856e-09
