err_l2 = 0.00011120605785697208
steps = 3940
runtime_s = 14.796389102935791
err_max = 0.0005704495099865259
mg_levels_used = 5
history_file = "history_nx64_ny64_nz64_M4_steps3940.txt"
res_l2 = 9.922914e-9
exact_plot = "exact_nx64_ny64_nz64.png"
error_plot = "error_nx64_ny64_nz64_M4_steps3940.png"

[mg_coarsest_grid]
nz = 4
nx = 4
ny = 4
