err_l2 = 6.170093985033444e-5
steps = 2250
runtime_s = 6.046772003173828
err_max = 0.00014121222338592254
mg_levels_used = 5
history_file = "history_nx64_ny64_nz64_M2_steps2250.txt"
res_l2 = 9.968152e-9
exact_plot = "exact_nx64_ny64_nz64.png"
error_plot = "error_nx64_ny64_nz64_M2_steps2250.png"

[mg_coarsest_grid]
nz = 4
nx = 4
ny = 4
