# step err_l2 res_l2
0 2.460291e-01 1.000000e+00
1 1.874963e-01 1.210382e-01
2 1.673963e-01 7.049004e-02
3 1.529919e-01 4.976329e-02
4 1.415476e-01 3.833023e-02
5 1.319924e-01 3.110183e-02
6 1.237684e-01 2.611187e-02
7 1.165391e-01 2.245472e-02
8 1.100836e-01 1.966194e-02
9 1.042474e-01 1.746981e-02
10 9.891858e-02 1.572095e-02
11 9.401309e-02 1.431878e-02
12 8.946665e-02 1.320527e-02
13 8.522921e-02 1.235014e-02
14 8.126123e-02 1.174573e-02
15 7.753113e-02 1.140458e-02
16 7.401342e-02 1.135713e-02
17 7.068729e-02 1.164800e-02
18 6.753560e-02 1.233049e-02
19 6.454412e-02 1.346136e-02
20 6.170095e-02 1.509910e-02
21 5.899611e-02 1.730672e-02
22 5.642128e-02 2.015789e-02
23 5.396960e-02 2.374382e-02
24 5.163575e-02 2.817957e-02
25 4.941594e-02 3.360978e-02
26 4.730835e-02 4.021430e-02
27 4.531360e-02 4.821452e-02
28 4.343567e-02 5.788084e-02
29 4.168331e-02 6.954174e-02
30 4.007209e-02 8.359486e-02
31 3.862737e-02 1.005205e-01
32 3.738843e-02 1.208978e-01
33 3.641386e-02 1.454247e-01
34 3.578789e-02 1.749417e-01
35 3.562665e-02 2.104608e-01
36 3.608205e-02 2.531997e-01
37 3.734056e-02 3.046241e-01
38 3.961525e-02 3.664976e-01
39 4.313395e-02 4.409424e-01
40 4.813075e-02 5.305117e-01
41 5.484781e-02 6.382777e-01
42 6.354862e-02 7.679370e-01
43 7.453824e-02 9.239368e-01
44 8.818522e-02 1.111628e+00
45 1.049428e-01 1.337449e+00
46 1.253695e-01 1.609146e+00
47 1.501508e-01 1.936038e+00
48 1.801237e-01 2.329339e+00
49 2.163054e-01 2.802540e+00
50 2.599280e-01 3.371873e+00
51 3.124805e-01 4.056868e+00
52 3.757594e-01 4.881022e+00
53 4.519299e-01 5.872607e+00
54 5.436002e-01 7.065638e+00
55 6.539104e-01 8.501040e+00
56 7.866399e-01 1.022805e+01
57 9.463373e-01 1.230592e+01
58 1.138476e+00 1.480593e+01
59 1.369641e+00 1.781383e+01
60 1.647757e+00 2.143282e+01
61 1.982356e+00 2.578705e+01
62 2.384908e+00 3.102588e+01
63 2.869212e+00 3.732904e+01
64 3.451870e+00 4.491277e+01
65 4.152856e+00 5.403724e+01
66 4.996199e+00 6.501546e+01
67 6.010809e+00 7.822408e+01
68 7.231470e+00 9.411622e+01
69 8.700025e+00 1.132371e+02
70 1.046682e+01 1.362427e+02
71 1.259242e+01 1.639223e+02
72 1.514970e+01 1.972256e+02
73 1.822632e+01 2.372950e+02
74 2.192777e+01 2.855053e+02
75 2.638092e+01 3.435105e+02
76 3.173846e+01 4.133007e+02
77 3.818404e+01 4.972702e+02
78 4.593866e+01 5.983001e+02
79 5.526815e+01 7.198566e+02
80 6.649237e+01 8.661101e+02
81 7.999612e+01 1.042079e+03
82 9.624238e+01 1.253800e+03
83 1.157881e+02 1.508537e+03
84 1.393035e+02 1.815032e+03
85 1.675947e+02 2.183799e+03
86 2.016316e+02 2.627491e+03
87 2.425813e+02 3.161333e+03
88 2.918477e+02 3.803640e+03
89 3.511200e+02 4.576451e+03
90 4.224302e+02 5.506283e+03
91 5.082235e+02 6.625040e+03
92 6.114413e+02 7.971109e+03
93 7.356225e+02 9.590676e+03
94 8.850250e+02 1.153931e+04
95 1.064771e+03 1.388388e+04
96 1.281024e+03 1.670483e+04
97 1.541199e+03 2.009896e+04
98 1.854216e+03 2.418273e+04
99 2.230807e+03 2.909628e+04
100 2.683887e+03 3.500819e+04
101 3.228989e+03 4.212134e+04
102 3.884804e+03 5.067981e+04
103 4.673820e+03 6.097727e+04
104 5.623091e+03 7.336709e+04
105 6.765167e+03 8.827441e+04
106 8.139208e+03 1.062108e+05
107 9.792330e+03 1.277917e+05
108 1.178122e+04 1.537577e+05
109 1.417407e+04 1.849999e+05
110 1.705294e+04 2.225904e+05
111 2.051655e+04 2.678190e+05
112 2.468365e+04 3.222380e+05
113 2.969716e+04 3.877148e+05
114 3.572898e+04 4.664963e+05
115 4.298596e+04 5.612861e+05
116 5.171695e+04 6.753372e+05
117 6.222134e+04 8.125634e+05
118 7.485936e+04 9.776741e+05
119 9.006440e+04 1.176336e+06
120 1.083579e+05 1.415365e+06
121 1.303671e+05 1.702967e+06
122 1.568468e+05 2.049010e+06
123 1.887052e+05 2.465371e+06
124 2.270347e+05 2.966338e+06
125 2.731497e+05 3.569104e+06
126 3.286318e+05 4.294357e+06
127 3.953836e+05 5.166986e+06
128 4.756944e+05 6.216940e+06
129 5.723183e+05 7.480254e+06
130 6.885691e+05 9.000285e+06
131 8.284335e+05 1.082920e+07
132 9.967082e+05 1.302977e+07
133 1.199164e+06 1.567753e+07
134 1.442745e+06 1.886333e+07
135 1.735804e+06 2.269654e+07
136 2.088393e+06 2.730870e+07
137 2.512603e+06 3.285812e+07
138 3.022984e+06 3.953526e+07
139 3.637040e+06 4.756931e+07
140 4.375831e+06 5.723600e+07
141 5.264696e+06 6.886713e+07
142 6.334120e+06 8.286191e+07
143 7.620781e+06 9.970068e+07
144 9.168811e+06 1.199614e+08
145 1.103130e+07 1.443395e+08
146 1.327214e+07 1.736718e+08
147 1.596817e+07 2.089649e+08
148 1.921187e+07 2.514305e+08
149 2.311450e+07 3.025259e+08
150 2.780990e+07 3.640052e+08
151 3.345914e+07 4.379785e+08
152 4.025598e+07 5.269850e+08
153 4.843354e+07 6.340799e+08
154 5.827232e+07 7.629392e+08
155 7.010980e+07 9.179862e+08
156 8.435199e+07 1.104543e+09
157 1.014874e+08 1.329013e+09
158 1.221038e+08 1.599103e+09
159 1.469084e+08 1.924082e+09
160 1.767520e+08 2.315107e+09
161 2.126583e+08 2.785600e+09
162 2.558589e+08 3.351712e+09
163 3.078356e+08 4.032877e+09
164 3.703715e+08 4.852477e+09
165 4.456116e+08 5.838647e+09
166 5.361369e+08 7.025240e+09
167 6.450527e+08 8.452991e+09
168 7.760950e+08 1.017091e+10
169 9.337592e+08 1.223798e+10
170 1.123454e+09 1.472515e+10
171 1.351685e+09 1.771780e+10
172 1.626284e+09 2.131868e+10
173 1.956669e+09 2.565140e+10
174 2.354175e+09 3.086470e+10
175 2.832437e+09 3.713755e+10
176 3.407862e+09 4.468531e+10
177 4.100190e+09 5.376708e+10
178 4.933173e+09 6.469466e+10
179 5.935385e+09 7.784320e+10
180 7.141208e+09 9.366409e+10
181 8.592010e+09 1.127005e+11
182 1.033756e+10 1.356060e+11
183 1.243775e+10 1.631669e+11
184 1.496462e+10 1.963295e+11
185 1.800486e+10 2.362323e+11
186 2.166277e+10 2.842452e+11
187 2.606386e+10 3.420168e+11
188 3.135910e+10 4.115303e+11
189 3.773016e+10 4.951726e+11
190 4.539564e+10 5.958151e+11
191 5.461850e+10 7.169135e+11
192 6.571517e+10 8.626253e+11
193 7.906638e+10 1.037953e+12
194 9.513017e+10 1.248918e+12
195 1.144577e+11 1.502761e+12
196 1.377120e+11 1.808200e+12
197 1.656911e+11 2.175721e+12
198 1.993547e+11 2.617942e+12
199 2.398580e+11 3.150049e+12
200 2.885906e+11 3.790309e+12
201 3.472246e+11 4.560709e+12
202 4.177716e+11 5.487699e+12
203 5.026523e+11 6.603108e+12
204 6.047790e+11 7.945237e+12
205 7.276557e+11 9.560167e+12
206 8.754986e+11 1.150335e+13
207 1.053380e+12 1.384151e+13
208 1.267405e+12 1.665493e+13
209 1.524915e+12 2.004022e+13
210 1.834746e+12 2.411362e+13
211 2.207531e+12 2.901500e+13
212 2.656060e+12 3.491266e+13
213 3.195724e+12 4.200912e+13
214 3.845039e+12 5.054805e+13
215 4.626287e+12 6.082268e+13
216 5.566275e+12 7.318581e+13
217 6.697258e+12 8.806199e+13
218 8.058043e+12 1.059620e+14
219 9.695326e+12 1.275007e+14
220 1.166529e+13 1.534174e+14
221 1.403553e+13 1.846024e+14
222 1.688739e+13 2.221264e+14
223 2.031872e+13 2.672780e+14
224 2.444728e+13 3.216077e+14
225 2.941473e+13 3.869813e+14
226 3.539154e+13 4.656438e+14
227 4.258282e+13 5.602964e+14
228 5.123533e+13 6.741897e+14
229 6.164600e+13 8.112349e+14
230 7.417210e+13 9.761384e+14
231 8.924347e+13 1.174563e+15
232 1.073773e+14 1.413324e+15
233 1.291960e+14 1.700619e+15
234 1.554482e+14 2.046317e+15
235 1.870349e+14 2.462288e+15
236 2.250401e+14 2.962818e+15
237 2.707679e+14 3.565098e+15
238 3.257879e+14 4.289811e+15
239 3.919881e+14 5.161847e+15
240 4.716405e+14 6.211154e+15
241 5.674787e+14 7.473770e+15
242 6.827917e+14 8.993057e+15
243 8.215371e+14 1.082120e+16
244 9.884767e+14 1.302097e+16
245 1.189340e+15 1.566794e+16
246 1.431020e+15 1.885300e+16
247 1.721811e+15 2.268555e+16
248 2.071695e+15 2.729722e+16
249 2.492679e+15 3.284640e+16
250 2.999211e+15 3.952367e+16
251 3.608677e+15 4.755839e+16
252 4.341994e+15 5.722650e+16
253 5.224332e+15 6.886007e+16
254 6.285973e+15 8.285868e+16
255 7.563355e+15 9.970313e+16
256 9.100322e+15 1.199720e+17
257 1.094963e+16 1.443614e+17
258 1.317474e+16 1.737091e+17
259 1.585204e+16 2.090231e+17
260 1.907341e+16 2.515164e+17
261 2.294943e+16 3.026485e+17
262 2.761313e+16 3.641757e+17
263 3.322459e+16 4.382113e+17
264 3.997642e+16 5.272985e+17
265 4.810037e+16 6.344972e+17
266 5.787529e+16 7.634895e+17
267 6.963670e+16 9.187063e+17
268 8.378832e+16 1.105479e+18
269 1.008159e+17 1.330224e+18
270 1.213039e+17 1.600660e+18
271 1.459556e+17 1.926077e+18
272 1.756172e+17 2.317653e+18
273 2.113069e+17 2.788839e+18
274 2.542497e+17 3.355821e+18
275 3.059197e+17 4.038074e+18
276 3.680907e+17 4.859036e+18
277 4.428966e+17 5.846905e+18
278 5.329054e+17 7.035619e+18
279 6.412069e+17 8.466010e+18
280 7.715187e+17 1.018722e+19
281 9.283142e+17 1.225836e+19
282 1.116976e+18 1.475060e+19
283 1.343980e+18 1.774954e+19
284 1.617120e+18 2.135820e+19
285 1.945771e+18 2.570056e+19
286 2.341216e+18 3.092578e+19
287 2.817030e+18 3.721337e+19
288 3.389548e+18 4.477933e+19
289 4.078424e+18 5.388357e+19
290 4.907306e+18 6.483887e+19
291 5.904651e+18 7.802157e+19
292 7.104696e+18 9.388457e+19
293 8.548641e+18 1.129728e+20
294 1.028606e+19 1.359421e+20
295 1.237659e+19 1.635815e+20
296 1.489201e+19 1.968406e+20
297 1.791867e+19 2.368619e+20
298 2.156048e+19 2.850206e+20
299 2.594248e+19 3.429709e+20
300 3.121511e+19 4.127040e+20
301 3.755938e+19 4.966155e+20
302 4.519310e+19 5.975884e+20
303 5.437837e+19 7.190916e+20
304 6.543053e+19 8.652996e+20
305 7.872904e+19 1.041236e+21
306 9.473048e+19 1.252944e+21
307 1.139842e+20 1.507700e+21
308 1.371513e+20 1.814254e+21
309 1.650272e+20 2.183139e+21
310 1.985689e+20 2.627031e+21
311 2.389281e+20 3.161179e+21
312 2.874905e+20 3.803936e+21
313 3.459235e+20 4.577387e+21
314 4.162333e+20 5.508105e+21
315 5.008340e+20 6.628069e+21
316 6.026304e+20 7.975760e+21
317 7.251178e+20 9.597484e+21
318 8.725017e+20 1.154896e+22
319 1.049843e+21 1.389724e+22
320 1.263230e+21 1.672302e+22
321 1.519991e+21 2.012338e+22
322 1.828941e+21 2.421516e+22
323 2.200689e+21 2.913895e+22
324 2.647999e+21 3.506395e+22
325 3.186231e+21 4.219373e+22
326 3.833867e+21 5.077329e+22
327 4.613143e+21 6.109742e+22
328 5.550820e+21 7.352087e+22
329 6.679094e+21 8.847054e+22
330 8.036709e+21 1.064601e+23
331 9.670283e+21 1.281078e+23
332 1.163591e+22 1.541573e+23
333 1.400109e+22 1.855039e+23
334 1.684703e+22 2.232247e+23
335 2.027147e+22 2.686158e+23
336 2.439200e+22 3.232371e+23
337 2.935012e+22 3.889655e+23
338 3.531608e+22 4.680596e+23
339 4.249476e+22 5.632373e+23
340 5.113268e+22 6.777693e+23
341 6.152645e+22 8.155914e+23
342 7.403302e+22 9.814397e+23
343 8.908187e+22 1.181013e+24
344 1.071898e+23 1.421171e+24
345 1.289786e+23 1.710164e+24
346 1.551967e+23 2.057926e+24
347 1.867442e+23 2.476406e+24
348 2.247047e+23 2.979985e+24
349 2.703819e+23 3.585970e+24
350 3.253442e+23 4.315185e+24
351 3.914794e+23 5.192689e+24
352 4.710586e+23 6.248641e+24
353 5.668148e+23 7.519327e+24
354 6.820366e+23 9.048417e+24
355 8.206812e+23 1.088846e+25
356 9.875099e+23 1.310269e+25
357 1.188252e+24 1.576721e+25
358 1.429803e+24 1.897359e+25
359 1.720457e+24 2.283201e+25
360 2.070198e+24 2.747509e+25
361 2.491036e+24 3.306240e+25
362 2.997426e+24 3.978595e+25
363 3.606760e+24 4.787683e+25
364 4.339964e+24 5.761310e+25
365 5.222221e+24 6.932938e+25
366 6.283834e+24 8.342834e+25
367 7.561263e+24 1.003946e+26
368 9.098383e+24 1.208111e+26
369 1.094799e+25 1.453797e+26
370 1.317361e+25 1.749448e+26
371 1.585168e+25 2.105224e+26
372 1.907419e+25 2.533355e+26
373 2.295182e+25 3.048554e+26
374 2.761777e+25 3.668529e+26
375 3.323228e+25 4.414588e+26
376 3.998820e+25 5.312375e+26
377 4.811760e+25 6.392745e+26
378 5.789968e+25 7.692833e+26
379 6.967046e+25 9.257324e+26
380 8.383424e+25 1.113999e+27
381 1.008775e+26 1.340554e+27
382 1.213857e+26 1.613185e+27
383 1.460633e+26 1.941262e+27
384 1.757579e+26 2.336062e+27
385 2.114895e+26 2.811156e+27
386 2.544854e+26 3.382872e+27
387 3.062227e+26 4.070863e+27
388 3.684783e+26 4.898776e+27
389 4.433910e+26 5.895068e+27
390 5.335338e+26 7.093987e+27
391 6.420034e+26 8.536741e+27
392 7.725256e+26 1.027292e+28
393 9.295842e+26 1.236221e+28
394 1.118574e+27 1.487643e+28
395 1.345988e+27 1.790199e+28
396 1.619637e+27 2.154289e+28
397 1.948922e+27 2.592430e+28
398 2.345154e+27 3.119682e+28
399 2.821945e+27 3.754169e+28
400 3.395675e+27 4.517701e+28
401 4.086051e+27 5.436525e+28
402 4.916791e+27 6.542225e+28
403 5.916432e+27 7.872810e+28
404 7.119316e+27 9.474020e+28
405 8.566767e+27 1.140090e+29
406 1.030851e+28 1.371968e+29
407 1.240438e+28 1.651008e+29
408 1.492637e+28 1.986802e+29
409 1.796114e+28 2.390893e+29
410 2.161293e+28 2.877173e+29
411 2.600720e+28 3.462358e+29
412 3.129493e+28 4.166565e+29
413 3.765776e+28 5.014003e+29
414 4.531429e+28 6.033805e+29
415 5.452757e+28 7.261028e+29
416 6.561413e+28 8.737862e+29
417 7.895485e+28 1.051508e+30
418 9.500806e+28 1.265377e+30
419 1.143253e+29 1.522747e+30
420 1.375702e+29 1.832464e+30
421 1.655415e+29 2.205178e+30
422 1.992001e+29 2.653701e+30
423 2.397023e+29 3.193453e+30
424 2.884399e+29 3.842990e+30
425 3.470872e+29 4.624643e+30
426 4.176593e+29 5.565284e+30
427 5.025808e+29 6.697253e+30
428 6.047694e+29 8.059467e+30
429 7.277363e+29 9.698757e+30
430 8.757063e+29 1.167148e+31
431 1.053763e+30 1.404547e+31
432 1.268026e+30 1.690233e+31
433 1.525855e+30 2.034030e+31
434 1.836109e+30 2.447756e+31
435 2.209450e+30 2.945637e+31
436 2.658703e+30 3.544789e+31
437 3.199307e+30 4.265813e+31
438 3.849836e+30 5.133499e+31
439 4.632641e+30 6.177679e+31
440 5.574622e+30 7.434254e+31
441 6.708144e+30 8.946428e+31
442 8.072156e+30 1.076619e+32
443 9.713527e+30 1.295612e+32
444 1.168866e+31 1.559149e+32
445 1.406541e+31 1.876293e+32
446 1.692546e+31 2.257949e+32
447 2.036708e+31 2.717237e+32
448 2.450854e+31 3.269951e+32
449 2.949213e+31 3.935094e+32
450 3.548911e+31 4.735537e+32
451 4.270555e+31 5.698802e+32
452 5.138943e+31 6.858009e+32
453 6.183914e+31 8.253018e+32
454 7.441378e+31 9.931794e+32
455 8.954544e+31 1.195206e+33
456 1.077541e+32 1.438329e+33
457 1.296655e+32 1.730907e+33
458 1.560325e+32 2.083001e+33
459 1.877614e+32 2.506717e+33
460 2.259423e+32 3.016626e+33
461 2.718873e+32 3.630260e+33
462 3.271754e+32 4.368721e+33
463 3.937064e+32 5.257400e+33
464 4.737669e+32 6.326856e+33
465 5.701079e+32 7.613864e+33
466 6.860403e+32 9.162678e+33
467 8.255482e+32 1.102656e+34
468 9.934259e+32 1.326960e+34
469 1.195443e+33 1.596892e+34
470 1.438541e+33 1.921736e+34
471 1.731075e+33 2.312662e+34
472 2.083099e+33 2.783112e+34
473 2.506709e+33 3.349264e+34
474 3.016465e+33 4.030587e+34
475 3.629886e+33 4.850510e+34
476 4.368051e+33 5.837229e+34
477 5.256332e+33 7.024675e+34
478 6.325255e+33 8.453683e+34
479 7.611557e+33 1.017339e+35
480 9.159446e+33 1.224295e+35
481 1.102212e+34 1.473351e+35
482 1.326359e+34 1.773074e+35
483 1.596091e+34 2.133770e+35
484 1.920676e+34 2.567843e+35
485 2.311272e+34 3.090221e+35
486 2.781301e+34 3.718868e+35
487 3.346919e+34 4.475405e+35
488 4.027566e+34 5.385847e+35
489 4.846635e+34 6.481505e+35
490 5.832278e+34 7.800060e+35
491 7.018372e+34 9.386858e+35
492 8.445681e+34 1.129647e+36
493 1.016326e+35 1.359457e+36
494 1.223016e+35 1.636018e+36
495 1.471740e+35 1.968844e+36
496 1.771047e+35 2.369379e+36
497 2.131226e+35 2.851399e+36
498 2.564657e+35 3.431481e+36
499 3.086236e+35 4.129575e+36
500 3.713891e+35 4.969691e+36
501 4.469197e+35 5.980722e+36
502 5.378113e+35 7.197439e+36
503 6.471883e+35 8.661690e+36
504 7.788102e+35 1.042383e+37
505 9.372010e+35 1.254447e+37
506 1.127805e+36 1.509654e+37
507 1.357175e+36 1.816782e+37
508 1.633193e+36 2.186394e+37
509 1.965348e+36 2.631202e+37
510 2.365058e+36 3.166505e+37
511 2.846061e+36 3.810713e+37
512 3.424892e+36 4.585985e+37
513 4.121447e+36 5.518984e+37
514 4.959671e+36 6.641800e+37
515 5.968375e+36 7.993053e+37
516 7.182236e+36 9.619218e+37
517 8.642977e+36 1.157623e+38
518 1.040081e+37 1.393139e+38
519 1.251617e+37 1.676572e+38
520 1.506176e+37 2.017669e+38
521 1.812510e+37 2.428164e+38
522 2.181148e+37 2.922175e+38
523 2.624764e+37 3.516694e+38
524 3.158606e+37 4.232171e+38
525 3.801026e+37 5.093214e+38
526 4.574109e+37 6.129442e+38
527 5.504430e+37 7.376495e+38
528 6.623971e+37 8.877269e+38
529 7.971219e+37 1.068339e+39
530 9.592487e+37 1.285697e+39
531 1.154351e+38 1.547279e+39
532 1.389136e+38 1.862081e+39
533 1.671675e+38 2.240933e+39
534 2.011682e+38 2.696866e+39
535 2.420844e+38 3.245562e+39
536 2.913229e+38 3.905897e+39
537 3.505763e+38 4.700584e+39
538 4.218817e+38 5.656958e+39
539 5.076905e+38 6.807919e+39
540 6.109528e+38 8.193056e+39
541 7.352186e+38 9.860017e+39
542 8.847600e+38 1.186614e+40
543 1.064718e+39 1.428044e+40
544 1.281280e+39 1.718597e+40
545 1.541891e+39 2.068267e+40
546 1.855511e+39 2.489082e+40
547 2.232922e+39 2.995519e+40
548 2.687100e+39 3.604998e+40
549 3.233660e+39 4.338487e+40
550 3.891392e+39 5.221216e+40
551 4.682911e+39 6.283552e+40
552 5.635429e+39 7.562040e+40
553 6.781695e+39 9.100661e+40
554 8.161120e+39 1.095234e+41
555 9.821130e+39 1.318079e+41
556 1.181880e+40 1.586265e+41
557 1.422281e+40 1.909020e+41
558 1.711582e+40 2.297446e+41
559 2.059730e+40 2.764906e+41
560 2.478695e+40 3.327481e+41
561 2.982881e+40 4.004525e+41
562 3.589625e+40 4.819329e+41
563 4.319788e+40 5.799924e+41
564 5.198475e+40 6.980045e+41
565 6.255899e+40 8.400291e+41
566 7.528417e+40 1.010952e+42
567 9.059784e+40 1.216654e+42
568 1.090265e+41 1.464211e+42
569 1.312039e+41 1.762140e+42
570 1.578925e+41 2.120692e+42
571 1.900100e+41 2.552200e+42
572 2.286608e+41 3.071511e+42
573 2.751738e+41 3.696490e+42
574 3.311484e+41 4.448640e+42
575 3.985092e+41 5.353837e+42
576 4.795726e+41 6.443224e+42
577 5.771259e+41 7.754279e+42
578 6.945235e+41 9.332110e+42
579 8.358022e+41 1.123100e+43
580 1.005820e+42 1.351628e+43
581 1.210423e+42 1.626658e+43
582 1.456648e+42 1.957651e+43
583 1.752959e+42 2.355996e+43
584 2.109548e+42 2.835398e+43
585 2.538676e+42 3.412351e+43
586 3.055099e+42 4.106704e+43
587 3.676575e+42 4.942349e+43
588 4.424475e+42 5.948036e+43
589 5.324519e+42 7.158367e+43
590 6.407656e+42 8.614983e+43
591 7.711132e+42 1.036800e+44
592 9.279772e+42 1.247774e+44
593 1.116752e+43 1.501679e+44
594 1.343929e+43 1.807250e+44
595 1.617320e+43 2.175002e+44
596 1.946328e+43 2.617587e+44
597 2.342266e+43 3.150234e+44
598 2.818750e+43 3.791270e+44
599 3.392166e+43 4.562751e+44
600 4.082234e+43 5.491222e+44
601 4.912684e+43 6.608630e+44
602 5.912075e+43 7.953421e+44
603 7.114777e+43 9.571869e+44
604 8.562150e+43 1.151966e+45
605 1.030397e+44 1.386381e+45
606 1.240014e+44 1.668499e+45
607 1.492274e+44 2.008026e+45
608 1.795854e+44 2.416646e+45
609 2.161193e+44 2.908418e+45
610 2.600855e+44 3.500263e+45
611 3.129962e+44 4.212547e+45
612 3.766710e+44 5.069779e+45
613 4.532998e+44 6.101456e+45
614 5.455179e+44 7.343077e+45
615 6.564969e+44 8.837367e+45
616 7.900535e+44 1.063574e+46
617 9.507812e+44 1.280009e+46
618 1.144208e+45 1.540488e+46
619 1.376985e+45 1.853974e+46
620 1.657120e+45 2.231255e+46
621 1.994246e+45 2.685314e+46
622 2.399959e+45 3.231774e+46
623 2.888212e+45 3.889440e+46
624 3.475797e+45 4.680943e+46
625 4.182925e+45 5.633520e+46
626 5.033915e+45 6.779949e+46
627 6.058036e+45 8.159682e+46
628 7.290512e+45 9.820196e+46
629 8.773732e+45 1.181863e+47
630 1.055871e+46 1.422376e+47
631 1.270684e+46 1.711835e+47
632 1.529201e+46 2.060201e+47
633 1.840313e+46 2.479461e+47
634 2.214721e+46 2.984044e+47
635 2.665303e+46 3.591314e+47
636 3.207556e+46 4.322167e+47
637 3.860132e+46 5.201756e+47
638 4.645476e+46 6.260350e+47
639 5.590601e+46 7.534377e+47
640 6.728014e+46 9.067681e+47
641 8.096840e+46 1.091303e+48
642 9.744159e+46 1.313393e+48
643 1.172663e+47 1.580680e+48
644 1.411246e+47 1.902363e+48
645 1.698369e+47 2.289513e+48
646 2.043909e+47 2.755453e+48
647 2.459752e+47 3.316218e+48
648 2.960201e+47 3.991106e+48
649 3.562471e+47 4.803344e+48
650 4.287278e+47 5.780883e+48
651 5.159554e+47 6.957366e+48
652 6.209303e+47 8.373282e+48
653 7.472634e+47 1.007736e+49
654 8.993004e+47 1.212824e+49
655 1.082271e+48 1.459652e+49
656 1.302469e+48 1.756712e+49
657 1.567469e+48 2.114230e+49
658 1.886387e+48 2.544510e+49
659 2.270193e+48 3.062359e+49
660 2.732090e+48 3.685600e+49
661 3.287966e+48 4.435682e+49
662 3.956944e+48 5.338422e+49
663 4.762035e+48 6.424886e+49
664 5.730935e+48 7.732469e+49
665 6.896974e+48 9.306172e+49
666 8.300263e+48 1.120016e+50
667 9.989075e+48 1.347961e+50
668 1.202151e+49 1.622298e+50
669 1.446747e+49 1.952470e+50
670 1.741112e+49 2.349838e+50
671 2.095371e+49 2.828081e+50
672 2.521710e+49 3.403657e+50
673 3.034798e+49 4.096377e+50
674 3.652283e+49 4.930083e+50
675 4.395410e+49 5.933469e+50
676 5.289741e+49 7.141070e+50
677 6.366045e+49 8.594450e+50
678 7.661347e+49 1.034363e+51
679 9.220208e+49 1.244882e+51
680 1.109626e+50 1.498247e+51
681 1.335403e+50 1.803178e+51
682 1.607121e+50 2.170172e+51
683 1.934127e+50 2.611860e+51
684 2.327670e+50 3.143444e+51
685 2.801291e+50 3.783222e+51
686 3.371282e+50 4.553213e+51
687 4.057253e+50 5.479920e+51
688 4.882804e+50 6.595241e+51
689 5.876337e+50 7.937565e+51
690 7.072033e+50 9.553094e+51
691 8.511028e+50 1.149744e+52
692 1.024283e+51 1.383751e+52
693 1.232702e+51 1.665387e+52
694 1.483530e+51 2.004346e+52
695 1.785397e+51 2.412293e+52
696 2.148688e+51 2.903273e+52
697 2.585903e+51 3.494183e+52
698 3.112083e+51 4.205364e+52
699 3.745332e+51 5.061296e+52
700 4.507437e+51 6.091440e+52
701 5.424619e+51 7.331256e+52
702 6.528432e+51 8.823420e+52
703 7.856855e+51 1.061929e+53
704 9.455593e+51 1.278070e+53
705 1.137965e+52 1.538203e+53
706 1.369523e+52 1.851283e+53
707 1.648200e+52 2.228086e+53
708 1.983584e+52 2.681584e+53
709 2.387215e+52 3.227387e+53
710 2.872980e+52 3.884283e+53
711 3.457593e+52 4.674883e+53
712 4.161168e+52 5.626402e+53
713 5.007914e+52 6.771595e+53
714 6.026964e+52 8.149882e+53
715 7.253382e+52 9.808708e+53
716 8.729365e+52 1.180518e+54
717 1.050570e+53 1.420801e+54
718 1.264350e+53 1.709992e+54
719 1.521633e+53 2.058047e+54
720 1.831272e+53 2.476945e+54
721 2.203920e+53 2.981109e+54
722 2.652399e+53 3.587891e+54
723 3.192142e+53 4.318182e+54
724 3.841719e+53 5.197120e+54
725 4.623483e+53 6.254962e+54
726 5.564333e+53 7.528124e+54
727 6.696642e+53 9.060434e+54
728 8.059372e+53 1.090464e+55
729 9.699414e+53 1.312423e+55
730 1.167320e+54 1.579562e+55
731 1.404865e+54 1.901075e+55
732 1.690750e+54 2.288033e+55
733 2.034813e+54 2.753756e+55
734 2.448892e+54 3.314276e+55
735 2.947236e+54 3.988889e+55
736 3.546994e+54 4.800821e+55
737 4.268803e+54 5.778022e+55
738 5.137501e+54 6.954132e+55
739 6.182981e+54 8.369642e+55
740 7.441218e+54 1.007328e+56
741 8.955511e+54 1.212370e+56
742 1.077797e+55 1.459149e+56
743 1.297130e+55 1.756160e+56
744 1.561099e+55 2.113629e+56
745 1.878786e+55 2.543862e+56
746 2.261124e+55 3.061670e+56
747 2.721271e+55 3.684881e+56
748 3.275060e+55 4.434950e+56
749 3.941548e+55 5.337698e+56
750 4.743672e+55 6.424207e+56
751 5.709034e+55 7.731880e+56
752 6.870855e+55 9.305739e+56
753 8.269116e+55 1.119997e+57
754 9.951935e+55 1.347978e+57
755 1.197722e+56 1.622367e+57
756 1.441468e+56 1.952609e+57
757 1.734818e+56 2.350075e+57
758 2.087868e+56 2.828449e+57
759 2.512767e+56 3.404200e+57
760 3.024139e+56 4.097151e+57
761 3.639580e+56 4.931158e+57
762 4.380272e+56 5.934936e+57
763 5.271704e+56 7.143044e+57
764 6.344553e+56 8.597076e+57
765 7.635743e+56 1.034709e+58
766 9.189708e+56 1.245334e+58
767 1.105993e+57 1.498835e+58
768 1.331076e+57 1.803939e+58
769 1.601968e+57 2.171150e+58
770 1.927991e+57 2.613112e+58
771 2.320364e+57 3.145042e+58
772 2.792592e+57 3.785253e+58
773 3.360926e+57 4.555788e+58
774 4.044927e+57 5.483177e+58
775 4.868134e+57 6.599350e+58
776 5.858879e+57 7.942738e+58
777 7.051259e+57 9.559593e+58
778 8.486311e+57 1.150558e+59
779 1.021343e+58 1.384771e+59
780 1.229204e+58 1.666663e+59
781 1.479370e+58 2.005937e+59
782 1.780450e+58 2.414278e+59
783 2.142806e+58 2.905743e+59
784 2.578910e+58 3.497255e+59
785 3.103770e+58 4.209180e+59
786 3.735452e+58 5.066031e+59
787 4.495695e+58 6.097310e+59
788 5.410666e+58 7.338527e+59
789 6.511856e+58 8.832419e+59
790 7.837164e+58 1.063042e+60
791 9.432206e+58 1.279445e+60
792 1.135188e+59 1.539901e+60
793 1.366226e+59 1.853378e+60
794 1.644286e+59 2.230670e+60
795 1.978938e+59 2.684769e+60
796 2.381702e+59 3.231310e+60
797 2.866438e+59 3.889111e+60
798 3.449833e+59 4.680824e+60
799 4.151964e+59 5.633708e+60
800 4.997000e+59 6.780575e+60
801 6.014025e+59 8.160914e+60
802 7.238045e+59 9.822256e+60
803 8.711190e+59 1.182181e+61
804 1.048416e+60 1.422841e+61
805 1.261799e+60 1.712495e+61
806 1.518612e+60 2.061115e+61
807 1.827695e+60 2.480706e+61
808 2.199686e+60 2.985717e+61
809 2.647389e+60 3.593535e+61
810 3.186215e+60 4.325092e+61
811 3.834710e+60 5.205578e+61
812 4.615195e+60 6.265311e+61
813 5.554535e+60 7.540784e+61
814 6.685064e+60 9.075916e+61
815 8.045696e+60 1.092357e+62
816 9.683264e+60 1.314737e+62
817 1.165414e+61 1.582388e+62
818 1.402615e+61 1.904529e+62
819 1.688096e+61 2.292251e+62
820 2.031683e+61 2.758906e+62
821 2.445202e+61 3.320563e+62
822 2.942889e+61 3.996563e+62
823 3.541873e+61 4.810185e+62
824 4.262775e+61 5.789446e+62
825 5.130408e+61 6.968067e+62
826 6.174638e+61 8.386636e+62
827 7.431411e+61 1.009400e+63
828 8.943989e+61 1.214896e+63
829 1.076444e+62 1.462227e+63
830 1.295542e+62 1.759912e+63
831 1.559236e+62 2.118200e+63
832 1.876603e+62 2.549430e+63
833 2.258568e+62 3.068453e+63
834 2.718279e+62 3.693141e+63
835 3.271560e+62 4.445008e+63
836 3.937459e+62 5.349943e+63
837 4.738897e+62 6.439112e+63
838 5.703464e+62 7.750022e+63
839 6.864363e+62 9.327817e+63
840 8.261557e+62 1.122683e+64
841 9.943144e+62 1.351246e+64
842 1.196701e+63 1.626342e+64
843 1.440283e+63 1.957444e+64
844 1.733445e+63 2.355955e+64
845 2.086280e+63 2.835599e+64
846 2.510933e+63 3.412894e+64
847 3.022023e+63 4.107719e+64
848 3.637145e+63 4.944005e+64
849 4.377474e+63 5.950551e+64
850 5.268497e+63 7.162020e+64
851 6.340887e+63 8.620135e+64
852 7.631561e+63 1.037511e+65
853 9.184953e+63 1.248738e+65
854 1.105454e+64 1.502970e+65
855 1.330468e+64 1.808961e+65
856 1.601284e+64 2.177250e+65
857 1.927226e+64 2.620520e+65
858 2.319513e+64 3.154037e+65
859 2.791652e+64 3.796175e+65
860 3.359895e+64 4.569049e+65
861 4.043807e+64 5.499276e+65
862 4.866932e+64 6.618892e+65
863 5.857607e+64 7.966457e+65
864 7.049939e+64 9.588380e+65
865 8.484975e+64 1.154052e+66
866 1.021212e+65 1.389011e+66
867 1.229084e+65 1.671806e+66
868 1.479269e+65 2.012178e+66
869 1.780381e+65 2.421849e+66
870 2.142786e+65 2.914928e+66
871 2.578962e+65 3.508396e+66
872 3.103924e+65 4.222694e+66
873 3.735747e+65 5.082421e+66
874 4.496183e+65 6.117188e+66
875 5.411412e+65 7.362633e+66
876 6.512944e+65 8.861649e+66
877 7.838704e+65 1.066586e+67
878 9.434335e+65 1.283742e+67
879 1.135477e+66 1.545110e+67
880 1.366614e+66 1.859693e+67
881 1.644800e+66 2.238326e+67
882 1.979615e+66 2.694048e+67
883 2.382586e+66 3.242557e+67
884 2.867585e+66 3.902743e+67
885 3.451313e+66 4.697344e+67
886 4.153866e+66 5.653727e+67
887 4.999433e+66 6.804834e+67
888 6.017126e+66 8.190309e+67
889 7.241985e+66 9.857872e+67
890 8.716182e+66 1.186496e+68
891 1.049047e+67 1.428069e+68
892 1.262595e+67 1.718828e+68
893 1.519613e+67 2.068787e+68
894 1.828952e+67 2.489999e+68
895 2.201261e+67 2.996973e+68
896 2.649361e+67 3.607168e+68
897 3.188678e+67 4.341604e+68
898 3.837783e+67 5.225575e+68
899 4.619025e+67 6.289528e+68
900 5.559302e+67 7.570109e+68
901 6.690990e+67 9.111426e+68
902 8.053055e+67 1.096657e+69
903 9.692394e+67 1.319943e+69
904 1.166545e+68 1.588692e+69
905 1.404017e+68 1.912160e+69
906 1.689830e+68 2.301490e+69
907 2.033827e+68 2.770090e+69
908 2.447851e+68 3.334102e+69
909 2.946159e+68 4.012951e+69
910 3.545908e+68 4.830022e+69
911 4.267749e+68 5.813456e+69
912 5.136537e+68 6.997127e+69
913 6.182187e+68 8.421807e+69
914 7.440703e+68 1.013657e+70
915 8.955419e+68 1.220047e+70
916 1.077849e+69 1.468461e+70
917 1.297270e+69 1.767455e+70
918 1.561358e+69 2.127328e+70
919 1.879209e+69 2.560475e+70
920 2.261766e+69 3.081817e+70
921 2.722202e+69 3.709310e+70
922 3.276372e+69 4.464570e+70
923 3.943358e+69 5.373611e+70
924 4.746126e+69 6.467745e+70
925 5.712320e+69 7.784660e+70
926 6.875209e+69 9.369719e+70
927 8.274836e+69 1.127752e+71
928 9.959396e+69 1.357377e+71
929 1.198690e+70 1.633758e+71
930 1.442715e+70 1.966415e+71
931 1.736419e+70 2.366805e+71
932 2.089916e+70 2.848722e+71
933 2.515376e+70 3.428765e+71
934 3.027453e+70 4.126914e+71
935 3.643778e+70 4.967218e+71
936 4.385574e+70 5.978623e+71
937 5.278387e+70 7.195967e+71
938 6.352960e+70 8.661185e+71
939 7.646296e+70 1.042475e+72
940 9.202932e+70 1.254740e+72
941 1.107647e+71 1.510227e+72
942 1.333143e+71 1.817736e+72
943 1.604547e+71 2.187860e+72
944 1.931203e+71 2.633348e+72
945 2.324362e+71 3.169547e+72
946 2.797561e+71 3.814926e+72
947 3.367097e+71 4.591717e+72
948 4.052581e+71 5.526680e+72
949 4.877619e+71 6.652020e+72
950 5.870624e+71 8.006504e+72
951 7.065790e+71 9.636789e+72
952 8.504276e+71 1.159904e+73
953 1.023562e+72 1.396084e+73
954 1.231944e+72 1.680356e+73
955 1.482750e+72 2.022512e+73
956 1.784617e+72 2.434340e+73
957 2.147940e+72 2.930024e+73
958 2.585232e+72 3.526642e+73
959 3.111551e+72 4.244745e+73
960 3.745023e+72 5.109072e+73
961 4.507463e+72 6.149396e+73
962 5.425128e+72 7.401556e+73
963 6.529621e+72 8.908686e+73
964 7.858977e+72 1.072271e+74
965 9.458977e+72 1.290611e+74
966 1.138472e+73 1.553410e+74
967 1.370253e+73 1.869723e+74
968 1.649223e+73 2.250445e+74
969 1.984989e+73 2.708692e+74
970 2.389114e+73 3.260251e+74
971 2.875515e+73 3.924121e+74
972 3.460945e+73 4.723174e+74
973 4.165564e+73 5.684936e+74
974 5.013639e+73 6.842539e+74
975 6.034376e+73 8.235863e+74
976 7.262930e+73 9.912908e+74
977 8.741610e+73 1.193145e+75
978 1.052134e+74 1.436102e+75
979 1.266342e+74 1.728532e+75
980 1.524161e+74 2.080510e+75
981 1.834471e+74 2.504160e+75
982 2.207960e+74 3.014079e+75
983 2.657489e+74 3.627832e+75
984 3.198540e+74 4.366565e+75
985 3.849748e+74 5.255725e+75
986 4.633541e+74 6.325947e+75
987 5.576911e+74 7.614099e+75
988 6.712350e+74 9.164559e+75
989 8.078962e+74 1.103074e+76
990 9.723815e+74 1.327694e+76
991 1.170356e+75 1.598054e+76
992 1.408637e+75 1.923467e+76
993 1.695433e+75 2.315146e+76
994 2.040620e+75 2.786583e+76
995 2.456088e+75 3.354020e+76
996 2.956144e+75 4.037007e+76
997 3.558013e+75 4.859073e+76
998 4.282423e+75 5.848539e+76
999 5.154323e+75 7.039495e+76
1000 6.203744e+75 8.472971e+76
1001 7.466829e+75 1.019835e+77
1002 8.987082e+75 1.227508e+77
1003 1.081686e+76 1.477470e+77
1004 1.301919e+76 1.778334e+77
1005 1.566992e+76 2.140464e+77
1006 1.886035e+76 2.576338e+77
1007 2.270036e+76 3.100970e+77
1008 2.732221e+76 3.732437e+77
1009 3.288509e+76 4.492494e+77
1010 3.958060e+76 5.407327e+77
1011 4.763935e+76 6.508454e+77
1012 5.733891e+76 7.833811e+77
1013 6.901335e+76 9.429062e+77
1014 8.306477e+76 1.134917e+78
1015 9.997716e+76 1.366028e+78
1016 1.203330e+77 1.644202e+78
1017 1.448335e+77 1.979023e+78
1018 1.743224e+77 2.382027e+78
1019 2.098155e+77 2.867099e+78
1020 2.525352e+77 3.450950e+78
1021 3.039531e+77 4.153696e+78
1022 3.658400e+77 4.999550e+78
1023 4.403277e+77 6.017654e+78
1024 5.299817e+77 7.243085e+78
1025 6.378901e+77 8.718063e+78
1026 7.677697e+77 1.049341e+79
1027 9.240940e+77 1.263029e+79
1028 1.112248e+78 1.520232e+79
1029 1.338711e+78 1.829813e+79
1030 1.611285e+78 2.202437e+79
1031 1.939358e+78 2.650944e+79
1032 2.334231e+78 3.190786e+79
1033 2.809504e+78 3.840562e+79
1034 3.381549e+78 4.622661e+79
1035 4.070068e+78 5.564029e+79
1036 4.898779e+78 6.697100e+79
1037 5.896227e+78 8.060914e+79
1038 7.096767e+78 9.702460e+79
1039 8.541754e+78 1.167830e+80
1040 1.028096e+79 1.405650e+80
1041 1.237429e+79 1.691902e+80
1042 1.489386e+79 2.036447e+80
1043 1.792644e+79 2.451157e+80
1044 2.157650e+79 2.950320e+80
1045 2.596978e+79 3.551137e+80
1046 3.125759e+79 4.274306e+80
1047 3.762208e+79 5.144747e+80
1048 4.528248e+79 6.192449e+80
1049 5.450267e+79 7.453512e+80
1050 6.560023e+79 8.971387e+80
1051 7.895745e+79 1.079837e+81
1052 9.503443e+79 1.299742e+81
1053 1.143850e+80 1.564429e+81
1054 1.376756e+80 1.883020e+81
1055 1.657086e+80 2.266491e+81
1056 1.994497e+80 2.728054e+81
1057 2.400611e+80 3.283615e+81
1058 2.889417e+80 3.952315e+81
1059 3.477754e+80 4.757194e+81
1060 4.185887e+80 5.725987e+81
1061 5.038210e+80 6.892073e+81
1062 6.064083e+80 8.295632e+81
1063 7.298845e+80 9.985026e+81
1064 8.785029e+80 1.201846e+82
1065 1.057383e+81 1.446601e+82
1066 1.272687e+81 1.741201e+82
1067 1.531832e+81 2.095795e+82
1068 1.843744e+81 2.522603e+82
1069 2.219168e+81 3.036331e+82
1070 2.671036e+81 3.654680e+82
1071 3.214916e+81 4.398958e+82
1072 3.869541e+81 5.294808e+82
1073 4.657464e+81 6.373100e+82
1074 5.605825e+81 7.670989e+82
1075 6.747296e+81 9.233195e+82
1076 8.121197e+81 1.111355e+83
1077 9.774857e+81 1.337684e+83
1078 1.176524e+82 1.610106e+83
1079 1.416092e+82 1.938008e+83
1080 1.704442e+82 2.332688e+83
1081 2.051507e+82 2.807746e+83
1082 2.469243e+82 3.379551e+83
1083 2.972041e+82 4.067807e+83
1084 3.577222e+82 4.896230e+83
1085 4.305633e+82 5.893364e+83
1086 5.182368e+82 7.093569e+83
1087 6.237631e+82 8.538203e+83
1088 7.507773e+82 1.027704e+84
1089 9.036550e+82 1.237001e+84
1090 1.087663e+83 1.488922e+84
1091 1.309140e+83 1.792148e+84
1092 1.575716e+83 2.157128e+84
1093 1.896574e+83 2.596438e+84
1094 2.282769e+83 3.125217e+84
1095 2.747604e+83 3.761685e+84
1096 3.307092e+83 4.527774e+84
1097 3.980509e+83 5.449883e+84
1098 4.791054e+83 6.559787e+84
1099 5.766650e+83 7.895730e+84
1100 6.940907e+83 9.503749e+84
1101 8.354278e+83 1.143925e+85
1102 1.005545e+84 1.376894e+85
1103 1.210304e+84 1.657309e+85
1104 1.456759e+84 1.994832e+85
1105 1.753399e+84 2.401095e+85
1106 2.110444e+84 2.890098e+85
1107 2.540196e+84 3.478690e+85
1108 3.057458e+84 4.187155e+85
1109 3.680052e+84 5.039905e+85
1110 4.429427e+84 6.066326e+85
1111 5.331400e+84 7.301789e+85
1112 6.417043e+84 8.788866e+85
1113 7.723761e+84 1.057880e+86
1114 9.296570e+84 1.273328e+86
1115 1.118966e+85 1.532654e+86
1116 1.346824e+85 1.844794e+86
1117 1.621082e+85 2.220506e+86
1118 1.951189e+85 2.672735e+86
1119 2.348518e+85 3.217066e+86
1120 2.826756e+85 3.872257e+86
1121 3.402381e+85 4.660885e+86
1122 4.095223e+85 5.610128e+86
1123 4.929153e+85 6.752695e+86
1124 5.932902e+85 8.127961e+86
1125 7.141051e+85 9.783318e+86
1126 8.595223e+85 1.177581e+87
1127 1.034552e+86 1.417410e+87
1128 1.245224e+86 1.706083e+87
1129 1.498797e+86 2.053549e+87
1130 1.804007e+86 2.471781e+87
1131 2.171369e+86 2.975192e+87
1132 2.613541e+86 3.581130e+87
1133 3.145755e+86 4.310476e+87
1134 3.786350e+86 5.188363e+87
1135 4.557394e+86 6.245046e+87
1136 5.485453e+86 7.516939e+87
1137 6.602502e+86 9.047872e+87
1138 7.947026e+86 1.089060e+88
1139 9.565350e+86 1.310864e+88
1140 1.151323e+87 1.577841e+88
1141 1.385778e+87 1.899192e+88
1142 1.667977e+87 2.285992e+88
1143 2.007643e+87 2.751570e+88
1144 2.416480e+87 3.311970e+88
1145 2.908573e+87 3.986506e+88
1146 3.500876e+87 4.798422e+88
1147 4.213798e+87 5.775700e+88
1148 5.071900e+87 6.952017e+88
1149 6.104749e+87 8.367912e+88
1150 7.347929e+87 1.007218e+89
1151 8.844275e+87 1.212355e+89
1152 1.064534e+88 1.459272e+89
1153 1.281318e+88 1.756479e+89
1154 1.542249e+88 2.114217e+89
1155 1.856317e+88 2.544815e+89
1156 2.234343e+88 3.063113e+89
1157 2.689352e+88 3.686972e+89
1158 3.237021e+88 4.437893e+89
1159 3.896220e+88 5.341753e+89
1160 4.689661e+88 6.429702e+89
1161 5.644684e+88 7.739233e+89
1162 6.794192e+88 9.315477e+89
1163 8.177793e+88 1.121276e+90
1164 9.843159e+88 1.349645e+90
1165 1.184767e+89 1.624528e+90
1166 1.426039e+89 1.955395e+90
1167 1.716446e+89 2.353651e+90
1168 2.065993e+89 2.833020e+90
1169 2.486725e+89 3.410023e+90
1170 2.993137e+89 4.104545e+90
1171 3.602679e+89 4.940522e+90
1172 4.336353e+89 5.946765e+90
1173 5.219438e+89 7.157950e+90
1174 6.282362e+89 8.615821e+90
1175 7.561749e+89 1.037062e+91
1176 9.101682e+89 1.248283e+91
1177 1.095522e+90 1.502523e+91
1178 1.318623e+90 1.808545e+91
1179 1.587159e+90 2.176896e+91
1180 1.910381e+90 2.620270e+91
1181 2.299428e+90 3.153948e+91
1182 2.767705e+90 3.796323e+91
1183 3.331346e+90 4.569532e+91
1184 4.009773e+90 5.500224e+91
1185 4.826362e+90 6.620475e+91
1186 5.809251e+90 7.968892e+91
1187 6.992306e+90 9.591948e+91
1188 8.416292e+90 1.154558e+92
1189 1.013028e+91 1.389712e+92
1190 1.219331e+91 1.672761e+92
1191 1.467650e+91 2.013460e+92
1192 1.766539e+91 2.423551e+92
1193 2.126297e+91 2.917168e+92
1194 2.559321e+91 3.511323e+92
1195 3.080532e+91 4.226493e+92
1196 3.707889e+91 5.087326e+92
1197 4.463010e+91 6.123491e+92
1198 5.371914e+91 7.370699e+92
1199 6.465920e+91 8.871934e+92
1200 7.782724e+91 1.067894e+93
1201 9.367702e+91 1.285399e+93
1202 1.127547e+92 1.547204e+93
1203 1.357176e+92 1.862334e+93
1204 1.633570e+92 2.241649e+93
1205 1.966254e+92 2.698221e+93
1206 2.366690e+92 3.247788e+93
1207 2.848677e+92 3.909289e+93
1208 3.428824e+92 4.705524e+93
1209 4.127122e+92 5.663936e+93
1210 4.967632e+92 6.817555e+93
1211 5.979318e+92 8.206143e+93
1212 7.197041e+92 9.877557e+93
1213 8.662761e+92 1.188940e+94
1214 1.042699e+93 1.431102e+94
1215 1.255051e+93 1.722588e+94
1216 1.510650e+93 2.073443e+94
1217 1.818304e+93 2.495760e+94
1218 2.188615e+93 3.004095e+94
1219 2.634342e+93 3.615968e+94
1220 3.170845e+93 4.352468e+94
1221 3.816612e+93 5.238978e+94
1222 4.593896e+93 6.306054e+94
1223 5.529480e+93 7.590473e+94
1224 6.655604e+93 9.136505e+94
1225 8.011075e+93 1.099743e+95
1226 9.642600e+93 1.323740e+95
1227 1.160640e+94 1.593361e+95
1228 1.397015e+94 1.917898e+95
1229 1.681530e+94 2.308538e+95
1230 2.023990e+94 2.778745e+95
1231 2.436195e+94 3.344724e+95
1232 2.932351e+94 4.025984e+95
1233 3.529554e+94 4.846004e+95
1234 4.248384e+94 5.833049e+95
1235 5.113613e+94 7.021138e+95
1236 6.155056e+94 8.451220e+95
1237 7.408600e+94 1.017259e+96
1238 8.917445e+94 1.224457e+96
1239 1.073358e+95 1.473858e+96
1240 1.291960e+95 1.774058e+96
1241 1.555083e+95 2.135404e+96
1242 1.871795e+95 2.570350e+96
1243 2.253009e+95 3.093889e+96
1244 2.711862e+95 3.724064e+96
1245 3.264167e+95 4.482596e+96
1246 3.928957e+95 5.395630e+96
1247 4.729140e+95 6.494635e+96
1248 5.692293e+95 7.817491e+96
1249 6.851605e+95 9.409793e+96
1250 8.247028e+95 1.132643e+97
1251 9.926649e+95 1.363345e+97
1252 1.194835e+96 1.641038e+97
1253 1.438180e+96 1.975293e+97
1254 1.731087e+96 2.377631e+97
1255 2.083648e+96 2.861921e+97
1256 2.508014e+96 3.444853e+97
1257 3.018808e+96 4.146521e+97
1258 3.633635e+96 4.991110e+97
1259 4.373681e+96 6.007730e+97
1260 5.264449e+96 7.231423e+97
1261 6.336638e+96 8.704366e+97
1262 7.627196e+96 1.047733e+98
1263 9.180598e+96 1.261142e+98
1264 1.105038e+97 1.518021e+98
1265 1.330097e+97 1.827222e+98
1266 1.600994e+97 2.199404e+98
1267 1.927064e+97 2.647395e+98
1268 2.319543e+97 3.186637e+98
1269 2.791959e+97 3.835716e+98
1270 3.360590e+97 4.617005e+98
1271 4.045034e+97 5.557434e+98
1272 4.868878e+97 6.689418e+98
1273 5.860514e+97 8.051975e+98
1274 7.054116e+97 9.692071e+98
1275 8.490817e+97 1.166624e+99
1276 1.022013e+98 1.404252e+99
1277 1.230166e+98 1.690283e+99
1278 1.480712e+98 2.034575e+99
1279 1.782288e+98 2.448996e+99
1280 2.145286e+98 2.947831e+99
1281 2.582216e+98 3.548273e+99
1282 3.108135e+98 4.271021e+99
1283 3.741170e+98 5.140984e+99
1284 4.503135e+98 6.188152e+99
1285 5.420291e+98 7.448618e+99
1286 6.524245e+98 8.965830e+99
1287 7.853044e+98 1.079209e+100
1288 9.452481e+98 1.299033e+100
1289 1.137768e+99 1.563634e+100
1290 1.369499e+99 1.882133e+100
1291 1.648427e+99 2.265507e+100
1292 1.984165e+99 2.726971e+100
1293 2.388284e+99 3.282431e+100
1294 2.874711e+99 3.951035e+100
1295 3.460210e+99 4.755828e+100
1296 4.164960e+99 5.724551e+100
1297 5.013248e+99 6.890597e+100
1298 6.034311e+99 8.294158e+100
1299 7.263338e+99 9.983614e+100
1300 8.742686e+99 1.201720e+101
1301 1.052334e+100 1.446502e+101
1302 1.266667e+100 1.741144e+101
1303 1.524653e+100 2.095802e+101
1304 1.835186e+100 2.522703e+101
1305 2.208966e+100 3.036560e+101
1306 2.658876e+100 3.655087e+101
1307 3.200421e+100 4.399605e+101
1308 3.852266e+100 5.295776e+101
1309 4.636876e+100 6.374493e+101
1310 5.581292e+100 7.672938e+101
1311 6.718063e+100 9.235870e+101
1312 8.086368e+100 1.111716e+102
1313 9.733364e+100 1.338167e+102
1314 1.171581e+101 1.610744e+102
1315 1.410204e+101 1.938844e+102
1316 1.697430e+101 2.333776e+102
1317 2.043156e+101 2.809155e+102
1318 2.459299e+101 3.381366e+102
1319 2.960201e+101 4.070134e+102
1320 3.563125e+101 4.899201e+102
1321 4.288852e+101 5.897146e+102
1322 5.162393e+101 7.098369e+102
1323 6.213856e+101 8.544277e+102
1324 7.479479e+101 1.028471e+103
1325 9.002883e+101 1.237967e+103
1326 1.083657e+102 1.490136e+103
1327 1.304374e+102 1.793671e+103
1328 1.570047e+102 2.159035e+103
1329 1.889832e+102 2.598824e+103
1330 2.274750e+102 3.128195e+103
1331 2.738069e+102 3.765399e+103
1332 3.295756e+102 4.532400e+103
1333 3.967033e+102 5.455637e+103
1334 4.775035e+102 6.566935e+103
1335 5.747612e+102 7.904603e+103
1336 6.918284e+102 9.514752e+103
1337 8.327399e+102 1.145288e+104
1338 1.002352e+103 1.378581e+104
1339 1.206512e+103 1.659396e+104
1340 1.452254e+103 1.997411e+104
1341 1.748050e+103 2.404280e+104
1342 2.104094e+103 2.894029e+104
1343 2.532658e+103 3.483538e+104
1344 3.048513e+103 4.193130e+104
1345 3.669437e+103 5.047265e+104
1346 4.416833e+103 6.075388e+104
1347 5.316461e+103 7.312939e+104
1348 6.399326e+103 8.802579e+104
1349 7.702753e+103 1.059566e+105
1350 9.271665e+103 1.275399e+105
1351 1.116014e+104 1.535197e+105
1352 1.343326e+104 1.847916e+105
1353 1.616938e+104 2.224336e+105
1354 1.946281e+104 2.677434e+105
1355 2.342705e+104 3.222827e+105
1356 2.819874e+104 3.879318e+105
1357 3.394235e+104 4.669537e+105
1358 4.085584e+104 5.620724e+105
1359 4.917750e+104 6.765669e+105
1360 5.919416e+104 8.143841e+105
1361 7.125105e+104 9.802749e+105
1362 8.576375e+104 1.179958e+106
1363 1.032325e+105 1.420317e+106
1364 1.242593e+105 1.709637e+106
1365 1.495690e+105 2.057893e+106
1366 1.800339e+105 2.477088e+106
1367 2.167041e+105 2.981676e+106
1368 2.608435e+105 3.589048e+106
1369 3.139734e+105 4.320144e+106
1370 3.779252e+105 5.200167e+106
1371 4.549030e+105 6.259452e+106
1372 5.475602e+105 7.534517e+106
1373 6.590905e+105 9.069317e+106
1374 7.933379e+105 1.091676e+107
1375 9.549299e+105 1.314053e+107
1376 1.149436e+106 1.581730e+107
1377 1.383560e+106 1.903933e+107
1378 1.665373e+106 2.291770e+107
1379 2.004588e+106 2.758611e+107
1380 2.412896e+106 3.320549e+107
1381 2.904371e+106 3.996956e+107
1382 3.495955e+106 4.811150e+107
1383 4.208037e+106 5.791199e+107
1384 5.065161e+106 6.970889e+107
1385 6.096872e+106 8.390887e+107
1386 7.338731e+106 1.010014e+108
1387 8.833542e+106 1.215759e+108
1388 1.063283e+107 1.463414e+108
1389 1.279861e+107 1.761518e+108
1390 1.540554e+107 2.120347e+108
1391 1.854348e+107 2.552272e+108
1392 2.232057e+107 3.072182e+108
1393 2.686703e+107 3.698000e+108
1394 3.233955e+107 4.451302e+108
1395 3.892677e+107 5.358055e+108
1396 4.685574e+107 6.449519e+108
1397 5.639976e+107 7.763321e+108
1398 6.788781e+107 9.344753e+108
1399 8.171586e+107 1.124833e+109
1400 9.836057e+107 1.353968e+109
1401 1.183956e+108 1.629780e+109
1402 1.425117e+108 1.961776e+109
1403 1.715400e+108 2.361401e+109
1404 2.064810e+108 2.842434e+109
1405 2.485393e+108 3.421455e+109
1406 2.991645e+108 4.118428e+109
1407 3.601016e+108 4.957379e+109
1408 4.334512e+108 5.967231e+109
1409 5.217414e+108 7.182797e+109
1410 6.280157e+108 8.645982e+109
1411 7.559372e+108 1.040723e+110
1412 9.099154e+108 1.252726e+110
1413 1.095258e+109 1.507915e+110
1414 1.318353e+109 1.815089e+110
1415 1.586891e+109 2.184836e+110
1416 1.910129e+109 2.629904e+110
1417 2.299208e+109 3.165636e+110
1418 2.767540e+109 3.810501e+110
1419 3.331268e+109 4.586731e+110
1420 4.009824e+109 5.521085e+110
1421 4.826597e+109 6.645776e+110
1422 5.809743e+109 7.999576e+110
1423 6.993149e+109 9.629158e+110
1424 8.417608e+109 1.159070e+111
1425 1.013222e+110 1.395183e+111
1426 1.219609e+110 1.679394e+111
1427 1.468036e+110 2.021501e+111
1428 1.767067e+110 2.433299e+111
1429 2.127008e+110 2.928985e+111
1430 2.560268e+110 3.525646e+111
1431 3.081780e+110 4.243854e+111
1432 3.709522e+110 5.108367e+111
1433 4.465133e+110 6.148991e+111
1434 5.374658e+110 7.401600e+111
1435 6.469450e+110 8.909379e+111
1436 7.787246e+110 1.072431e+112
1437 9.373472e+110 1.290896e+112
1438 1.128281e+111 1.553864e+112
1439 1.358107e+111 1.870403e+112
1440 1.634747e+111 2.251423e+112
1441 1.967739e+111 2.710062e+112
1442 2.368559e+111 3.262130e+112
1443 2.851026e+111 3.926661e+112
1444 3.431769e+111 4.726564e+112
1445 4.130809e+111 5.689417e+112
1446 4.972241e+111 6.848415e+112
1447 5.985070e+111 8.243514e+112
1448 7.204211e+111 9.922810e+112
1449 8.671687e+111 1.194420e+113
1450 1.043809e+112 1.437737e+113
1451 1.256430e+112 1.730621e+113
1452 1.512361e+112 2.083169e+113
1453 1.820425e+112 2.507535e+113
1454 2.191242e+112 3.018350e+113
1455 2.637593e+112 3.633224e+113
1456 3.174866e+112 4.373356e+113
1457 3.821580e+112 5.264262e+113
1458 4.600030e+112 6.336657e+113
1459 5.537049e+112 7.627513e+113
1460 6.664937e+112 9.181334e+113
1461 8.022576e+112 1.105169e+114
1462 9.656766e+112 1.330306e+114
1463 1.162384e+113 1.601306e+114
1464 1.399160e+113 1.927513e+114
1465 1.684168e+113 2.320173e+114
1466 2.027232e+113 2.792823e+114
1467 2.440179e+113 3.361758e+114
1468 2.937242e+113 4.046593e+114
1469 3.535558e+113 4.870939e+114
1470 4.255750e+113 5.863216e+114
1471 5.122647e+113 7.057634e+114
1472 6.166131e+113 8.495372e+114
1473 7.422173e+113 1.022600e+115
1474 8.934073e+113 1.230918e+115
1475 1.075395e+114 1.481673e+115
1476 1.294454e+114 1.783511e+115
1477 1.558135e+114 2.146838e+115
1478 1.875528e+114 2.584180e+115
1479 2.257575e+114 3.110615e+115
1480 2.717446e+114 3.744293e+115
1481 3.270994e+114 4.507061e+115
1482 3.937300e+114 5.425216e+115
1483 4.739334e+114 6.530414e+115
1484 5.704745e+114 7.860758e+115
1485 6.866812e+114 9.462114e+115
1486 8.265595e+114 1.138969e+116
1487 9.949314e+114 1.370995e+116
1488 1.197601e+115 1.650287e+116
1489 1.441555e+115 1.986477e+116
1490 1.735204e+115 2.391153e+116
1491 2.088669e+115 2.878269e+116
1492 2.514137e+115 3.464618e+116
1493 3.026274e+115 4.170416e+116
1494 3.642735e+115 5.019997e+116
1495 4.384771e+115 6.042652e+116
1496 5.277963e+115 7.273638e+116
1497 6.353102e+115 8.755398e+116
1498 7.647251e+115 1.053902e+117
1499 9.205024e+115 1.268599e+117
1500 1.108012e+116 1.527034e+117
1501 1.333719e+116 1.838116e+117
1502 1.605402e+116 2.212571e+117
1503 1.932429e+116 2.663310e+117
1504 2.326073e+116 3.205872e+117
1505 2.799905e+116 3.858963e+117
1506 3.370258e+116 4.645100e+117
1507 4.056795e+116 5.591388e+117
1508 4.883183e+116 6.730451e+117
1509 5.877911e+116 8.101562e+117
1510 7.075271e+116 9.751993e+117
1511 8.516540e+116 1.173865e+118
1512 1.025140e+117 1.413002e+118
1513 1.233967e+117 1.700856e+118
1514 1.485333e+117 2.047351e+118
1515 1.787903e+117 2.464433e+118
1516 2.152109e+117 2.966483e+118
1517 2.590507e+117 3.570810e+118
1518 3.118208e+117 4.298250e+118
1519 3.753406e+117 5.173884e+118
1520 4.517998e+117 6.227900e+118
1521 5.438343e+117 7.496640e+118
1522 6.546168e+117 9.023846e+118
1523 7.879665e+117 1.086217e+119
1524 9.484806e+117 1.307501e+119
1525 1.141692e+118 1.573863e+119
1526 1.374263e+118 1.894490e+119
1527 1.654210e+118 2.280434e+119
1528 1.991185e+118 2.745002e+119
1529 2.396803e+118 3.304212e+119
1530 2.885050e+118 3.977345e+119
1531 3.472756e+118 4.787608e+119
1532 4.180183e+118 5.762939e+119
1533 5.031718e+118 6.936963e+119
1534 6.056719e+118 8.350161e+119
1535 7.290520e+118 1.005126e+120
1536 8.775658e+118 1.209890e+120
1537 1.056333e+119 1.456369e+120
1538 1.271517e+119 1.753061e+120
1539 1.530536e+119 2.110195e+120
1540 1.842319e+119 2.540085e+120
1541 2.217615e+119 3.057552e+120
1542 2.669363e+119 3.680439e+120
1543 3.213135e+119 4.430221e+120
1544 3.867680e+119 5.332749e+120
1545 4.655562e+119 6.419142e+120
1546 5.603942e+119 7.726856e+120
1547 6.745518e+119 9.300979e+120
1548 8.119643e+119 1.119579e+121
1549 9.773692e+119 1.347661e+121
1550 1.176469e+120 1.622208e+121
1551 1.416127e+120 1.952686e+121
1552 1.704606e+120 2.350491e+121
1553 2.051851e+120 2.829336e+121
1554 2.469834e+120 3.405734e+121
1555 2.972965e+120 4.099556e+121
1556 3.578588e+120 4.934725e+121
1557 4.307584e+120 5.940037e+121
1558 5.185084e+120 7.150154e+121
1559 6.241341e+120 8.606799e+121
1560 7.512770e+120 1.036019e+122
1561 9.043203e+120 1.247080e+122
1562 1.088540e+121 1.501138e+122
1563 1.310288e+121 1.806953e+122
1564 1.577208e+121 2.175071e+122
1565 1.898504e+121 2.618182e+122
1566 2.285250e+121 3.151565e+122
1567 2.750782e+121 3.793611e+122
1568 3.311149e+121 4.566457e+122
1569 3.985669e+121 5.496749e+122
1570 4.797597e+121 6.616564e+122
1571 5.774925e+121 7.964511e+122
1572 6.951347e+121 9.587068e+122
1573 8.367421e+121 1.154018e+123
1574 1.007197e+122 1.389118e+123
1575 1.212375e+122 1.672114e+123
1576 1.459351e+122 2.012763e+123
1577 1.756639e+122 2.422811e+123
1578 2.114489e+122 2.916395e+123
1579 2.545238e+122 3.510535e+123
1580 3.063736e+122 4.225715e+123
1581 3.687859e+122 5.086594e+123
1582 4.439124e+122 6.122856e+123
1583 5.343432e+122 7.370230e+123
1584 6.431961e+122 8.871725e+123
1585 7.742238e+122 1.067911e+124
1586 9.319437e+122 1.285471e+124
1587 1.121793e+123 1.547353e+124
1588 1.350318e+123 1.862587e+124
1589 1.625397e+123 2.242041e+124
1590 1.956513e+123 2.698801e+124
1591 2.355082e+123 3.248614e+124
1592 2.834845e+123 3.910437e+124
1593 3.412344e+123 4.707091e+124
1594 4.107488e+123 5.666044e+124
1595 4.944242e+123 6.820360e+124
1596 5.951457e+123 8.209839e+124
1597 7.163856e+123 9.882391e+124
1598 8.623240e+123 1.189569e+125
1599 1.037992e+124 1.431914e+125
1600 1.249447e+124 1.723632e+125
1601 1.503978e+124 2.074780e+125
1602 1.810361e+124 2.497466e+125
1603 2.179160e+124 3.006264e+125
1604 2.623088e+124 3.618718e+125
1605 3.157452e+124 4.355944e+125
1606 3.800674e+124 5.243364e+125
1607 4.574931e+124 6.311574e+125
1608 5.506917e+124 7.597407e+125
1609 6.628764e+124 9.145199e+125
1610 7.979149e+124 1.100832e+126
1611 9.604630e+124 1.325100e+126
1612 1.156125e+125 1.595058e+126
1613 1.391646e+125 1.920014e+126
1614 1.675148e+125 2.311172e+126
1615 2.016403e+125 2.782020e+126
1616 2.427178e+125 3.348792e+126
1617 2.921634e+125 4.031031e+126
1618 3.516820e+125 4.852261e+126
1619 4.233256e+125 5.840798e+126
1620 5.095642e+125 7.030728e+126
1621 6.133712e+125 8.463078e+126
1622 7.383255e+125 1.018724e+127
1623 8.887351e+125 1.226266e+127
1624 1.069786e+126 1.476090e+127
1625 1.287720e+126 1.776810e+127
1626 1.550051e+126 2.138795e+127
1627 1.865824e+126 2.574527e+127
1628 2.245926e+126 3.099030e+127
1629 2.703461e+126 3.730388e+127
1630 3.254205e+126 4.490373e+127
1631 3.917145e+126 5.405187e+127
1632 4.715138e+126 6.506376e+127
1633 5.675698e+126 7.831907e+127
1634 6.831942e+126 9.427488e+127
1635 8.223735e+126 1.134813e+128
1636 9.899062e+126 1.366007e+128
1637 1.191569e+127 1.644302e+128
1638 1.434313e+127 1.979293e+128
1639 1.726510e+127 2.382531e+128
1640 2.078233e+127 2.867921e+128
1641 2.501608e+127 3.452199e+128
1642 3.011234e+127 4.155511e+128
1643 3.624680e+127 5.002109e+128
1644 4.363097e+127 6.021184e+128
1645 5.251945e+127 7.247874e+128
1646 6.321868e+127 8.724476e+128
1647 7.609757e+127 1.050191e+129
1648 9.160014e+127 1.264145e+129
1649 1.102609e+128 1.521689e+129
1650 1.327232e+128 1.831701e+129
1651 1.597616e+128 2.204873e+129
1652 1.923082e+128 2.654071e+129
1653 2.314853e+128 3.194784e+129
1654 2.786435e+128 3.845656e+129
1655 3.354089e+128 4.629130e+129
1656 4.037385e+128 5.572222e+129
1657 4.859883e+128 6.707450e+129
1658 5.849941e+128 8.073959e+129
1659 7.041695e+128 9.718867e+129
1660 8.476235e+128 1.169889e+130
1661 1.020302e+129 1.408231e+130
1662 1.228159e+129 1.695130e+130
1663 1.478361e+129 2.040480e+130
1664 1.779534e+129 2.456188e+130
1665 2.142063e+129 2.956588e+130
1666 2.578447e+129 3.558935e+130
1667 3.103732e+129 4.283999e+130
1668 3.736028e+129 5.156781e+130
1669 4.497138e+129 6.207376e+130
1670 5.413302e+129 7.472009e+130
1671 6.516110e+129 8.994288e+130
1672 7.843583e+129 1.082670e+131
1673 9.441493e+129 1.303244e+131
1674 1.136493e+130 1.568755e+131
1675 1.368022e+130 1.888359e+131
1676 1.646719e+130 2.273077e+131
1677 1.982192e+130 2.736174e+131
1678 2.386009e+130 3.293619e+131
1679 2.872092e+130 3.964632e+131
1680 3.457202e+130 4.772353e+131
1681 4.161512e+130 5.744632e+131
1682 5.009307e+130 6.914995e+131
1683 6.029817e+130 8.323799e+131
1684 7.258228e+130 1.001962e+132
1685 8.736896e+130 1.206094e+132
1686 1.051680e+131 1.451813e+132
1687 1.265932e+131 1.747594e+132
1688 1.523832e+131 2.103635e+132
1689 1.834272e+131 2.532213e+132
1690 2.207956e+131 3.048106e+132
1691 2.657768e+131 3.669104e+132
1692 3.199218e+131 4.416619e+132
1693 3.850974e+131 5.316427e+132
1694 4.635509e+131 6.399556e+132
1695 5.579873e+131 7.703353e+132
1696 6.716626e+131 9.272777e+132
1697 8.084964e+131 1.116194e+133
1698 9.732065e+131 1.343600e+133
1699 1.171472e+132 1.617335e+133
1700 1.410129e+132 1.946839e+133
1701 1.697407e+132 2.343475e+133
1702 2.043210e+132 2.820918e+133
1703 2.459462e+132 3.395632e+133
1704 2.960515e+132 4.087434e+133
1705 3.563645e+132 4.920180e+133
1706 4.289648e+132 5.922584e+133
1707 5.163555e+132 7.129211e+133
1708 6.215500e+132 8.581670e+133
1709 7.481752e+132 1.033004e+134
1710 9.005973e+132 1.243462e+134
1711 1.084072e+133 1.496797e+134
1712 1.304924e+133 1.801744e+134
1713 1.570770e+133 2.168820e+134
1714 1.890776e+133 2.610682e+134
1715 2.275975e+133 3.142566e+134
1716 2.739650e+133 3.782814e+134
1717 3.297786e+133 4.553501e+134
1718 3.969630e+133 5.481204e+134
1719 4.778346e+133 6.597912e+134
1720 5.751819e+133 7.942131e+134
1721 6.923613e+133 9.560215e+134
1722 8.334133e+133 1.150796e+135
1723 1.003201e+134 1.385252e+135
1724 1.207580e+134 1.667476e+135
1725 1.453595e+134 2.007198e+135
1726 1.749731e+134 2.416134e+135
1727 2.106197e+134 2.908383e+135
1728 2.535286e+134 3.500922e+135
1729 3.051791e+134 4.214181e+135
1730 3.673522e+134 5.072756e+135
1731 4.421916e+134 6.106252e+135
1732 5.322779e+134 7.350309e+135
1733 6.407172e+134 8.847823e+135
1734 7.712486e+134 1.065043e+136
1735 9.283728e+134 1.282030e+136
1736 1.117507e+135 1.543225e+136
1737 1.345174e+135 1.857634e+136
1738 1.619223e+135 2.236099e+136
1739 1.949103e+135 2.691671e+136
1740 2.346188e+135 3.240060e+136
1741 2.824171e+135 3.900175e+136
1742 3.399533e+135 4.694779e+136
1743 4.092112e+135 5.651272e+136
1744 4.925788e+135 6.802637e+136
1745 5.929308e+135 8.188576e+136
1746 7.137273e+135 9.856881e+136
1747 8.591335e+135 1.186508e+137
1748 1.034163e+136 1.428242e+137
1749 1.244851e+136 1.719226e+137
1750 1.498462e+136 2.069495e+137
1751 1.803742e+136 2.491125e+137
1752 2.171215e+136 2.998657e+137
1753 2.613553e+136 3.609592e+137
1754 3.146008e+136 4.344996e+137
1755 3.786939e+136 5.230229e+137
1756 4.558447e+136 6.295816e+137
1757 5.487134e+136 7.578503e+137
1758 6.605021e+136 9.122519e+137
1759 7.950654e+136 1.098111e+138
1760 9.570432e+136 1.321836e+138
1761 1.152021e+137 1.591143e+138
1762 1.386721e+137 1.915317e+138
1763 1.669236e+137 2.305537e+138
1764 2.009308e+137 2.775259e+138
1765 2.418663e+137 3.340682e+138
1766 2.911416e+137 4.021302e+138
1767 3.504557e+137 4.840589e+138
1768 4.218538e+137 5.826796e+138
1769 5.077979e+137 7.013930e+138
1770 6.112514e+137 8.442928e+138
1771 7.357815e+137 1.016307e+139
1772 8.856821e+137 1.223366e+139
1773 1.066122e+138 1.472611e+139
1774 1.283323e+138 1.772637e+139
1775 1.544774e+138 2.133789e+139
1776 1.859491e+138 2.568522e+139
1777 2.238326e+138 3.091826e+139
1778 2.694340e+138 3.721747e+139
1779 3.243259e+138 4.480007e+139
1780 3.904009e+138 5.392753e+139
1781 4.699374e+138 6.491460e+139
1782 5.656780e+138 7.814015e+139
1783 6.809239e+138 9.406026e+139
1784 8.196490e+138 1.132239e+140
1785 9.866366e+138 1.362919e+140
1786 1.187645e+139 1.640597e+140
1787 1.429605e+139 1.974849e+140
1788 1.720859e+139 2.377201e+140
1789 2.071452e+139 2.861528e+140
1790 2.493471e+139 3.444530e+140
1791 3.001468e+139 4.146312e+140
1792 3.612961e+139 4.991075e+140
1793 4.349034e+139 6.007948e+140
1794 5.235068e+139 7.231998e+140
1795 6.301616e+139 8.705434e+140
1796 7.585453e+139 1.047907e+141
1797 9.130849e+139 1.261406e+141
1798 1.099109e+140 1.518403e+141
1799 1.323032e+140 1.827760e+141
1800 1.592576e+140 2.200145e+141
1801 1.917035e+140 2.648400e+141
1802 2.307596e+140 3.187982e+141
1803 2.777726e+140 3.837498e+141
1804 3.343638e+140 4.619346e+141
1805 4.024844e+140 5.560486e+141
1806 4.844834e+140 6.693374e+141
1807 5.831883e+140 8.057076e+141
1808 7.020026e+140 9.698618e+141
1809 8.450232e+140 1.167461e+142
1810 1.017182e+141 1.405318e+142
1811 1.224415e+141 1.691637e+142
1812 1.473868e+141 2.036290e+142
1813 1.774143e+141 2.451162e+142
1814 2.135594e+141 2.950560e+142
1815 2.570684e+141 3.551706e+142
1816 3.094416e+141 4.275329e+142
1817 3.724851e+141 5.146383e+142
1818 4.483725e+141 6.194905e+142
1819 5.397208e+141 7.457053e+142
1820 6.496797e+141 8.976351e+142
1821 7.820410e+141 1.080519e+143
1822 9.413687e+141 1.300664e+143
1823 1.133157e+142 1.565661e+143
1824 1.364019e+142 1.884649e+143
1825 1.641915e+142 2.268627e+143
1826 1.976428e+142 2.730837e+143
1827 2.379092e+142 3.287218e+143
1828 2.863793e+142 3.956956e+143
1829 3.447244e+142 4.763147e+143
1830 4.149563e+142 5.733592e+143
1831 4.994970e+142 6.901756e+143
1832 6.012614e+142 8.307922e+143
1833 7.237587e+142 1.000058e+144
1834 8.712129e+142 1.203810e+144
1835 1.048709e+143 1.449075e+144
1836 1.262366e+143 1.744311e+144
1837 1.519553e+143 2.099698e+144
1838 1.829138e+143 2.527491e+144
1839 2.201796e+143 3.042444e+144
1840 2.650378e+143 3.662314e+144
1841 3.190351e+143 4.408477e+144
1842 3.840335e+143 5.306663e+144
1843 4.622744e+143 6.387847e+144
1844 5.564556e+143 7.689313e+144
1845 6.698249e+143 9.255942e+144
1846 8.062915e+143 1.114176e+145
1847 9.705611e+143 1.341179e+145
1848 1.168298e+144 1.614432e+145
1849 1.406321e+144 1.943359e+145
1850 1.692838e+144 2.339301e+145
1851 2.037728e+144 2.815913e+145
1852 2.452885e+144 3.389631e+145
1853 2.952624e+144 4.080239e+145
1854 3.554177e+144 4.911552e+145
1855 4.278288e+144 5.912239e+145
1856 5.149926e+144 7.116807e+145
1857 6.199148e+144 8.566797e+145
1858 7.462134e+144 1.031221e+146
1859 8.982435e+144 1.241324e+146
1860 1.081248e+145 1.494233e+146
1861 1.301536e+145 1.798671e+146
1862 1.566706e+145 2.165135e+146
1863 1.885899e+145 2.606263e+146
1864 2.270125e+145 3.137268e+146
1865 2.732630e+145 3.776461e+146
1866 3.289365e+145 4.545885e+146
1867 3.959527e+145 5.472073e+146
1868 4.766225e+145 6.586964e+146
1869 5.737277e+145 7.929006e+146
1870 6.906168e+145 9.544479e+146
1871 8.313204e+145 1.148909e+147
1872 1.000690e+146 1.382991e+147
1873 1.204567e+146 1.664764e+147
1874 1.449982e+146 2.003947e+147
1875 1.745396e+146 2.412236e+147
1876 2.100996e+146 2.903711e+147
1877 2.529046e+146 3.495320e+147
1878 3.044305e+146 4.207465e+147
1879 3.664542e+146 5.064705e+147
1880 4.411143e+146 6.096601e+147
1881 5.309855e+146 7.338739e+147
1882 6.391668e+146 8.833953e+147
1883 7.693886e+146 1.063381e+148
1884 9.261415e+146 1.280037e+148
1885 1.114831e+147 1.540835e+148
1886 1.341963e+147 1.854769e+148
1887 1.615371e+147 2.232665e+148
1888 1.944482e+147 2.687555e+148
1889 2.340645e+147 3.235126e+148
1890 2.817522e+147 3.894260e+148
1891 3.391556e+147 4.687688e+148
1892 4.082543e+147 5.642773e+148
1893 4.914309e+147 6.792449e+148
1894 5.915538e+147 8.176364e+148
1895 7.120755e+147 9.842244e+148
1896 8.571521e+147 1.184753e+149
1897 1.031786e+148 1.426139e+149
1898 1.242000e+148 1.716705e+149
1899 1.495042e+148 2.066473e+149
1900 1.799639e+148 2.487503e+149
1901 2.166293e+148 Inf
