# step err_l2 res_l2
0 2.462974e-01 1.000000e+00
1 2.306118e-01 1.644589e+00
2 2.166504e-01 1.378244e+00
3 2.036517e-01 1.027167e+00
4 1.929620e-01 9.575952e-01
5 1.844128e-01 7.551979e-01
6 1.768851e-01 5.609127e-01
7 1.705470e-01 4.919947e-01
8 1.649851e-01 3.837438e-01
9 1.599605e-01 2.884557e-01
10 1.554956e-01 2.479383e-01
11 1.513674e-01 1.953248e-01
12 1.475398e-01 1.517073e-01
13 1.440107e-01 1.315077e-01
14 1.406763e-01 1.081235e-01
15 1.375328e-01 8.962988e-02
16 1.345736e-01 8.033584e-02
17 1.317504e-01 7.063932e-02
18 1.290610e-01 6.301937e-02
19 1.264988e-01 5.854623e-02
20 1.240402e-01 5.423224e-02
21 1.216818e-01 5.062172e-02
22 1.194179e-01 4.801556e-02
23 1.172359e-01 4.558662e-02
24 1.151322e-01 4.339964e-02
25 1.131021e-01 4.156800e-02
26 1.111383e-01 3.986781e-02
27 1.092374e-01 3.828039e-02
28 1.073957e-01 3.685329e-02
29 1.056085e-01 3.552211e-02
30 1.038728e-01 3.426581e-02
31 1.021857e-01 3.310349e-02
32 1.005441e-01 3.201359e-02
33 9.894546e-02 3.098253e-02
34 9.738751e-02 3.001693e-02
35 9.586787e-02 2.910776e-02
36 9.438461e-02 2.824691e-02
37 9.293591e-02 2.743573e-02
38 9.151998e-02 2.666937e-02
39 9.013528e-02 2.594282e-02
40 8.878035e-02 2.525539e-02
41 8.745382e-02 2.460392e-02
42 8.615446e-02 2.398508e-02
43 8.488111e-02 2.339752e-02
44 8.363269e-02 2.283894e-02
45 8.240821e-02 2.230697e-02
46 8.120675e-02 2.180018e-02
47 8.002745e-02 2.131678e-02
48 7.886950e-02 2.085502e-02
49 7.773217e-02 2.041359e-02
50 7.661476e-02 1.999108e-02
51 7.551662e-02 1.958615e-02
52 7.443715e-02 1.919768e-02
53 7.337577e-02 1.882456e-02
54 7.233195e-02 1.846574e-02
55 7.130520e-02 1.812030e-02
56 7.029504e-02 1.778737e-02
57 6.930103e-02 1.746611e-02
58 6.832275e-02 1.715580e-02
59 6.735980e-02 1.685573e-02
60 6.641182e-02 1.656526e-02
61 6.547845e-02 1.628379e-02
62 6.455935e-02 1.601079e-02
63 6.365420e-02 1.574574e-02
64 6.276270e-02 1.548818e-02
65 6.188457e-02 1.523768e-02
66 6.101951e-02 1.499383e-02
67 6.016727e-02 1.475627e-02
68 5.932759e-02 1.452466e-02
69 5.850024e-02 1.429869e-02
70 5.768497e-02 1.407806e-02
71 5.688156e-02 1.386251e-02
72 5.608980e-02 1.365179e-02
73 5.530948e-02 1.344567e-02
74 5.454039e-02 1.324394e-02
75 5.378234e-02 1.304640e-02
76 5.303514e-02 1.285288e-02
77 5.229861e-02 1.266319e-02
78 5.157257e-02 1.247720e-02
79 5.085685e-02 1.229474e-02
80 5.015128e-02 1.211569e-02
81 4.945570e-02 1.193993e-02
82 4.876995e-02 1.176732e-02
83 4.809387e-02 1.159777e-02
84 4.742731e-02 1.143118e-02
85 4.677014e-02 1.126744e-02
86 4.612220e-02 1.110647e-02
87 4.548334e-02 1.094819e-02
88 4.485345e-02 1.079251e-02
89 4.423237e-02 1.063937e-02
90 4.361999e-02 1.048870e-02
91 4.301616e-02 1.034042e-02
92 4.242077e-02 1.019449e-02
93 4.183369e-02 1.005083e-02
94 4.125479e-02 9.909398e-03
95 4.068397e-02 9.770140e-03
96 4.012109e-02 9.633006e-03
97 3.956606e-02 9.497948e-03
98 3.901874e-02 9.364922e-03
99 3.847904e-02 9.233885e-03
100 3.794684e-02 9.104796e-03
101 3.742204e-02 8.977616e-03
102 3.690453e-02 8.852307e-03
103 3.639421e-02 8.728834e-03
104 3.589097e-02 8.607161e-03
105 3.539472e-02 8.487256e-03
106 3.490535e-02 8.369087e-03
107 3.442278e-02 8.252623e-03
108 3.394689e-02 8.137833e-03
109 3.347761e-02 8.024689e-03
110 3.301483e-02 7.913162e-03
111 3.255847e-02 7.803227e-03
112 3.210843e-02 7.694856e-03
113 3.166462e-02 7.588023e-03
114 3.122697e-02 7.482705e-03
115 3.079538e-02 7.378876e-03
116 3.036977e-02 7.276514e-03
117 2.995005e-02 7.175594e-03
118 2.953615e-02 7.076095e-03
119 2.912797e-02 6.977996e-03
120 2.872545e-02 6.881273e-03
121 2.832851e-02 6.785907e-03
122 2.793705e-02 6.691877e-03
123 2.755102e-02 6.599164e-03
124 2.717033e-02 6.507747e-03
125 2.679491e-02 6.417607e-03
126 2.642469e-02 6.328725e-03
127 2.605959e-02 6.241084e-03
128 2.569954e-02 6.154664e-03
129 2.534448e-02 6.069449e-03
130 2.499433e-02 5.985420e-03
131 2.464902e-02 5.902561e-03
132 2.430849e-02 5.820854e-03
133 2.397268e-02 5.740284e-03
134 2.364151e-02 5.660833e-03
135 2.331492e-02 5.582486e-03
136 2.299286e-02 5.505228e-03
137 2.267524e-02 5.429042e-03
138 2.236203e-02 5.353914e-03
139 2.205314e-02 5.279829e-03
140 2.174853e-02 5.206771e-03
141 2.144814e-02 5.134726e-03
142 2.115190e-02 5.063681e-03
143 2.085975e-02 4.993620e-03
144 2.057165e-02 4.924531e-03
145 2.028754e-02 4.856399e-03
146 2.000735e-02 4.789212e-03
147 1.973105e-02 4.722955e-03
148 1.945856e-02 4.657616e-03
149 1.918984e-02 4.593183e-03
150 1.892484e-02 4.529641e-03
151 1.866351e-02 4.466980e-03
152 1.840579e-02 4.405186e-03
153 1.815164e-02 4.344248e-03
154 1.790100e-02 4.284154e-03
155 1.765383e-02 4.224891e-03
156 1.741008e-02 4.166449e-03
157 1.716970e-02 4.108816e-03
158 1.693264e-02 4.051980e-03
159 1.669887e-02 3.995931e-03
160 1.646832e-02 3.940658e-03
161 1.624097e-02 3.886150e-03
162 1.601676e-02 3.832396e-03
163 1.579566e-02 3.779386e-03
164 1.557761e-02 3.727110e-03
165 1.536258e-02 3.675556e-03
166 1.515052e-02 3.624717e-03
167 1.494139e-02 3.574580e-03
168 1.473516e-02 3.525137e-03
169 1.453178e-02 3.476378e-03
170 1.433122e-02 3.428294e-03
171 1.413343e-02 3.380875e-03
172 1.393837e-02 3.334112e-03
173 1.374601e-02 3.287996e-03
174 1.355632e-02 3.242518e-03
175 1.336924e-02 3.197669e-03
176 1.318476e-02 3.153441e-03
177 1.300283e-02 3.109824e-03
178 1.282341e-02 3.066811e-03
179 1.264647e-02 3.024393e-03
180 1.247199e-02 2.982561e-03
181 1.229991e-02 2.941308e-03
182 1.213022e-02 2.900626e-03
183 1.196287e-02 2.860507e-03
184 1.179784e-02 2.820942e-03
185 1.163509e-02 2.781925e-03
186 1.147460e-02 2.743447e-03
187 1.131632e-02 2.705502e-03
188 1.116023e-02 2.668081e-03
189 1.100630e-02 2.631178e-03
190 1.085450e-02 2.594786e-03
191 1.070480e-02 2.558897e-03
192 1.055717e-02 2.523504e-03
193 1.041159e-02 2.488601e-03
194 1.026801e-02 2.454180e-03
195 1.012643e-02 2.420236e-03
196 9.986799e-03 2.386761e-03
197 9.849102e-03 2.353750e-03
198 9.713310e-03 2.321194e-03
199 9.579396e-03 2.289089e-03
200 9.447335e-03 2.257429e-03
201 9.317100e-03 2.226206e-03
202 9.188667e-03 2.195415e-03
203 9.062011e-03 2.165050e-03
204 8.937106e-03 2.135104e-03
205 8.813930e-03 2.105573e-03
206 8.692457e-03 2.076451e-03
207 8.572665e-03 2.047731e-03
208 8.454530e-03 2.019409e-03
209 8.338029e-03 1.991478e-03
210 8.223140e-03 1.963933e-03
211 8.109840e-03 1.936770e-03
212 7.998108e-03 1.909982e-03
213 7.887921e-03 1.883565e-03
214 7.779258e-03 1.857513e-03
215 7.672099e-03 1.831821e-03
216 7.566422e-03 1.806485e-03
217 7.462207e-03 1.781500e-03
218 7.359434e-03 1.756859e-03
219 7.258082e-03 1.732560e-03
220 7.158133e-03 1.708597e-03
221 7.059566e-03 1.684965e-03
222 6.962363e-03 1.661660e-03
223 6.866505e-03 1.638677e-03
224 6.771973e-03 1.616012e-03
225 6.678748e-03 1.593661e-03
226 6.586814e-03 1.571619e-03
227 6.496151e-03 1.549882e-03
228 6.406743e-03 1.528445e-03
229 6.318571e-03 1.507305e-03
230 6.231620e-03 1.486457e-03
231 6.145871e-03 1.465898e-03
232 6.061309e-03 1.445623e-03
233 5.977917e-03 1.425628e-03
234 5.895678e-03 1.405910e-03
235 5.814578e-03 1.386465e-03
236 5.734599e-03 1.367288e-03
237 5.655727e-03 1.348377e-03
238 5.577946e-03 1.329728e-03
239 5.501242e-03 1.311336e-03
240 5.425599e-03 1.293199e-03
241 5.351002e-03 1.275312e-03
242 5.277438e-03 1.257673e-03
243 5.204891e-03 1.240278e-03
244 5.133349e-03 1.223124e-03
245 5.062796e-03 1.206207e-03
246 4.993219e-03 1.189523e-03
247 4.924606e-03 1.173071e-03
248 4.856941e-03 1.156846e-03
249 4.790213e-03 1.140845e-03
250 4.724409e-03 1.125066e-03
251 4.659515e-03 1.109505e-03
252 4.595519e-03 1.094160e-03
253 4.532409e-03 1.079026e-03
254 4.470172e-03 1.064102e-03
255 4.408796e-03 1.049384e-03
256 4.348270e-03 1.034870e-03
257 4.288581e-03 1.020557e-03
258 4.229719e-03 1.006441e-03
259 4.171671e-03 9.925210e-04
260 4.114426e-03 9.787933e-04
261 4.057974e-03 9.652555e-04
262 4.002303e-03 9.519049e-04
263 3.947403e-03 9.387390e-04
264 3.893263e-03 9.257551e-04
265 3.839871e-03 9.129509e-04
266 3.787219e-03 9.003237e-04
267 3.735296e-03 8.878712e-04
268 3.684092e-03 8.755910e-04
269 3.633596e-03 8.634806e-04
270 3.583799e-03 8.515376e-04
271 3.534692e-03 8.397599e-04
272 3.486265e-03 8.281451e-04
273 3.438507e-03 8.166909e-04
274 3.391412e-03 8.053951e-04
275 3.344968e-03 7.942556e-04
276 3.299167e-03 7.832701e-04
277 3.254000e-03 7.724366e-04
278 3.209459e-03 7.617530e-04
279 3.165534e-03 7.512170e-04
280 3.122218e-03 7.408269e-04
281 3.079501e-03 7.305804e-04
282 3.037376e-03 7.204756e-04
283 2.995834e-03 7.105106e-04
284 2.954868e-03 7.006835e-04
285 2.914469e-03 6.909922e-04
286 2.874629e-03 6.814350e-04
287 2.835341e-03 6.720100e-04
288 2.796598e-03 6.627153e-04
289 2.758391e-03 6.535492e-04
290 2.720713e-03 6.445099e-04
291 2.683557e-03 6.355956e-04
292 2.646916e-03 6.268046e-04
293 2.610782e-03 6.181352e-04
294 2.575149e-03 6.095857e-04
295 2.540010e-03 6.011544e-04
296 2.505357e-03 5.928398e-04
297 2.471185e-03 5.846401e-04
298 2.437486e-03 5.765539e-04
299 2.404255e-03 5.685795e-04
300 2.371483e-03 5.607154e-04
301 2.339166e-03 5.529600e-04
302 2.307297e-03 5.453120e-04
303 2.275870e-03 5.377697e-04
304 2.244878e-03 5.303317e-04
305 2.214315e-03 5.229966e-04
306 2.184177e-03 5.157630e-04
307 2.154456e-03 5.086294e-04
308 2.125147e-03 5.015945e-04
309 2.096245e-03 4.946569e-04
310 2.067743e-03 4.878152e-04
311 2.039637e-03 4.810682e-04
312 2.011921e-03 4.744145e-04
313 1.984589e-03 4.678528e-04
314 1.957636e-03 4.613818e-04
315 1.931056e-03 4.550004e-04
316 1.904846e-03 4.487072e-04
317 1.878999e-03 4.425011e-04
318 1.853511e-03 4.363808e-04
319 1.828377e-03 4.303452e-04
320 1.803591e-03 4.243930e-04
321 1.779149e-03 4.185232e-04
322 1.755047e-03 4.127345e-04
323 1.731279e-03 4.070259e-04
324 1.707841e-03 4.013963e-04
325 1.684729e-03 3.958445e-04
326 1.661937e-03 3.903696e-04
327 1.639462e-03 3.849703e-04
328 1.617299e-03 3.796457e-04
329 1.595444e-03 3.743948e-04
330 1.573893e-03 3.692165e-04
331 1.552641e-03 3.641098e-04
332 1.531684e-03 3.590738e-04
333 1.511019e-03 3.541074e-04
334 1.490640e-03 3.492096e-04
335 1.470545e-03 3.443797e-04
336 1.450730e-03 3.396165e-04
337 1.431190e-03 3.349192e-04
338 1.411921e-03 3.302869e-04
339 1.392921e-03 3.257187e-04
340 1.374185e-03 3.212136e-04
341 1.355709e-03 3.167709e-04
342 1.337491e-03 3.123896e-04
343 1.319526e-03 3.080689e-04
344 1.301812e-03 3.038079e-04
345 1.284343e-03 2.996059e-04
346 1.267119e-03 2.954620e-04
347 1.250134e-03 2.913755e-04
348 1.233385e-03 2.873454e-04
349 1.216870e-03 2.833711e-04
350 1.200585e-03 2.794517e-04
351 1.184527e-03 2.755866e-04
352 1.168693e-03 2.717749e-04
353 1.153080e-03 2.680160e-04
354 1.137684e-03 2.643090e-04
355 1.122503e-03 2.606533e-04
356 1.107534e-03 2.570482e-04
357 1.092774e-03 2.534929e-04
358 1.078220e-03 2.499868e-04
359 1.063869e-03 2.465292e-04
360 1.049719e-03 2.431194e-04
361 1.035766e-03 2.397568e-04
362 1.022008e-03 2.364407e-04
363 1.008443e-03 2.331705e-04
364 9.950670e-04 2.299455e-04
365 9.818782e-04 2.267651e-04
366 9.688739e-04 2.236286e-04
367 9.560516e-04 2.205356e-04
368 9.434088e-04 2.174853e-04
369 9.309430e-04 2.144773e-04
370 9.186518e-04 2.115108e-04
371 9.065328e-04 2.085854e-04
372 8.945837e-04 2.057004e-04
373 8.828021e-04 2.028553e-04
374 8.711858e-04 2.000496e-04
375 8.597325e-04 1.972827e-04
376 8.484399e-04 1.945541e-04
377 8.373059e-04 1.918632e-04
378 8.263283e-04 1.892095e-04
379 8.155049e-04 1.865925e-04
380 8.048337e-04 1.840117e-04
381 7.943127e-04 1.814666e-04
382 7.839396e-04 1.789567e-04
383 7.737126e-04 1.764816e-04
384 7.636296e-04 1.740406e-04
385 7.536886e-04 1.716334e-04
386 7.438878e-04 1.692595e-04
387 7.342253e-04 1.669185e-04
388 7.246990e-04 1.646098e-04
389 7.153073e-04 1.623331e-04
390 7.060482e-04 1.600878e-04
391 6.969200e-04 1.578736e-04
392 6.879209e-04 1.556901e-04
393 6.790491e-04 1.535367e-04
394 6.703028e-04 1.514131e-04
395 6.616805e-04 1.493189e-04
396 6.531804e-04 1.472536e-04
397 6.448008e-04 1.452170e-04
398 6.365402e-04 1.432084e-04
399 6.283968e-04 1.412277e-04
400 6.203692e-04 1.392744e-04
401 6.124557e-04 1.373480e-04
402 6.046548e-04 1.354484e-04
403 5.969650e-04 1.335750e-04
404 5.893848e-04 1.317275e-04
405 5.819127e-04 1.299055e-04
406 5.745472e-04 1.281088e-04
407 5.672869e-04 1.263369e-04
408 5.601304e-04 1.245895e-04
409 5.530762e-04 1.228663e-04
410 5.461230e-04 1.211669e-04
411 5.392695e-04 1.194910e-04
412 5.325142e-04 1.178383e-04
413 5.258559e-04 1.162085e-04
414 5.192933e-04 1.146012e-04
415 5.128250e-04 1.130161e-04
416 5.064499e-04 1.114530e-04
417 5.001665e-04 1.099115e-04
418 4.939738e-04 1.083913e-04
419 4.878705e-04 1.068921e-04
420 4.818553e-04 1.054137e-04
421 4.759272e-04 1.039557e-04
422 4.700849e-04 1.025179e-04
423 4.643273e-04 1.010999e-04
424 4.586533e-04 9.970159e-05
425 4.530616e-04 9.832261e-05
426 4.475513e-04 9.696269e-05
427 4.421213e-04 9.562159e-05
428 4.367704e-04 9.429903e-05
429 4.314976e-04 9.299477e-05
430 4.263019e-04 9.170855e-05
431 4.211822e-04 9.044011e-05
432 4.161375e-04 8.918923e-05
433 4.111668e-04 8.795564e-05
434 4.062691e-04 8.673911e-05
435 4.014435e-04 8.553941e-05
436 3.966890e-04 8.435630e-05
437 3.920046e-04 8.318956e-05
438 3.873894e-04 8.203895e-05
439 3.828424e-04 8.090426e-05
440 3.783629e-04 7.978526e-05
441 3.739498e-04 7.868174e-05
442 3.696022e-04 7.759349e-05
443 3.653194e-04 7.652028e-05
444 3.611005e-04 7.546192e-05
445 3.569445e-04 7.441819e-05
446 3.528507e-04 7.338891e-05
447 3.488182e-04 7.237385e-05
448 3.448462e-04 7.137284e-05
449 3.409339e-04 7.038567e-05
450 3.370805e-04 6.941216e-05
451 3.332853e-04 6.845211e-05
452 3.295474e-04 6.750534e-05
453 3.258660e-04 6.657167e-05
454 3.222405e-04 6.565090e-05
455 3.186701e-04 6.474288e-05
456 3.151541e-04 6.384741e-05
457 3.116917e-04 6.296433e-05
458 3.082822e-04 6.209346e-05
459 3.049248e-04 6.123464e-05
460 3.016190e-04 6.038769e-05
461 2.983641e-04 5.955246e-05
462 2.951592e-04 5.872878e-05
463 2.920039e-04 5.791650e-05
464 2.888973e-04 5.711545e-05
465 2.858389e-04 5.632548e-05
466 2.828281e-04 5.554643e-05
467 2.798641e-04 5.477816e-05
468 2.769463e-04 5.402052e-05
469 2.740742e-04 5.327335e-05
470 2.712471e-04 5.253652e-05
471 2.684643e-04 5.180988e-05
472 2.657255e-04 5.109329e-05
473 2.630298e-04 5.038661e-05
474 2.603767e-04 4.968971e-05
475 2.577658e-04 4.900244e-05
476 2.551963e-04 4.832469e-05
477 2.526677e-04 4.765630e-05
478 2.501795e-04 4.699716e-05
479 2.477312e-04 4.634714e-05
480 2.453221e-04 4.570610e-05
481 2.429518e-04 4.507393e-05
482 2.406197e-04 4.445051e-05
483 2.383253e-04 4.383571e-05
484 2.360680e-04 4.322941e-05
485 2.338475e-04 4.263150e-05
486 2.316631e-04 4.204186e-05
487 2.295143e-04 4.146037e-05
488 2.274008e-04 4.088693e-05
489 2.253219e-04 4.032142e-05
490 2.232773e-04 3.976372e-05
491 2.212663e-04 3.921375e-05
492 2.192887e-04 3.867138e-05
493 2.173438e-04 3.813651e-05
494 2.154312e-04 3.760904e-05
495 2.135506e-04 3.708886e-05
496 2.117013e-04 3.657588e-05
497 2.098831e-04 3.606999e-05
498 2.080954e-04 3.557110e-05
499 2.063378e-04 3.507912e-05
500 2.046099e-04 3.459393e-05
501 2.029113e-04 3.411546e-05
502 2.012415e-04 3.364360e-05
503 1.996001e-04 3.317827e-05
504 1.979867e-04 3.271938e-05
505 1.964010e-04 3.226683e-05
506 1.948424e-04 3.182055e-05
507 1.933107e-04 3.138043e-05
508 1.918053e-04 3.094641e-05
509 1.903260e-04 3.051838e-05
510 1.888724e-04 3.009628e-05
511 1.874440e-04 2.968001e-05
512 1.860404e-04 2.926951e-05
513 1.846615e-04 2.886467e-05
514 1.833066e-04 2.846544e-05
515 1.819755e-04 2.807173e-05
516 1.806679e-04 2.768347e-05
517 1.793834e-04 2.730058e-05
518 1.781215e-04 2.692298e-05
519 1.768821e-04 2.655060e-05
520 1.756646e-04 2.618338e-05
521 1.744689e-04 2.582123e-05
522 1.732945e-04 2.546410e-05
523 1.721411e-04 2.511190e-05
524 1.710084e-04 2.476457e-05
525 1.698961e-04 2.442205e-05
526 1.688039e-04 2.408427e-05
527 1.677314e-04 2.375115e-05
528 1.666783e-04 2.342265e-05
529 1.656443e-04 2.309869e-05
530 1.646291e-04 2.277920e-05
531 1.636324e-04 2.246414e-05
532 1.626540e-04 2.215344e-05
533 1.616934e-04 2.184703e-05
534 1.607504e-04 2.154486e-05
535 1.598248e-04 2.124687e-05
536 1.589162e-04 2.095300e-05
537 1.580244e-04 2.066320e-05
538 1.571491e-04 2.037740e-05
539 1.562900e-04 2.009556e-05
540 1.554468e-04 1.981762e-05
541 1.546193e-04 1.954352e-05
542 1.538072e-04 1.927321e-05
543 1.530103e-04 1.900664e-05
544 1.522282e-04 1.874375e-05
545 1.514608e-04 1.848451e-05
546 1.507078e-04 1.822884e-05
547 1.499689e-04 1.797672e-05
548 1.492439e-04 1.772808e-05
549 1.485326e-04 1.748288e-05
550 1.478347e-04 1.724107e-05
551 1.471499e-04 1.700261e-05
552 1.464781e-04 1.676744e-05
553 1.458191e-04 1.653553e-05
554 1.451725e-04 1.630683e-05
555 1.445382e-04 1.608128e-05
556 1.439160e-04 1.585886e-05
557 1.433056e-04 1.563952e-05
558 1.427069e-04 1.542320e-05
559 1.421195e-04 1.520988e-05
560 1.415434e-04 1.499951e-05
561 1.409783e-04 1.479205e-05
562 1.404240e-04 1.458746e-05
563 1.398803e-04 1.438570e-05
564 1.393471e-04 1.418673e-05
565 1.388241e-04 1.399051e-05
566 1.383111e-04 1.379701e-05
567 1.378079e-04 1.360618e-05
568 1.373145e-04 1.341799e-05
569 1.368305e-04 1.323240e-05
570 1.363559e-04 1.304938e-05
571 1.358904e-04 1.286890e-05
572 1.354338e-04 1.269091e-05
573 1.349861e-04 1.251538e-05
574 1.345470e-04 1.234227e-05
575 1.341164e-04 1.217157e-05
576 1.336940e-04 1.200322e-05
577 1.332799e-04 1.183720e-05
578 1.328737e-04 1.167348e-05
579 1.324754e-04 1.151202e-05
580 1.320848e-04 1.135280e-05
581 1.317017e-04 1.119578e-05
582 1.313260e-04 1.104093e-05
583 1.309576e-04 1.088822e-05
584 1.305963e-04 1.073762e-05
585 1.302420e-04 1.058911e-05
586 1.298946e-04 1.044265e-05
587 1.295538e-04 1.029821e-05
588 1.292197e-04 1.015578e-05
589 1.288920e-04 1.001531e-05
590 1.285706e-04 9.876789e-06
591 1.282555e-04 9.740182e-06
592 1.279464e-04 9.605464e-06
593 1.276433e-04 9.472610e-06
594 1.273460e-04 9.341593e-06
595 1.270544e-04 9.212388e-06
596 1.267685e-04 9.084970e-06
597 1.264881e-04 8.959315e-06
598 1.262131e-04 8.835397e-06
599 1.259434e-04 8.713194e-06
600 1.256789e-04 8.592680e-06
601 1.254194e-04 8.473834e-06
602 1.251650e-04 8.356631e-06
603 1.249154e-04 8.241050e-06
604 1.246706e-04 8.127066e-06
605 1.244305e-04 8.014660e-06
606 1.241951e-04 7.903808e-06
607 1.239641e-04 7.794489e-06
608 1.237375e-04 7.686683e-06
609 1.235153e-04 7.580367e-06
610 1.232973e-04 7.475522e-06
611 1.230835e-04 7.372127e-06
612 1.228737e-04 7.270162e-06
613 1.226680e-04 7.169608e-06
614 1.224661e-04 7.070444e-06
615 1.222681e-04 6.972652e-06
616 1.220739e-04 6.876212e-06
617 1.218833e-04 6.781106e-06
618 1.216963e-04 6.687316e-06
619 1.215129e-04 6.594823e-06
620 1.213330e-04 6.503609e-06
621 1.211564e-04 6.413657e-06
622 1.209832e-04 6.324948e-06
623 1.208132e-04 6.237467e-06
624 1.206465e-04 6.151196e-06
625 1.204828e-04 6.066118e-06
626 1.203223e-04 5.982217e-06
627 1.201647e-04 5.899476e-06
628 1.200101e-04 5.817879e-06
629 1.198584e-04 5.737411e-06
630 1.197095e-04 5.658057e-06
631 1.195634e-04 5.579799e-06
632 1.194200e-04 5.502624e-06
633 1.192793e-04 5.426517e-06
634 1.191412e-04 5.351462e-06
635 1.190057e-04 5.277445e-06
636 1.188726e-04 5.204452e-06
637 1.187420e-04 5.132469e-06
638 1.186139e-04 5.061481e-06
639 1.184880e-04 4.991475e-06
640 1.183646e-04 4.922437e-06
641 1.182433e-04 4.854354e-06
642 1.181243e-04 4.787213e-06
643 1.180075e-04 4.721000e-06
644 1.178928e-04 4.655703e-06
645 1.177802e-04 4.591310e-06
646 1.176697e-04 4.527807e-06
647 1.175611e-04 4.465182e-06
648 1.174546e-04 4.403423e-06
649 1.173500e-04 4.342519e-06
650 1.172472e-04 4.282457e-06
651 1.171464e-04 4.223226e-06
652 1.170473e-04 4.164814e-06
653 1.169500e-04 4.107210e-06
654 1.168545e-04 4.050402e-06
655 1.167607e-04 3.994381e-06
656 1.166686e-04 3.939134e-06
657 1.165781e-04 3.884651e-06
658 1.164893e-04 3.830922e-06
659 1.164020e-04 3.777936e-06
660 1.163163e-04 3.725683e-06
661 1.162321e-04 3.674153e-06
662 1.161494e-04 3.623335e-06
663 1.160682e-04 3.573220e-06
664 1.159884e-04 3.523798e-06
665 1.159100e-04 3.475060e-06
666 1.158330e-04 3.426996e-06
667 1.157573e-04 3.379597e-06
668 1.156830e-04 3.332853e-06
669 1.156100e-04 3.286756e-06
670 1.155383e-04 3.241297e-06
671 1.154678e-04 3.196466e-06
672 1.153985e-04 3.152255e-06
673 1.153305e-04 3.108656e-06
674 1.152636e-04 3.065660e-06
675 1.151979e-04 3.023258e-06
676 1.151333e-04 2.981443e-06
677 1.150699e-04 2.940206e-06
678 1.150075e-04 2.899540e-06
679 1.149462e-04 2.859436e-06
680 1.148860e-04 2.819887e-06
681 1.148268e-04 2.780884e-06
682 1.147686e-04 2.742422e-06
683 1.147115e-04 2.704491e-06
684 1.146553e-04 2.667085e-06
685 1.146000e-04 2.630196e-06
686 1.145457e-04 2.593817e-06
687 1.144923e-04 2.557942e-06
688 1.144398e-04 2.522563e-06
689 1.143882e-04 2.487673e-06
690 1.143375e-04 2.453265e-06
691 1.142877e-04 2.419334e-06
692 1.142386e-04 2.385872e-06
693 1.141904e-04 2.352872e-06
694 1.141431e-04 2.320330e-06
695 1.140965e-04 2.288237e-06
696 1.140507e-04 2.256588e-06
697 1.140056e-04 2.225377e-06
698 1.139613e-04 2.194597e-06
699 1.139177e-04 2.164243e-06
700 1.138749e-04 2.134309e-06
701 1.138328e-04 2.104790e-06
702 1.137914e-04 2.075678e-06
703 1.137506e-04 2.046969e-06
704 1.137105e-04 2.018657e-06
705 1.136711e-04 1.990737e-06
706 1.136324e-04 1.963203e-06
707 1.135943e-04 1.936049e-06
708 1.135568e-04 1.909272e-06
709 1.135199e-04 1.882864e-06
710 1.134836e-04 1.856822e-06
711 1.134479e-04 1.831140e-06
712 1.134128e-04 1.805813e-06
713 1.133783e-04 1.780837e-06
714 1.133443e-04 1.756206e-06
715 1.133109e-04 1.731916e-06
716 1.132780e-04 1.707961e-06
717 1.132456e-04 1.684338e-06
718 1.132138e-04 1.661042e-06
719 1.131825e-04 1.638068e-06
720 1.131517e-04 1.615411e-06
721 1.131214e-04 1.593068e-06
722 1.130915e-04 1.571034e-06
723 1.130622e-04 1.549305e-06
724 1.130333e-04 1.527877e-06
725 1.130049e-04 1.506744e-06
726 1.129769e-04 1.485904e-06
727 1.129494e-04 1.465353e-06
728 1.129223e-04 1.445085e-06
729 1.128957e-04 1.425098e-06
730 1.128694e-04 1.405387e-06
731 1.128436e-04 1.385949e-06
732 1.128182e-04 1.366780e-06
733 1.127932e-04 1.347876e-06
734 1.127686e-04 1.329233e-06
735 1.127444e-04 1.310848e-06
736 1.127205e-04 1.292718e-06
737 1.126971e-04 1.274838e-06
738 1.126740e-04 1.257206e-06
739 1.126512e-04 1.239817e-06
740 1.126289e-04 1.222669e-06
741 1.126068e-04 1.205758e-06
742 1.125851e-04 1.189081e-06
743 1.125638e-04 1.172635e-06
744 1.125428e-04 1.156416e-06
745 1.125221e-04 1.140421e-06
746 1.125017e-04 1.124648e-06
747 1.124817e-04 1.109093e-06
748 1.124619e-04 1.093753e-06
749 1.124425e-04 1.078625e-06
750 1.124233e-04 1.063706e-06
751 1.124045e-04 1.048994e-06
752 1.123859e-04 1.034485e-06
753 1.123677e-04 1.020177e-06
754 1.123497e-04 1.006067e-06
755 1.123320e-04 9.921520e-07
756 1.123145e-04 9.784294e-07
757 1.122974e-04 9.648966e-07
758 1.122805e-04 9.515510e-07
759 1.122638e-04 9.383900e-07
760 1.122474e-04 9.254110e-07
761 1.122313e-04 9.126115e-07
762 1.122154e-04 8.999890e-07
763 1.121997e-04 8.875412e-07
764 1.121843e-04 8.752654e-07
765 1.121691e-04 8.631595e-07
766 1.121542e-04 8.512211e-07
767 1.121394e-04 8.394477e-07
768 1.121249e-04 8.278372e-07
769 1.121106e-04 8.163873e-07
770 1.120966e-04 8.050957e-07
771 1.120827e-04 7.939603e-07
772 1.120691e-04 7.829789e-07
773 1.120556e-04 7.721495e-07
774 1.120424e-04 7.614698e-07
775 1.120293e-04 7.509378e-07
776 1.120165e-04 7.405514e-07
777 1.120038e-04 7.303088e-07
778 1.119914e-04 7.202078e-07
779 1.119791e-04 7.102465e-07
780 1.119670e-04 7.004230e-07
781 1.119551e-04 6.907353e-07
782 1.119433e-04 6.811817e-07
783 1.119318e-04 6.717602e-07
784 1.119204e-04 6.624690e-07
785 1.119092e-04 6.533063e-07
786 1.118981e-04 6.442703e-07
787 1.118872e-04 6.353593e-07
788 1.118765e-04 6.265716e-07
789 1.118659e-04 6.179054e-07
790 1.118555e-04 6.093590e-07
791 1.118453e-04 6.009309e-07
792 1.118352e-04 5.926194e-07
793 1.118252e-04 5.844228e-07
794 1.118154e-04 5.763395e-07
795 1.118057e-04 5.683681e-07
796 1.117962e-04 5.605069e-07
797 1.117868e-04 5.527545e-07
798 1.117776e-04 5.451093e-07
799 1.117685e-04 5.375698e-07
800 1.117595e-04 5.301346e-07
801 1.117507e-04 5.228022e-07
802 1.117420e-04 5.155713e-07
803 1.117334e-04 5.084403e-07
804 1.117249e-04 5.014080e-07
805 1.117166e-04 4.944730e-07
806 1.117084e-04 4.876339e-07
807 1.117003e-04 4.808893e-07
808 1.116923e-04 4.742381e-07
809 1.116845e-04 4.676788e-07
810 1.116767e-04 4.612103e-07
811 1.116691e-04 4.548312e-07
812 1.116616e-04 4.485404e-07
813 1.116542e-04 4.423366e-07
814 1.116469e-04 4.362186e-07
815 1.116397e-04 4.301852e-07
816 1.116326e-04 4.242352e-07
817 1.116256e-04 4.183676e-07
818 1.116187e-04 4.125811e-07
819 1.116119e-04 4.068746e-07
820 1.116052e-04 4.012471e-07
821 1.115986e-04 3.956974e-07
822 1.115921e-04 3.902244e-07
823 1.115857e-04 3.848272e-07
824 1.115794e-04 3.795046e-07
825 1.115732e-04 3.742556e-07
826 1.115671e-04 3.690792e-07
827 1.115610e-04 3.639744e-07
828 1.115551e-04 3.589403e-07
829 1.115492e-04 3.539757e-07
830 1.115435e-04 3.490798e-07
831 1.115378e-04 3.442517e-07
832 1.115321e-04 3.394903e-07
833 1.115266e-04 3.347947e-07
834 1.115212e-04 3.301641e-07
835 1.115158e-04 3.255976e-07
836 1.115105e-04 3.210942e-07
837 1.115053e-04 3.166531e-07
838 1.115001e-04 3.122734e-07
839 1.114950e-04 3.079543e-07
840 1.114900e-04 3.036950e-07
841 1.114851e-04 2.994945e-07
842 1.114802e-04 2.953522e-07
843 1.114755e-04 2.912671e-07
844 1.114707e-04 2.872386e-07
845 1.114661e-04 2.832657e-07
846 1.114615e-04 2.793479e-07
847 1.114570e-04 2.754842e-07
848 1.114525e-04 2.716739e-07
849 1.114481e-04 2.679163e-07
850 1.114438e-04 2.642108e-07
851 1.114395e-04 2.605564e-07
852 1.114353e-04 2.569526e-07
853 1.114312e-04 2.533987e-07
854 1.114271e-04 2.498939e-07
855 1.114231e-04 2.464376e-07
856 1.114191e-04 2.430291e-07
857 1.114152e-04 2.396677e-07
858 1.114113e-04 2.363528e-07
859 1.114075e-04 2.330838e-07
860 1.114037e-04 2.298600e-07
861 1.114001e-04 2.266808e-07
862 1.113964e-04 2.235455e-07
863 1.113928e-04 2.204536e-07
864 1.113893e-04 2.174045e-07
865 1.113858e-04 2.143975e-07
866 1.113823e-04 2.114322e-07
867 1.113789e-04 2.085078e-07
868 1.113756e-04 2.056239e-07
869 1.113723e-04 2.027799e-07
870 1.113691e-04 1.999752e-07
871 1.113658e-04 1.972094e-07
872 1.113627e-04 1.944817e-07
873 1.113596e-04 1.917918e-07
874 1.113565e-04 1.891391e-07
875 1.113535e-04 1.865231e-07
876 1.113505e-04 1.839433e-07
877 1.113475e-04 1.813992e-07
878 1.113446e-04 1.788902e-07
879 1.113418e-04 1.764159e-07
880 1.113390e-04 1.739759e-07
881 1.113362e-04 1.715696e-07
882 1.113334e-04 1.691966e-07
883 1.113307e-04 1.668564e-07
884 1.113281e-04 1.645486e-07
885 1.113255e-04 1.622727e-07
886 1.113229e-04 1.600283e-07
887 1.113203e-04 1.578149e-07
888 1.113178e-04 1.556322e-07
889 1.113153e-04 1.534796e-07
890 1.113129e-04 1.513568e-07
891 1.113105e-04 1.492634e-07
892 1.113081e-04 1.471989e-07
893 1.113057e-04 1.451630e-07
894 1.113034e-04 1.431552e-07
895 1.113012e-04 1.411752e-07
896 1.112989e-04 1.392226e-07
897 1.112967e-04 1.372970e-07
898 1.112945e-04 1.353980e-07
899 1.112924e-04 1.335253e-07
900 1.112902e-04 1.316785e-07
901 1.112881e-04 1.298572e-07
902 1.112861e-04 1.280612e-07
903 1.112840e-04 1.262899e-07
904 1.112820e-04 1.245432e-07
905 1.112801e-04 1.228206e-07
906 1.112781e-04 1.211219e-07
907 1.112762e-04 1.194466e-07
908 1.112743e-04 1.177945e-07
909 1.112724e-04 1.161653e-07
910 1.112706e-04 1.145586e-07
911 1.112688e-04 1.129741e-07
912 1.112670e-04 1.114116e-07
913 1.112652e-04 1.098706e-07
914 1.112635e-04 1.083510e-07
915 1.112618e-04 1.068524e-07
916 1.112601e-04 1.053745e-07
917 1.112584e-04 1.039170e-07
918 1.112567e-04 1.024797e-07
919 1.112551e-04 1.010623e-07
920 1.112535e-04 9.966453e-08
921 1.112519e-04 9.828605e-08
922 1.112504e-04 9.692665e-08
923 1.112489e-04 9.558604e-08
924 1.112473e-04 9.426398e-08
925 1.112459e-04 9.296020e-08
926 1.112444e-04 9.167445e-08
927 1.112429e-04 9.040649e-08
928 1.112415e-04 8.915607e-08
929 1.112401e-04 8.792294e-08
930 1.112387e-04 8.670686e-08
931 1.112373e-04 8.550761e-08
932 1.112360e-04 8.432494e-08
933 1.112347e-04 8.315863e-08
934 1.112333e-04 8.200846e-08
935 1.112320e-04 8.087419e-08
936 1.112308e-04 7.975560e-08
937 1.112295e-04 7.865249e-08
938 1.112283e-04 7.756464e-08
939 1.112270e-04 7.649183e-08
940 1.112258e-04 7.543386e-08
941 1.112246e-04 7.439053e-08
942 1.112235e-04 7.336162e-08
943 1.112223e-04 7.234695e-08
944 1.112212e-04 7.134631e-08
945 1.112200e-04 7.035951e-08
946 1.112189e-04 6.938636e-08
947 1.112178e-04 6.842666e-08
948 1.112168e-04 6.748025e-08
949 1.112157e-04 6.654692e-08
950 1.112147e-04 6.562650e-08
951 1.112136e-04 6.471881e-08
952 1.112126e-04 6.382367e-08
953 1.112116e-04 6.294092e-08
954 1.112106e-04 6.207038e-08
955 1.112096e-04 6.121187e-08
956 1.112087e-04 6.036524e-08
957 1.112077e-04 5.953032e-08
958 1.112068e-04 5.870695e-08
959 1.112058e-04 5.789497e-08
960 1.112049e-04 5.709421e-08
961 1.112040e-04 5.630454e-08
962 1.112032e-04 5.552578e-08
963 1.112023e-04 5.475780e-08
964 1.112014e-04 5.400043e-08
965 1.112006e-04 5.325355e-08
966 1.111997e-04 5.251699e-08
967 1.111989e-04 5.179062e-08
968 1.111981e-04 5.107430e-08
969 1.111973e-04 5.036788e-08
970 1.111965e-04 4.967124e-08
971 1.111957e-04 4.898423e-08
972 1.111949e-04 4.830672e-08
973 1.111942e-04 4.763858e-08
974 1.111934e-04 4.697969e-08
975 1.111927e-04 4.632991e-08
976 1.111920e-04 4.568911e-08
977 1.111912e-04 4.505718e-08
978 1.111905e-04 4.443399e-08
979 1.111898e-04 4.381941e-08
980 1.111891e-04 4.321334e-08
981 1.111885e-04 4.261565e-08
982 1.111878e-04 4.202623e-08
983 1.111871e-04 4.144496e-08
984 1.111865e-04 4.087173e-08
985 1.111858e-04 4.030643e-08
986 1.111852e-04 3.974894e-08
987 1.111846e-04 3.919917e-08
988 1.111840e-04 3.865700e-08
989 1.111834e-04 3.812233e-08
990 1.111828e-04 3.759505e-08
991 1.111822e-04 3.707507e-08
992 1.111816e-04 3.656228e-08
993 1.111810e-04 3.605658e-08
994 1.111805e-04 3.555788e-08
995 1.111799e-04 3.506608e-08
996 1.111793e-04 3.458107e-08
997 1.111788e-04 3.410278e-08
998 1.111783e-04 3.363110e-08
999 1.111777e-04 3.316594e-08
1000 1.111772e-04 3.270722e-08
1001 1.111767e-04 3.225484e-08
1002 1.111762e-04 3.180872e-08
1003 1.111757e-04 3.136877e-08
1004 1.111752e-04 3.093490e-08
1005 1.111747e-04 3.050704e-08
1006 1.111742e-04 3.008509e-08
1007 1.111738e-04 2.966898e-08
1008 1.111733e-04 2.925862e-08
1009 1.111728e-04 2.885394e-08
1010 1.111724e-04 2.845486e-08
1011 1.111719e-04 2.806130e-08
1012 1.111715e-04 2.767318e-08
1013 1.111711e-04 2.729043e-08
1014 1.111706e-04 2.691297e-08
1015 1.111702e-04 2.654073e-08
1016 1.111698e-04 2.617364e-08
1017 1.111694e-04 2.581163e-08
1018 1.111690e-04 2.545463e-08
1019 1.111686e-04 2.510256e-08
1020 1.111682e-04 2.475537e-08
1021 1.111678e-04 2.441297e-08
1022 1.111674e-04 2.407531e-08
1023 1.111671e-04 2.374232e-08
1024 1.111667e-04 2.341394e-08
1025 1.111663e-04 2.309010e-08
1026 1.111660e-04 2.277074e-08
1027 1.111656e-04 2.245579e-08
1028 1.111652e-04 2.214520e-08
1029 1.111649e-04 2.183891e-08
1030 1.111646e-04 2.153685e-08
1031 1.111642e-04 2.123897e-08
1032 1.111639e-04 2.094521e-08
1033 1.111636e-04 2.065552e-08
1034 1.111632e-04 2.036983e-08
1035 1.111629e-04 2.008809e-08
1036 1.111626e-04 1.981025e-08
1037 1.111623e-04 1.953625e-08
1038 1.111620e-04 1.926604e-08
1039 1.111617e-04 1.899957e-08
1040 1.111614e-04 1.873679e-08
1041 1.111611e-04 1.847763e-08
1042 1.111608e-04 1.822207e-08
1043 1.111605e-04 1.797004e-08
1044 1.111602e-04 1.772149e-08
1045 1.111600e-04 1.747638e-08
1046 1.111597e-04 1.723466e-08
1047 1.111594e-04 1.699629e-08
1048 1.111591e-04 1.676121e-08
1049 1.111589e-04 1.652938e-08
1050 1.111586e-04 1.630076e-08
1051 1.111584e-04 1.607531e-08
1052 1.111581e-04 1.585297e-08
1053 1.111579e-04 1.563370e-08
1054 1.111576e-04 1.541747e-08
1055 1.111574e-04 1.520423e-08
1056 1.111571e-04 1.499394e-08
1057 1.111569e-04 1.478655e-08
1058 1.111567e-04 1.458204e-08
1059 1.111564e-04 1.438035e-08
1060 1.111562e-04 1.418146e-08
1061 1.111560e-04 1.398531e-08
1062 1.111558e-04 1.379188e-08
1063 1.111556e-04 1.360112e-08
1064 1.111554e-04 1.341300e-08
1065 1.111551e-04 1.322748e-08
1066 1.111549e-04 1.304453e-08
1067 1.111547e-04 1.286411e-08
1068 1.111545e-04 1.268619e-08
1069 1.111543e-04 1.251072e-08
1070 1.111541e-04 1.233769e-08
1071 1.111539e-04 1.216704e-08
1072 1.111538e-04 1.199876e-08
1073 1.111536e-04 1.183280e-08
1074 1.111534e-04 1.166914e-08
1075 1.111532e-04 1.150774e-08
1076 1.111530e-04 1.134858e-08
1077 1.111528e-04 1.119161e-08
1078 1.111527e-04 1.103682e-08
1079 1.111525e-04 1.088417e-08
1080 1.111523e-04 1.073363e-08
1081 1.111522e-04 1.058517e-08
1082 1.111520e-04 1.043877e-08
1083 1.111518e-04 1.029439e-08
1084 1.111517e-04 1.015200e-08
1085 1.111515e-04 1.001159e-08
1086 1.111513e-04 9.873117e-09
