err_l2 = 6.171213317589252e-5
steps = 360
runtime_s = 1.3405380249023438
err_max = 0.00014131398918149074
mg_levels_used = 5
history_file = "history_nx64_ny64_nz64_M4_steps360.txt"
res_l2 = 9.167169e-9
exact_plot = "exact_nx64_ny64_nz64.png"
error_plot = "error_nx64_ny64_nz64_M4_steps360.png"

[mg_coarsest_grid]
nz = 4
nx = 4
ny = 4
