err_l2 = 2.7829277718953056e-05
steps = 115
runtime_s = 1.148284912109375
err_max = 0.00014661804020799085
history_file = "history_cg_nx128_ny128_nz128_steps115.txt"
exact_plot = "exact_nx128_ny128_nz128.png"
error_plot = "error_nx128_ny128_nz128_M10_steps115.png"
res_l2 = 5.084346e-09
