err_l2 = 6.971738907359053e-06
steps = 169
runtime_s = 25.696593046188354
err_max = 3.715703963758088e-05
history_file = "history_cg_nx256_ny256_nz256_steps169.txt"
exact_plot = "exact_nx256_ny256_nz256.png"
error_plot = "error_nx256_ny256_nz256_M10_steps169.png"
res_l2 = 8.424842e-09
